DATETIME,L_T1,L_T2,L_T3,L_T4,L_T5,L_T6,L_T7,F_PU1,S_PU1,F_PU2,S_PU2,F_PU3,S_PU3,F_PU4,S_PU4,F_PU5,S_PU5,F_PU6,S_PU6,F_PU7,S_PU7,F_PU8,S_PU8,F_PU9,S_PU9,F_PU10,S_PU10,F_PU11,S_PU11,F_V2,S_V2,P_J280,P_J269,P_J300,P_J256,P_J289,P_J415,P_J302,P_J306,P_J307,P_J317,P_J14,P_J422,ATT_FLAG
04/07/16 00, 2.44, 5.24, 3.19, 4.10, 2.86, 5.50, 4.39, 93.63, 1.00, 93.65, 1.00, 0.00, 0.00, 0.00, 0.00, 0.00, 0.00, 0.00, 0.00, 49.84, 1.00, 35.54, 1.00, 0.00, 0.00, 29.87, 1.00, 0.00, 0.00, 0.00, 0.00, 2.98, 36.38, 28.26, 70.00, 28.22, 85.87, 21.69, 82.72, 21.58, 71.99, 39.33, 29.64, -999
04/07/16 01, 2.66, 4.53, 3.20, 4.18, 3.29, 5.44, 4.53, 89.41, 1.00, 89.43, 1.00, 0.00, 0.00, 34.26, 1.00, 0.00, 0.00, 0.00, 0.00, 48.38, 1.00, 37.83, 1.00, 0.00, 0.00, 0.00, 0.00, 0.00, 0.00, 0.00, 0.00, 2.98, 38.60, 24.39, 87.73, 24.45, 84.87, 29.81, 86.62, 29.81, 59.76, 42.17, 26.15, -999
04/07/16 02, 3.11, 3.66, 3.66, 4.21, 3.87, 5.15, 3.22, 89.88, 1.00, 89.89, 1.00, 0.00, 0.00, 32.97, 1.00, 0.00, 0.00, 0.00, 0.00, 46.84, 1.00, 37.31, 1.00, 0.00, 0.00, 0.00, 0.00, 0.00, 0.00, 0.00, 0.00, 2.98, 38.36, 23.84, 89.29, 23.90, 87.11, 29.85, 87.64, 29.85, 58.50, 42.00, 25.56, -999
04/07/16 03, 3.62, 3.04, 4.17, 4.04, 3.56, 4.98, 2.40, 88.10, 1.00, 88.12, 1.00, 0.00, 0.00, 33.27, 1.00, 0.00, 0.00, 0.00, 0.00, 0.00, 0.00, 0.00, 0.00, 0.00, 0.00, 32.68, 1.00, 0.00, 0.00, 0.00, 0.00, 2.98, 39.29, 27.00, 91.98, 27.10, 68.75, 31.60, 64.25, 31.47, 72.30, 43.24, 28.38, -999
04/07/16 04, 4.08, 2.68, 4.73, 3.20, 3.11, 5.39, 3.46, 87.01, 1.00, 87.03, 1.00, 0.00, 0.00, 32.99, 1.00, 0.00, 0.00, 0.00, 0.00, 0.00, 0.00, 0.00, 0.00, 0.00, 0.00, 32.81, 1.00, 0.00, 0.00, 0.00, 0.00, 2.98, 39.85, 26.67, 92.11, 26.76, 68.74, 32.30, 64.23, 32.17, 72.53, 44.00, 28.04, -999
04/07/16 05, 4.53, 2.10, 5.26, 3.29, 2.76, 5.50, 4.67, 110.09, 1.00, 0.00, 0.00, 0.00, 0.00, 30.43, 1.00, 0.00, 0.00, 0.00, 0.00, 46.60, 1.00, 0.00, 0.00, 0.00, 0.00, 30.26, 1.00, 0.00, 0.00, 0.00, 0.00, 2.99, 27.41, 22.59, 91.94, 22.64, 86.26, 30.41, 63.36, 30.30, 79.47, 39.76, 24.28, -999
04/07/16 06, 4.84, 1.57, 5.12, 3.90, 2.29, 5.30, 3.90, 107.71, 1.00, 0.00, 0.00, 0.00, 0.00, 0.00, 0.00, 0.00, 0.00, 0.00, 0.00, 47.35, 1.00, 0.00, 0.00, 0.00, 0.00, 0.00, 0.00, 0.00, 0.00, 0.00, 0.00, 2.99, 28.74, 24.78, 75.29, 24.74, 87.03, 33.98, 63.13, 33.98, 59.47, 41.24, 26.13, -999
04/07/16 07, 5.19, 1.07, 4.85, 4.45, 1.87, 5.00, 2.66, 110.23, 1.00, 0.00, 0.00, 0.00, 0.00, 0.00, 0.00, 0.00, 0.00, 0.00, 0.00, 47.66, 1.00, 0.00, 0.00, 0.00, 0.00, 0.00, 0.00, 0.00, 0.00, 0.00, 0.00, 2.99, 27.33, 24.25, 73.65, 24.22, 85.95, 33.22, 61.75, 33.22, 55.73, 40.05, 25.61, -999
04/07/16 08, 5.22, 0.94, 4.52, 3.51, 1.55, 5.09, 2.48, 111.38, 1.00, 0.00, 0.00, 0.00, 0.00, 0.00, 0.00, 0.00, 0.00, 0.00, 0.00, 0.00, 0.00, 37.03, 1.00, 0.00, 0.00, 31.53, 1.00, 0.00, 0.00, 0.00, 0.00, 2.99, 26.68, 25.94, 71.43, 25.94, 57.78, 22.73, 81.09, 22.61, 67.51, 39.26, 27.13, -999
04/07/16 09, 5.11, 0.68, 4.11, 2.41, 1.77, 5.27, 2.57, 112.78, 1.00, 0.00, 0.00, 0.00, 0.00, 0.00, 0.00, 0.00, 0.00, 0.00, 0.00, 48.44, 1.00, 36.30, 1.00, 0.00, 0.00, 31.38, 1.00, 0.00, 0.00, 0.00, 0.00, 2.99, 25.89, 23.81, 67.55, 23.77, 84.09, 22.21, 81.90, 22.10, 67.53, 38.59, 25.17, -999
04/07/16 10, 4.73, 0.62, 3.59, 2.66, 2.13, 5.43, 2.63, 117.50, 1.00, 0.00, 0.00, 0.00, 0.00, 0.00, 0.00, 0.00, 0.00, 0.00, 0.00, 50.13, 1.00, 35.33, 1.00, 0.00, 0.00, 30.91, 1.00, 0.00, 0.00, 88.73, 1.00, 2.99, 23.19, 26.55, 71.49, 26.51, 83.59, 19.96, 81.37, 19.85, 66.85, 29.13, 28.23, -999
04/07/16 11, 4.24, 1.01, 3.22, 2.52, 2.50, 5.50, 2.53, 118.65, 1.00, 0.00, 0.00, 0.00, 0.00, 0.00, 0.00, 0.00, 0.00, 0.00, 0.00, 49.76, 1.00, 34.44, 1.00, 0.00, 0.00, 30.27, 1.00, 0.00, 0.00, 82.43, 1.00, 2.99, 22.53, 26.65, 71.99, 26.61, 84.42, 19.57, 82.51, 19.47, 68.58, 29.19, 28.29, -999
04/07/16 12, 3.74, 1.23, 3.17, 2.67, 3.03, 5.50, 2.70, 118.91, 1.00, 0.00, 0.00, 0.00, 0.00, 34.87, 1.00, 0.00, 0.00, 0.00, 0.00, 48.57, 1.00, 34.77, 1.00, 0.00, 0.00, 30.14, 1.00, 0.00, 0.00, 85.34, 1.00, 2.99, 22.38, 25.65, 87.98, 25.72, 85.79, 19.32, 81.68, 19.21, 68.76, 28.61, 27.71, -999
04/07/16 13, 3.25, 1.25, 3.64, 3.13, 3.38, 5.50, 2.89, 121.45, 1.00, 0.00, 0.00, 0.00, 0.00, 35.25, 1.00, 0.00, 0.00, 0.00, 0.00, 48.61, 1.00, 33.86, 1.00, 0.00, 0.00, 29.95, 1.00, 0.00, 0.00, 73.53, 1.00, 2.99, 20.90, 25.56, 87.23, 25.63, 85.62, 17.95, 81.85, 17.84, 68.01, 28.46, 27.56, -999
04/07/16 14, 2.70, 1.13, 4.07, 3.49, 3.80, 5.50, 2.90, 119.84, 1.00, 0.00, 0.00, 0.00, 0.00, 34.71, 1.00, 0.00, 0.00, 0.00, 0.00, 48.82, 1.00, 34.47, 1.00, 0.00, 0.00, 30.10, 1.00, 0.00, 0.00, 80.99, 1.00, 2.99, 21.84, 25.54, 88.13, 25.60, 85.21, 18.72, 81.59, 18.61, 68.29, 28.47, 27.57, -999
04/07/16 15, 2.25, 1.09, 4.51, 3.69, 4.07, 5.50, 2.95, 118.63, 1.00, 0.00, 0.00, 0.00, 0.00, 33.58, 1.00, 0.00, 0.00, 0.00, 0.00, 49.16, 1.00, 0.00, 0.00, 0.00, 0.00, 30.88, 1.00, 0.00, 0.00, 87.53, 1.00, 2.99, 22.54, 25.55, 90.03, 25.61, 84.57, 25.87, 63.44, 25.76, 72.86, 28.51, 27.61, -999
04/07/16 16, 1.93, 1.14, 5.01, 3.67, 3.37, 5.50, 3.70, 118.64, 1.00, 0.00, 0.00, 0.00, 0.00, 34.31, 1.00, 0.00, 0.00, 0.00, 0.00, 48.76, 1.00, 0.00, 0.00, 0.00, 0.00, 31.36, 1.00, 0.00, 0.00, 86.82, 1.00, 2.99, 22.53, 25.58, 88.84, 25.64, 85.35, 25.73, 62.83, 25.61, 71.10, 28.54, 27.64, -999
04/07/16 17, 1.65, 1.27, 5.17, 3.88, 2.70, 5.50, 4.02, 118.09, 1.00, 0.00, 0.00, 0.00, 0.00, 0.00, 0.00, 0.00, 0.00, 0.00, 0.00, 49.08, 1.00, 0.00, 0.00, 0.00, 0.00, 31.29, 1.00, 0.00, 0.00, 81.56, 1.00, 2.99, 22.85, 26.90, 73.53, 26.87, 85.98, 25.99, 62.44, 25.87, 71.60, 29.44, 28.54, -999
04/07/16 18, 1.43, 1.61, 4.82, 4.13, 2.06, 5.50, 4.38, 119.24, 1.00, 0.00, 0.00, 0.00, 0.00, 0.00, 0.00, 0.00, 0.00, 0.00, 0.00, 49.42, 1.00, 0.00, 0.00, 0.00, 0.00, 30.78, 1.00, 0.00, 0.00, 75.59, 1.00, 2.99, 22.19, 26.97, 72.12, 26.93, 85.40, 25.42, 61.04, 25.31, 72.77, 29.47, 28.57, -999
04/07/16 19, 1.15, 1.87, 4.43, 4.18, 1.61, 5.43, 4.46, 120.18, 1.00, 0.00, 0.00, 0.00, 0.00, 0.00, 0.00, 0.00, 0.00, 0.00, 0.00, 49.26, 1.00, 36.72, 1.00, 0.00, 0.00, 0.00, 0.00, 0.00, 0.00, 69.84, 1.00, 2.99, 21.64, 27.03, 71.12, 26.99, 85.76, 24.04, 82.90, 24.04, 57.40, 29.50, 28.60, -999
04/07/16 20, 0.93, 2.11, 4.01, 4.32, 2.07, 5.03, 2.64, 98.54, 1.00, 98.56, 1.00, 0.00, 0.00, 0.00, 0.00, 0.00, 0.00, 0.00, 0.00, 49.49, 1.00, 36.94, 1.00, 0.00, 0.00, 0.00, 0.00, 0.00, 0.00, 79.51, 1.00, 2.97, 33.76, 27.62, 70.04, 27.58, 85.90, 25.04, 83.50, 25.04, 52.06, 30.15, 29.25, -999
04/07/16 21, 0.84, 2.40, 3.57, 4.43, 2.48, 4.90, 1.72, 99.33, 1.00, 99.35, 1.00, 0.00, 0.00, 0.00, 0.00, 0.00, 0.00, 0.00, 0.00, 50.03, 1.00, 34.96, 1.00, 0.00, 0.00, 30.85, 1.00, 0.00, 0.00, 74.46, 1.00, 2.97, 33.32, 27.70, 69.82, 27.66, 84.94, 18.62, 80.66, 18.51, 65.72, 30.20, 29.30, -999
04/07/16 22, 0.70, 2.66, 3.14, 4.16, 2.75, 4.93, 1.44, 98.88, 1.00, 98.90, 1.00, 0.00, 0.00, 0.00, 0.00, 0.00, 0.00, 0.00, 0.00, 50.11, 1.00, 35.30, 1.00, 0.00, 0.00, 30.88, 1.00, 0.00, 0.00, 74.10, 1.00, 2.97, 33.57, 27.93, 69.61, 27.89, 85.02, 18.69, 80.15, 18.58, 65.69, 30.43, 29.53, -999
04/07/16 23, 0.59, 2.67, 3.30, 3.99, 2.87, 4.97, 1.23, 99.04, 1.00, 99.06, 1.00, 0.00, 0.00, 36.11, 1.00, 0.00, 0.00, 0.00, 0.00, 49.59, 1.00, 34.87, 1.00, 0.00, 0.00, 30.80, 1.00, 0.00, 0.00, 77.23, 1.00, 2.97, 33.49, 26.99, 87.16, 27.07, 85.20, 18.71, 80.91, 18.59, 65.96, 29.93, 29.03, -999
05/07/16 00, 0.49, 2.59, 3.73, 4.00, 3.13, 5.06, 1.20, 99.60, 1.00, 99.62, 1.00, 0.00, 0.00, 34.66, 1.00, 0.00, 0.00, 0.00, 0.00, 49.38, 1.00, 34.44, 1.00, 0.00, 0.00, 30.76, 1.00, 0.00, 0.00, 75.28, 1.00, 2.97, 33.18, 26.93, 89.61, 26.99, 85.53, 18.49, 81.41, 18.38, 65.89, 29.83, 28.93, -999
05/07/16 01, 0.35, 2.49, 4.23, 4.11, 3.47, 5.13, 1.14, 98.71, 1.00, 98.73, 1.00, 0.00, 0.00, 33.92, 1.00, 0.00, 0.00, 0.00, 0.00, 49.07, 1.00, 33.68, 1.00, 0.00, 0.00, 30.21, 1.00, 0.00, 0.00, 78.91, 1.00, 2.97, 33.66, 26.90, 90.81, 26.96, 86.09, 19.18, 83.39, 19.07, 68.40, 29.81, 28.91, -999
05/07/16 02, 0.32, 2.45, 4.75, 4.34, 3.95, 5.41, 1.87, 98.25, 1.00, 98.27, 1.00, 0.00, 0.00, 33.13, 1.00, 0.00, 0.00, 0.00, 0.00, 48.35, 1.00, 0.00, 0.00, 0.00, 0.00, 31.81, 1.00, 0.00, 0.00, 81.71, 1.00, 2.97, 33.91, 26.90, 92.11, 26.96, 87.44, 25.48, 63.93, 25.36, 69.30, 29.81, 28.91, -999
05/07/16 03, 0.44, 2.67, 5.31, 4.00, 3.36, 5.50, 2.69, 96.09, 1.00, 96.11, 1.00, 0.00, 0.00, 0.00, 0.00, 0.00, 0.00, 0.00, 0.00, 0.00, 0.00, 0.00, 0.00, 0.00, 0.00, 29.96, 1.00, 0.00, 0.00, 66.23, 1.00, 2.98, 35.07, 30.70, 76.28, 30.70, 67.44, 26.76, 63.77, 26.65, 76.77, 32.97, 32.07, -999
05/07/16 04, 0.70, 3.35, 5.09, 3.02, 2.84, 5.50, 4.04, 96.52, 1.00, 96.54, 1.00, 0.00, 0.00, 0.00, 0.00, 0.00, 0.00, 0.00, 0.00, 48.02, 1.00, 0.00, 0.00, 0.00, 0.00, 29.88, 1.00, 0.00, 0.00, 78.17, 1.00, 2.98, 34.84, 28.89, 76.62, 28.85, 89.93, 26.68, 63.56, 26.58, 76.95, 31.39, 30.49, -999
05/07/16 05, 0.93, 3.68, 4.90, 3.97, 2.40, 5.44, 4.67, 95.15, 1.00, 95.16, 1.00, 0.00, 0.00, 0.00, 0.00, 0.00, 0.00, 0.00, 0.00, 48.41, 1.00, 0.00, 0.00, 0.00, 0.00, 0.00, 0.00, 0.00, 0.00, 82.99, 1.00, 2.98, 35.58, 29.42, 75.49, 29.38, 89.74, 29.93, 62.55, 29.93, 61.56, 31.95, 31.05, -999
05/07/16 06, 1.28, 4.17, 4.66, 4.22, 1.84, 5.25, 3.87, 94.86, 1.00, 94.88, 1.00, 0.00, 0.00, 0.00, 0.00, 0.00, 0.00, 0.00, 0.00, 0.00, 0.00, 0.00, 0.00, 0.00, 0.00, 0.00, 0.00, 0.00, 0.00, 64.86, 1.00, 2.98, 35.73, 32.09, 74.90, 32.09, 66.21, 30.34, 62.34, 30.34, 58.59, 34.35, 33.45, -999
05/07/16 07, 1.57, 4.84, 4.40, 3.01, 1.72, 4.91, 2.42, 96.08, 1.00, 96.10, 1.00, 0.00, 0.00, 0.00, 0.00, 0.00, 0.00, 0.00, 0.00, 0.00, 0.00, 35.30, 1.00, 0.00, 0.00, 30.46, 1.00, 0.00, 0.00, 55.02, 1.00, 2.98, 35.08, 31.99, 73.40, 31.99, 63.78, 20.33, 81.77, 20.22, 68.85, 34.20, 33.30, -999
05/07/16 08, 1.61, 5.12, 4.07, 2.95, 2.18, 5.20, 2.99, 96.80, 1.00, 96.82, 1.00, 0.00, 0.00, 0.00, 0.00, 0.00, 0.00, 0.00, 0.00, 50.74, 1.00, 35.94, 1.00, 0.00, 0.00, 30.39, 1.00, 0.00, 0.00, 67.02, 1.00, 2.98, 34.69, 30.16, 72.19, 30.12, 85.99, 19.97, 80.30, 19.86, 68.61, 32.62, 31.72, -999
05/07/16 09, 1.61, 5.29, 3.71, 3.21, 2.34, 5.45, 3.39, 97.63, 1.00, 97.65, 1.00, 0.00, 0.00, 0.00, 0.00, 0.00, 0.00, 0.00, 0.00, 50.76, 1.00, 35.49, 1.00, 0.00, 0.00, 30.51, 1.00, 0.00, 0.00, 62.87, 1.00, 2.97, 34.24, 30.23, 69.99, 30.19, 86.03, 19.71, 80.83, 19.60, 67.95, 32.68, 31.78, -999
05/07/16 10, 1.55, 5.42, 3.28, 3.43, 2.59, 5.50, 3.65, 97.87, 1.00, 97.89, 1.00, 0.00, 0.00, 0.00, 0.00, 0.00, 0.00, 0.00, 0.00, 51.06, 1.00, 34.84, 1.00, 0.00, 0.00, 30.15, 1.00, 0.00, 0.00, 60.84, 1.00, 2.97, 34.12, 30.31, 68.57, 30.27, 85.50, 19.81, 82.06, 19.71, 69.22, 32.75, 31.85, -999
05/07/16 11, 1.47, 5.38, 3.18, 3.46, 3.03, 5.50, 3.74, 97.15, 1.00, 97.17, 1.00, 0.00, 0.00, 36.20, 1.00, 0.00, 0.00, 0.00, 0.00, 51.32, 1.00, 34.96, 1.00, 0.00, 0.00, 30.27, 1.00, 0.00, 0.00, 67.68, 1.00, 2.97, 34.50, 29.42, 89.42, 29.49, 84.20, 20.03, 82.07, 19.93, 69.05, 32.33, 31.43, -999
05/07/16 12, 1.45, 5.17, 3.68, 3.01, 3.41, 5.50, 3.76, 98.20, 1.00, 98.22, 1.00, 0.00, 0.00, 36.56, 1.00, 0.00, 0.00, 0.00, 0.00, 50.32, 1.00, 34.91, 1.00, 0.00, 0.00, 29.81, 1.00, 0.00, 0.00, 65.39, 1.00, 2.97, 33.94, 29.17, 88.53, 29.24, 85.95, 19.70, 81.83, 19.60, 70.20, 32.06, 31.16, -999
05/07/16 13, 1.35, 4.95, 4.13, 3.29, 3.72, 5.50, 4.04, 96.71, 1.00, 96.73, 1.00, 0.00, 0.00, 35.37, 1.00, 0.00, 0.00, 0.00, 0.00, 50.21, 1.00, 33.84, 1.00, 0.00, 0.00, 30.26, 1.00, 0.00, 0.00, 71.44, 1.00, 2.98, 34.74, 29.17, 90.62, 29.23, 86.17, 20.42, 84.36, 20.31, 69.49, 32.07, 31.17, -999
05/07/16 14, 1.45, 4.82, 4.65, 3.57, 3.82, 5.50, 4.16, 96.97, 1.00, 96.99, 1.00, 0.00, 0.00, 35.86, 1.00, 0.00, 0.00, 0.00, 0.00, 50.43, 1.00, 0.00, 0.00, 0.00, 0.00, 30.68, 1.00, 0.00, 0.00, 72.95, 1.00, 2.98, 34.60, 29.05, 89.65, 29.12, 85.62, 26.77, 63.26, 26.66, 74.45, 31.97, 31.07, -999
05/07/16 15, 1.59, 4.70, 5.11, 3.68, 3.14, 5.43, 4.46, 96.92, 1.00, 96.94, 1.00, 0.00, 0.00, 34.83, 1.00, 0.00, 0.00, 0.00, 0.00, 50.42, 1.00, 0.00, 0.00, 0.00, 0.00, 0.00, 0.00, 0.00, 0.00, 75.66, 1.00, 2.98, 34.63, 29.01, 91.39, 29.07, 85.58, 29.62, 63.00, 29.62, 57.98, 31.93, 31.03, -999
05/07/16 16, 1.79, 4.77, 5.20, 3.76, 2.52, 5.05, 2.76, 95.98, 1.00, 96.00, 1.00, 0.00, 0.00, 0.00, 0.00, 0.00, 0.00, 0.00, 0.00, 50.30, 1.00, 0.00, 0.00, 0.00, 0.00, 0.00, 0.00, 0.00, 0.00, 75.34, 1.00, 2.98, 35.13, 30.08, 73.28, 30.04, 86.79, 30.08, 61.70, 30.08, 56.59, 32.58, 31.68, -999
05/07/16 17, 1.93, 5.00, 4.84, 4.06, 1.80, 5.14, 2.60, 97.30, 1.00, 97.32, 1.00, 0.00, 0.00, 0.00, 0.00, 0.00, 0.00, 0.00, 0.00, 50.28, 1.00, 0.00, 0.00, 0.00, 0.00, 32.40, 1.00, 0.00, 0.00, 67.89, 1.00, 2.97, 34.42, 30.07, 73.14, 30.03, 86.82, 26.68, 61.34, 26.55, 68.41, 32.54, 31.64, -999
05/07/16 18, 1.91, 5.17, 4.48, 4.32, 1.70, 5.35, 2.78, 97.15, 1.00, 97.17, 1.00, 0.00, 0.00, 0.00, 0.00, 0.00, 0.00, 0.00, 0.00, 50.11, 1.00, 34.93, 1.00, 0.00, 0.00, 30.73, 1.00, 0.00, 0.00, 66.29, 1.00, 2.97, 34.50, 30.21, 72.04, 30.17, 87.29, 20.17, 82.27, 20.06, 67.67, 32.67, 31.77, -999
05/07/16 19, 1.87, 5.49, 4.10, 3.95, 2.25, 5.50, 2.96, 97.33, 1.00, 97.35, 1.00, 0.00, 0.00, 0.00, 0.00, 0.00, 0.00, 0.00, 0.00, 0.00, 0.00, 35.61, 1.00, 0.00, 0.00, 30.08, 1.00, 0.00, 0.00, 48.15, 1.00, 2.97, 34.41, 32.17, 70.03, 32.17, 62.31, 19.98, 80.89, 19.87, 69.61, 34.36, 33.46, -999
05/07/16 20, 2.03, 5.37, 3.66, 2.79, 2.52, 5.50, 3.27, 95.13, 1.00, 95.15, 1.00, 0.00, 0.00, 0.00, 0.00, 0.00, 0.00, 0.00, 0.00, 50.48, 1.00, 35.55, 1.00, 0.00, 0.00, 30.62, 1.00, 0.00, 0.00, 0.00, 0.00, 2.98, 35.59, 28.34, 69.45, 28.30, 84.70, 20.59, 81.61, 20.48, 68.47, 38.37, 29.72, -999
05/07/16 21, 2.18, 4.83, 3.21, 2.85, 2.85, 5.50, 3.24, 95.04, 1.00, 95.06, 1.00, 0.00, 0.00, 0.00, 0.00, 0.00, 0.00, 0.00, 0.00, 50.41, 1.00, 35.45, 1.00, 0.00, 0.00, 30.61, 1.00, 0.00, 0.00, 0.00, 0.00, 2.98, 35.63, 27.81, 68.37, 27.77, 84.31, 20.72, 81.91, 20.61, 68.62, 38.47, 29.19, -999
05/07/16 22, 2.32, 4.10, 3.22, 2.77, 3.18, 5.50, 3.24, 95.08, 1.00, 95.10, 1.00, 0.00, 0.00, 34.62, 1.00, 0.00, 0.00, 0.00, 0.00, 49.06, 1.00, 35.47, 1.00, 0.00, 0.00, 31.09, 1.00, 0.00, 0.00, 0.00, 0.00, 2.98, 35.61, 23.83, 86.58, 23.90, 83.05, 20.64, 81.80, 20.53, 66.94, 38.49, 25.61, -999
05/07/16 23, 2.45, 3.21, 3.64, 2.58, 3.46, 5.50, 2.81, 93.95, 1.00, 93.96, 1.00, 0.00, 0.00, 35.06, 1.00, 0.00, 0.00, 0.00, 0.00, 48.57, 1.00, 35.67, 1.00, 0.00, 0.00, 31.02, 1.00, 0.00, 0.00, 0.00, 0.00, 2.98, 36.22, 22.95, 84.94, 23.02, 83.08, 21.21, 82.02, 21.10, 67.76, 39.15, 24.73, -999
06/07/16 00, 2.64, 2.33, 3.98, 2.54, 3.70, 5.50, 2.68, 93.28, 1.00, 93.30, 1.00, 0.00, 0.00, 33.37, 1.00, 0.00, 0.00, 0.00, 0.00, 47.83, 1.00, 35.14, 1.00, 0.00, 0.00, 30.62, 1.00, 0.00, 0.00, 0.00, 0.00, 2.98, 36.57, 22.35, 87.17, 22.41, 83.84, 21.86, 83.60, 21.75, 69.75, 39.59, 24.09, -999
06/07/16 01, 2.91, 1.47, 4.41, 2.76, 3.76, 5.50, 3.07, 89.71, 1.00, 89.73, 1.00, 0.00, 0.00, 32.92, 1.00, 0.00, 0.00, 0.00, 0.00, 47.35, 1.00, 0.00, 0.00, 0.00, 0.00, 32.27, 1.00, 0.00, 0.00, 0.00, 0.00, 2.98, 38.45, 21.60, 87.14, 21.65, 83.95, 30.58, 63.71, 30.46, 72.79, 42.11, 23.33, -999
06/07/16 02, 3.35, 0.62, 4.82, 3.00, 3.16, 5.50, 3.69, 89.39, 1.00, 89.41, 1.00, 0.00, 0.00, 31.39, 1.00, 0.00, 0.00, 0.00, 0.00, 46.43, 1.00, 0.00, 0.00, 0.00, 0.00, 31.25, 1.00, 0.00, 0.00, 0.00, 0.00, 2.98, 38.61, 21.02, 88.94, 21.07, 85.00, 31.08, 63.81, 30.96, 76.84, 42.42, 22.72, -999
06/07/16 03, 3.40, 0.76, 5.29, 3.51, 2.70, 5.50, 4.79, 94.76, 1.00, 94.78, 1.00, 0.00, 0.00, 0.00, 0.00, 0.00, 0.00, 0.00, 0.00, 48.29, 1.00, 0.00, 0.00, 0.00, 0.00, 30.19, 1.00, 0.00, 0.00, 100.81, 1.00, 2.98, 35.78, 27.56, 76.01, 27.52, 88.11, 28.75, 63.60, 28.64, 78.02, 30.21, 29.31, -999
06/07/16 04, 3.59, 1.33, 5.05, 4.19, 2.29, 5.25, 3.68, 94.10, 1.00, 94.12, 1.00, 0.00, 0.00, 0.00, 0.00, 0.00, 0.00, 0.00, 0.00, 47.71, 1.00, 0.00, 0.00, 0.00, 0.00, 0.00, 0.00, 0.00, 0.00, 100.79, 1.00, 2.98, 36.14, 28.18, 76.55, 28.14, 89.79, 31.63, 63.24, 31.63, 59.86, 30.82, 29.92, -999
06/07/16 05, 3.82, 2.06, 4.87, 4.21, 1.90, 4.97, 2.61, 93.43, 1.00, 93.45, 1.00, 0.00, 0.00, 0.00, 0.00, 0.00, 0.00, 0.00, 0.00, 0.00, 0.00, 0.00, 0.00, 0.00, 0.00, 0.00, 0.00, 0.00, 0.00, 81.64, 1.00, 2.98, 36.49, 31.53, 76.70, 31.53, 68.41, 32.12, 62.55, 32.12, 57.77, 33.88, 32.98, -999
06/07/16 06, 3.94, 2.89, 4.71, 3.30, 1.59, 5.12, 2.74, 93.75, 1.00, 93.77, 1.00, 0.00, 0.00, 0.00, 0.00, 0.00, 0.00, 0.00, 0.00, 0.00, 0.00, 36.06, 1.00, 0.00, 0.00, 30.45, 1.00, 0.00, 0.00, 75.59, 1.00, 2.98, 36.32, 31.76, 74.84, 31.76, 65.74, 22.45, 82.58, 22.35, 70.88, 34.08, 33.18, -999
06/07/16 07, 3.90, 3.42, 4.44, 3.39, 2.09, 5.49, 3.67, 94.73, 1.00, 94.75, 1.00, 0.00, 0.00, 0.00, 0.00, 0.00, 0.00, 0.00, 0.00, 49.08, 1.00, 35.40, 1.00, 0.00, 0.00, 31.07, 1.00, 0.00, 0.00, 88.50, 1.00, 2.98, 35.80, 29.40, 73.73, 29.36, 88.48, 22.10, 83.38, 21.98, 68.48, 31.98, 31.08, -999
06/07/16 08, 3.81, 3.83, 4.13, 4.07, 2.67, 5.50, 4.02, 95.66, 1.00, 95.68, 1.00, 0.00, 0.00, 0.00, 0.00, 0.00, 0.00, 0.00, 0.00, 49.63, 1.00, 35.68, 1.00, 0.00, 0.00, 30.33, 1.00, 0.00, 0.00, 83.64, 1.00, 2.98, 35.30, 29.53, 72.52, 29.49, 87.56, 21.70, 82.48, 21.59, 70.53, 32.08, 31.18, -999
06/07/16 09, 3.66, 4.19, 3.78, 4.49, 3.07, 5.50, 4.27, 95.67, 1.00, 95.68, 1.00, 0.00, 0.00, 0.00, 0.00, 0.00, 0.00, 0.00, 0.00, 0.00, 0.00, 35.52, 1.00, 0.00, 0.00, 30.71, 1.00, 0.00, 0.00, 64.23, 1.00, 2.98, 35.30, 32.05, 70.93, 32.05, 61.98, 21.53, 82.61, 21.42, 69.10, 34.31, 33.41, -999
06/07/16 10, 3.55, 4.85, 3.38, 2.82, 3.45, 5.50, 4.14, 95.97, 1.00, 95.99, 1.00, 0.00, 0.00, 0.00, 0.00, 0.00, 0.00, 0.00, 0.00, 51.05, 1.00, 35.60, 1.00, 0.00, 0.00, 29.92, 1.00, 0.00, 0.00, 76.64, 1.00, 2.98, 35.14, 30.18, 72.16, 30.14, 85.40, 21.55, 82.47, 21.44, 71.70, 32.70, 31.80, -999
06/07/16 11, 3.42, 5.12, 3.05, 2.97, 3.76, 5.50, 4.61, 95.59, 1.00, 95.61, 1.00, 0.00, 0.00, 0.00, 0.00, 0.00, 0.00, 0.00, 0.00, 51.11, 1.00, 35.07, 1.00, 0.00, 0.00, 30.39, 1.00, 0.00, 0.00, 76.00, 1.00, 2.98, 35.34, 30.42, 71.20, 30.38, 85.51, 21.69, 83.55, 21.58, 70.33, 32.93, 32.03, -999
06/07/16 12, 3.38, 5.13, 3.34, 3.09, 3.67, 5.50, 4.77, 95.13, 1.00, 95.15, 1.00, 0.00, 0.00, 35.69, 1.00, 0.00, 0.00, 0.00, 0.00, 50.81, 1.00, 0.00, 0.00, 0.00, 0.00, 31.81, 1.00, 0.00, 0.00, 82.46, 1.00, 2.98, 35.59, 29.49, 90.40, 29.56, 85.30, 28.39, 61.97, 28.27, 72.19, 32.47, 31.57, -999
06/07/16 13, 3.56, 5.12, 3.87, 3.19, 2.83, 5.12, 3.01, 93.47, 1.00, 93.49, 1.00, 0.00, 0.00, 37.32, 1.00, 0.00, 0.00, 0.00, 0.00, 50.27, 1.00, 0.00, 0.00, 0.00, 0.00, 0.00, 0.00, 0.00, 0.00, 91.15, 1.00, 2.98, 36.47, 29.49, 87.47, 29.57, 86.38, 31.90, 61.99, 31.90, 58.64, 32.55, 31.65, -999
06/07/16 14, 3.72, 5.14, 4.28, 3.52, 2.10, 5.19, 2.95, 95.37, 1.00, 95.39, 1.00, 0.00, 0.00, 35.88, 1.00, 0.00, 0.00, 0.00, 0.00, 50.61, 1.00, 0.00, 0.00, 0.00, 0.00, 32.74, 1.00, 0.00, 0.00, 82.48, 1.00, 2.98, 35.46, 29.50, 90.07, 29.57, 85.70, 28.40, 61.33, 28.27, 68.91, 32.48, 31.58, -999
06/07/16 15, 3.72, 5.10, 4.77, 3.63, 1.39, 5.43, 3.20, 95.51, 1.00, 95.53, 1.00, 0.00, 0.00, 35.79, 1.00, 0.00, 0.00, 0.00, 0.00, 50.15, 1.00, 36.05, 1.00, 0.00, 0.00, 30.88, 1.00, 0.00, 0.00, 81.26, 1.00, 2.98, 35.38, 29.46, 90.20, 29.53, 86.58, 21.51, 81.66, 21.39, 68.51, 32.43, 31.53, -999
06/07/16 16, 3.59, 5.05, 5.25, 3.93, 1.81, 5.50, 3.64, 95.71, 1.00, 95.73, 1.00, 0.00, 0.00, 35.70, 1.00, 0.00, 0.00, 0.00, 0.00, 49.86, 1.00, 35.82, 1.00, 0.00, 0.00, 30.06, 1.00, 0.00, 0.00, 80.55, 1.00, 2.98, 35.28, 29.41, 90.30, 29.48, 87.09, 21.62, 82.16, 21.51, 71.33, 32.37, 31.47, -999
06/07/16 17, 3.48, 5.29, 4.94, 4.32, 2.26, 5.50, 4.12, 95.58, 1.00, 95.60, 1.00, 0.00, 0.00, 0.00, 0.00, 0.00, 0.00, 0.00, 0.00, 50.58, 1.00, 35.78, 1.00, 0.00, 0.00, 29.81, 1.00, 0.00, 0.00, 74.94, 1.00, 2.98, 35.34, 30.58, 73.15, 30.54, 86.74, 21.69, 82.29, 21.58, 72.17, 33.08, 32.18, -999
06/07/16 18, 3.38, 5.54, 4.59, 4.49, 2.67, 5.50, 4.68, 92.14, 1.00, 92.16, 1.00, 0.00, 0.00, 0.00, 0.00, 0.00, 0.00, 0.00, 0.00, 49.51, 1.00, 35.99, 1.00, 0.00, 0.00, 30.04, 1.00, 0.00, 0.00, 0.00, 0.00, 2.98, 37.17, 28.59, 72.27, 28.55, 86.84, 22.67, 82.91, 22.57, 72.44, 40.44, 29.96, -999
06/07/16 19, 3.70, 5.52, 4.21, 3.13, 3.14, 5.23, 3.52, 91.02, 1.00, 91.04, 1.00, 0.00, 0.00, 0.00, 0.00, 0.00, 0.00, 0.00, 0.00, 0.00, 0.00, 38.40, 1.00, 0.00, 0.00, 0.00, 0.00, 0.00, 0.00, 0.00, 0.00, 2.98, 37.76, 30.52, 72.23, 30.52, 61.26, 29.35, 85.07, 29.35, 55.58, 41.45, 31.71, -999
06/07/16 20, 3.99, 5.12, 3.84, 2.80, 3.50, 4.93, 2.03, 92.85, 1.00, 92.87, 1.00, 0.00, 0.00, 0.00, 0.00, 0.00, 0.00, 0.00, 0.00, 50.61, 1.00, 35.72, 1.00, 0.00, 0.00, 31.46, 1.00, 0.00, 0.00, 0.00, 0.00, 2.98, 36.80, 28.09, 68.77, 28.05, 84.18, 22.30, 83.02, 22.18, 67.32, 40.23, 29.47, -999
06/07/16 21, 4.14, 4.59, 3.37, 2.72, 3.86, 5.11, 2.19, 92.46, 1.00, 92.48, 1.00, 0.00, 0.00, 0.00, 0.00, 0.00, 0.00, 0.00, 0.00, 50.50, 1.00, 36.08, 1.00, 0.00, 0.00, 31.70, 1.00, 0.00, 0.00, 0.00, 0.00, 2.98, 37.00, 27.56, 69.76, 27.52, 83.89, 22.39, 82.47, 22.27, 66.61, 40.48, 28.94, -999
06/07/16 22, 4.33, 4.00, 3.06, 2.58, 3.77, 5.22, 2.04, 91.88, 1.00, 91.89, 1.00, 0.00, 0.00, 35.25, 1.00, 0.00, 0.00, 0.00, 0.00, 49.35, 1.00, 0.00, 0.00, 0.00, 0.00, 33.60, 1.00, 0.00, 0.00, 0.00, 0.00, 2.98, 37.31, 23.63, 85.29, 23.69, 82.30, 29.94, 62.12, 29.81, 67.24, 41.16, 25.41, -999
06/07/16 23, 4.48, 3.10, 3.44, 2.05, 2.94, 5.33, 1.86, 112.70, 1.00, 0.00, 0.00, 0.00, 0.00, 34.18, 1.00, 0.00, 0.00, 0.00, 0.00, 48.90, 1.00, 0.00, 0.00, 0.00, 0.00, 33.31, 1.00, 0.00, 0.00, 0.00, 0.00, 2.99, 25.93, 22.91, 86.39, 22.97, 82.42, 29.01, 62.00, 28.88, 67.40, 38.59, 24.68, -999
07/07/16 00, 4.46, 2.10, 3.84, 2.34, 2.20, 5.46, 1.83, 111.76, 1.00, 0.00, 0.00, 0.00, 0.00, 32.29, 1.00, 0.00, 0.00, 33.44, 1.00, 33.41, 1.00, 0.00, 0.00, 0.00, 0.00, 33.37, 1.00, 0.00, 0.00, 0.00, 0.00, 2.99, 26.47, 19.95, 86.48, 19.97, 101.72, 29.30, 61.89, 29.17, 67.49, 38.95, 21.89, -999
07/07/16 01, 4.54, 1.05, 4.24, 3.32, 1.56, 5.50, 1.91, 111.03, 1.00, 0.00, 0.00, 0.00, 0.00, 30.73, 1.00, 0.00, 0.00, 32.17, 1.00, 32.15, 1.00, 0.00, 0.00, 0.00, 0.00, 31.85, 1.00, 0.00, 0.00, 0.00, 0.00, 2.99, 26.88, 19.44, 88.35, 19.46, 102.47, 29.83, 61.85, 29.71, 73.50, 39.31, 21.32, -999
07/07/16 02, 4.37, 0.57, 4.74, 4.01, 1.99, 5.50, 2.69, 117.21, 1.00, 0.00, 0.00, 0.00, 0.00, 32.85, 1.00, 0.00, 0.00, 0.00, 0.00, 47.62, 1.00, 35.08, 1.00, 0.00, 0.00, 29.33, 1.00, 0.00, 0.00, 96.48, 1.00, 2.99, 23.36, 25.25, 90.90, 25.31, 87.12, 20.56, 82.39, 20.46, 72.56, 28.24, 27.34, -999
07/07/16 03, 3.92, 0.76, 5.26, 4.42, 2.51, 5.50, 3.55, 115.70, 1.00, 0.00, 0.00, 0.00, 0.00, 33.03, 1.00, 0.00, 0.00, 0.00, 0.00, 0.00, 0.00, 34.79, 1.00, 0.00, 0.00, 28.50, 1.00, 0.00, 0.00, 87.47, 1.00, 2.99, 24.23, 27.69, 93.06, 27.78, 68.25, 21.69, 84.02, 21.59, 76.23, 30.26, 29.36, -999
07/07/16 04, 3.63, 1.53, 5.08, 3.45, 3.17, 5.50, 4.84, 114.28, 1.00, 0.00, 0.00, 0.00, 0.00, 0.00, 0.00, 0.00, 0.00, 0.00, 0.00, 0.00, 0.00, 36.30, 1.00, 0.00, 0.00, 0.00, 0.00, 0.00, 0.00, 74.63, 1.00, 2.99, 25.03, 30.31, 75.67, 30.31, 68.71, 27.76, 87.38, 27.76, 61.33, 32.63, 31.73, -999
07/07/16 05, 3.46, 2.22, 4.83, 3.12, 3.95, 5.28, 3.86, 115.41, 1.00, 0.00, 0.00, 0.00, 0.00, 0.00, 0.00, 0.00, 0.00, 0.00, 0.00, 49.87, 1.00, 35.48, 1.00, 0.00, 0.00, 0.00, 0.00, 0.00, 0.00, 86.49, 1.00, 2.99, 24.39, 28.05, 75.92, 28.01, 85.61, 27.24, 88.32, 27.24, 59.83, 30.62, 29.72, -999
07/07/16 06, 3.34, 2.63, 4.62, 3.37, 3.94, 5.00, 2.74, 114.61, 1.00, 0.00, 0.00, 0.00, 0.00, 0.00, 0.00, 0.00, 0.00, 0.00, 0.00, 49.33, 1.00, 0.00, 0.00, 0.00, 0.00, 0.00, 0.00, 0.00, 0.00, 87.14, 1.00, 2.99, 24.85, 28.52, 74.08, 28.48, 87.11, 30.70, 64.73, 30.70, 58.96, 31.09, 30.19, -999
07/07/16 07, 3.16, 2.99, 4.32, 3.86, 3.51, 5.20, 3.13, 115.69, 1.00, 0.00, 0.00, 0.00, 0.00, 0.00, 0.00, 0.00, 0.00, 0.00, 0.00, 48.92, 1.00, 0.00, 0.00, 0.00, 0.00, 32.68, 1.00, 0.00, 0.00, 80.72, 1.00, 2.99, 24.23, 28.59, 74.29, 28.56, 87.96, 27.39, 62.18, 27.26, 68.11, 31.12, 30.22, -999
07/07/16 08, 2.95, 3.32, 4.04, 4.42, 2.72, 5.38, 3.11, 115.57, 1.00, 0.00, 0.00, 0.00, 0.00, 0.00, 0.00, 0.00, 0.00, 0.00, 0.00, 49.53, 1.00, 0.00, 0.00, 0.00, 0.00, 32.36, 1.00, 0.00, 0.00, 79.01, 1.00, 2.99, 24.30, 28.82, 69.71, 28.78, 87.03, 27.45, 61.99, 27.32, 69.31, 31.33, 30.43, -999
07/07/16 09, 2.82, 3.81, 3.59, 3.82, 2.01, 5.50, 3.60, 117.27, 1.00, 0.00, 0.00, 0.00, 0.00, 0.00, 0.00, 0.00, 0.00, 0.00, 0.00, 0.00, 0.00, 0.00, 0.00, 0.00, 0.00, 32.04, 1.00, 0.00, 0.00, 53.37, 1.00, 2.99, 23.32, 30.85, 69.48, 30.85, 61.70, 26.65, 59.46, 26.53, 69.67, 33.05, 32.15, -999
07/07/16 10, 2.50, 4.14, 3.14, 2.99, 1.59, 5.50, 3.53, 119.10, 1.00, 0.00, 0.00, 0.00, 0.00, 0.00, 0.00, 0.00, 0.00, 0.00, 0.00, 50.77, 1.00, 35.41, 1.00, 0.00, 0.00, 29.19, 1.00, 0.00, 0.00, 57.42, 1.00, 2.99, 22.27, 28.99, 69.77, 28.95, 84.76, 19.14, 80.39, 19.04, 71.60, 31.41, 30.51, -999
07/07/16 11, 2.11, 4.03, 3.17, 2.98, 1.90, 5.50, 4.14, 119.49, 1.00, 0.00, 0.00, 0.00, 0.00, 35.10, 1.00, 0.00, 0.00, 0.00, 0.00, 50.37, 1.00, 34.82, 1.00, 0.00, 0.00, 29.97, 1.00, 0.00, 0.00, 60.88, 1.00, 2.99, 22.04, 27.94, 89.86, 28.01, 84.62, 18.81, 81.09, 18.71, 68.79, 30.79, 29.89, -999
07/07/16 12, 1.73, 3.77, 3.68, 3.00, 2.31, 5.50, 4.04, 120.40, 1.00, 0.00, 0.00, 0.00, 0.00, 34.57, 1.00, 0.00, 0.00, 0.00, 0.00, 49.61, 1.00, 33.86, 1.00, 0.00, 0.00, 29.07, 1.00, 0.00, 0.00, 58.39, 1.00, 2.99, 21.52, 27.65, 90.47, 27.71, 85.81, 18.67, 82.56, 18.57, 71.48, 30.47, 29.57, -999
07/07/16 13, 1.34, 3.49, 4.21, 3.32, 2.91, 5.50, 4.56, 120.87, 1.00, 0.00, 0.00, 0.00, 0.00, 35.42, 1.00, 0.00, 0.00, 0.00, 0.00, 49.76, 1.00, 33.93, 1.00, 0.00, 0.00, 29.27, 1.00, 0.00, 0.00, 58.26, 1.00, 2.99, 21.24, 27.32, 88.69, 27.39, 85.19, 18.28, 82.06, 18.18, 70.50, 30.15, 29.25, -999
07/07/16 14, 0.99, 3.23, 4.66, 3.46, 3.40, 5.50, 4.80, 97.96, 1.00, 97.98, 1.00, 0.00, 0.00, 35.31, 1.00, 0.00, 0.00, 0.00, 0.00, 49.87, 1.00, 36.39, 1.00, 0.00, 0.00, 0.00, 0.00, 0.00, 0.00, 78.91, 1.00, 2.97, 34.07, 27.59, 89.15, 27.66, 85.25, 25.35, 84.81, 25.35, 57.36, 30.53, 29.63, -999
07/07/16 15, 1.04, 3.17, 5.12, 3.57, 3.91, 5.08, 2.84, 98.40, 1.00, 98.42, 1.00, 0.00, 0.00, 34.89, 1.00, 0.00, 0.00, 0.00, 0.00, 49.78, 1.00, 36.63, 1.00, 0.00, 0.00, 0.00, 0.00, 0.00, 0.00, 77.91, 1.00, 2.97, 33.83, 27.53, 89.81, 27.59, 85.35, 25.20, 84.23, 25.20, 56.82, 30.46, 29.56, -999
07/07/16 16, 1.08, 3.30, 5.07, 3.70, 3.39, 5.17, 2.71, 98.15, 1.00, 98.17, 1.00, 0.00, 0.00, 0.00, 0.00, 0.00, 0.00, 0.00, 0.00, 49.85, 1.00, 0.00, 0.00, 0.00, 0.00, 32.31, 1.00, 0.00, 0.00, 74.02, 1.00, 2.97, 33.97, 28.58, 72.98, 28.54, 86.17, 25.88, 62.91, 25.76, 67.93, 31.07, 30.17, -999
07/07/16 17, 1.13, 3.55, 4.70, 3.94, 2.72, 5.36, 2.78, 97.53, 1.00, 97.55, 1.00, 0.00, 0.00, 0.00, 0.00, 0.00, 0.00, 0.00, 0.00, 49.52, 1.00, 0.00, 0.00, 0.00, 0.00, 32.18, 1.00, 0.00, 0.00, 74.52, 1.00, 2.97, 34.30, 28.86, 72.23, 28.83, 87.10, 26.16, 62.02, 26.04, 68.66, 31.36, 30.46, -999
07/07/16 18, 1.23, 3.81, 4.31, 4.33, 2.01, 5.50, 3.14, 97.83, 1.00, 97.85, 1.00, 0.00, 0.00, 0.00, 0.00, 0.00, 0.00, 0.00, 0.00, 49.61, 1.00, 0.00, 0.00, 0.00, 0.00, 31.45, 1.00, 0.00, 0.00, 72.13, 1.00, 2.97, 34.14, 29.04, 71.86, 29.00, 87.09, 26.21, 61.24, 26.10, 71.27, 31.52, 30.62, -999
07/07/16 19, 1.29, 4.21, 3.93, 3.86, 1.62, 5.50, 3.54, 97.91, 1.00, 97.93, 1.00, 0.00, 0.00, 0.00, 0.00, 0.00, 0.00, 0.00, 0.00, 0.00, 0.00, 35.56, 1.00, 0.00, 0.00, 29.11, 1.00, 0.00, 0.00, 52.80, 1.00, 2.97, 34.09, 31.21, 68.86, 31.21, 63.55, 19.71, 80.70, 19.61, 72.42, 33.42, 32.52, -999
07/07/16 20, 1.24, 4.66, 3.45, 2.83, 1.94, 5.50, 4.28, 97.88, 1.00, 97.90, 1.00, 0.00, 0.00, 0.00, 0.00, 0.00, 0.00, 0.00, 0.00, 51.28, 1.00, 35.20, 1.00, 0.00, 0.00, 29.86, 1.00, 0.00, 0.00, 65.66, 1.00, 2.97, 34.11, 29.65, 69.64, 29.61, 84.40, 19.66, 81.29, 19.55, 70.00, 32.11, 31.21, -999
07/07/16 21, 1.19, 4.81, 3.02, 2.71, 2.34, 5.50, 4.42, 98.18, 1.00, 98.20, 1.00, 0.00, 0.00, 0.00, 0.00, 0.00, 0.00, 0.00, 0.00, 51.35, 1.00, 35.59, 1.00, 0.00, 0.00, 30.37, 1.00, 0.00, 0.00, 63.28, 1.00, 2.97, 33.95, 29.74, 66.46, 29.70, 84.35, 19.27, 80.21, 19.16, 67.95, 32.19, 31.29, -999
07/07/16 22, 1.10, 4.67, 3.19, 2.58, 2.49, 5.50, 4.02, 98.60, 1.00, 98.62, 1.00, 0.00, 0.00, 37.01, 1.00, 0.00, 0.00, 0.00, 0.00, 50.99, 1.00, 35.05, 1.00, 0.00, 0.00, 30.34, 1.00, 0.00, 0.00, 66.75, 1.00, 2.97, 33.72, 28.65, 87.20, 28.73, 84.11, 19.19, 81.07, 19.08, 67.97, 31.57, 30.67, -999
07/07/16 23, 1.00, 4.45, 3.62, 2.48, 2.80, 5.50, 3.72, 98.73, 1.00, 98.75, 1.00, 0.00, 0.00, 35.95, 1.00, 0.00, 0.00, 0.00, 0.00, 50.76, 1.00, 35.22, 1.00, 0.00, 0.00, 30.07, 1.00, 0.00, 0.00, 67.26, 1.00, 2.97, 33.65, 28.51, 88.95, 28.58, 84.41, 19.11, 80.69, 19.00, 68.79, 31.41, 30.51, -999
08/07/16 00, 0.90, 4.25, 4.09, 2.52, 3.01, 5.50, 3.71, 98.04, 1.00, 98.06, 1.00, 0.00, 0.00, 34.68, 1.00, 0.00, 0.00, 0.00, 0.00, 50.60, 1.00, 34.81, 1.00, 0.00, 0.00, 29.94, 1.00, 0.00, 0.00, 70.55, 1.00, 2.97, 34.03, 28.46, 91.10, 28.52, 84.67, 19.51, 81.81, 19.40, 69.59, 31.35, 30.45, -999
08/07/16 01, 0.86, 4.09, 4.62, 2.63, 3.37, 5.50, 3.88, 97.57, 1.00, 97.59, 1.00, 0.00, 0.00, 33.24, 1.00, 0.00, 0.00, 0.00, 0.00, 49.78, 1.00, 34.52, 1.00, 0.00, 0.00, 29.51, 1.00, 0.00, 0.00, 72.75, 1.00, 2.97, 34.28, 28.43, 93.45, 28.48, 86.25, 19.84, 82.62, 19.73, 71.28, 31.30, 30.40, -999
08/07/16 02, 0.87, 3.99, 5.21, 3.06, 3.82, 5.50, 4.36, 97.48, 1.00, 97.50, 1.00, 0.00, 0.00, 33.77, 1.00, 0.00, 0.00, 0.00, 0.00, 49.07, 1.00, 33.91, 1.00, 0.00, 0.00, 28.96, 1.00, 0.00, 0.00, 73.87, 1.00, 2.97, 34.33, 28.34, 92.50, 28.40, 87.53, 20.16, 83.98, 20.06, 73.33, 31.22, 30.32, -999
08/07/16 03, 1.05, 4.20, 5.07, 3.68, 3.65, 5.36, 4.15, 94.64, 1.00, 94.66, 1.00, 0.00, 0.00, 0.00, 0.00, 0.00, 0.00, 0.00, 0.00, 49.28, 1.00, 0.00, 0.00, 0.00, 0.00, 0.00, 0.00, 0.00, 0.00, 82.32, 1.00, 2.98, 35.85, 29.86, 76.06, 29.82, 88.54, 30.21, 64.55, 30.21, 60.40, 32.39, 31.49, -999
08/07/16 04, 1.40, 4.55, 4.85, 4.32, 3.25, 5.11, 3.11, 94.79, 1.00, 94.81, 1.00, 0.00, 0.00, 0.00, 0.00, 0.00, 0.00, 0.00, 0.00, 49.53, 1.00, 0.00, 0.00, 0.00, 0.00, 0.00, 0.00, 0.00, 0.00, 80.29, 1.00, 2.98, 35.77, 30.10, 76.12, 30.06, 88.31, 30.33, 64.21, 30.33, 59.96, 32.63, 31.73, -999
08/07/16 05, 1.72, 5.05, 4.65, 3.99, 2.86, 5.01, 2.74, 94.58, 1.00, 94.60, 1.00, 0.00, 0.00, 0.00, 0.00, 0.00, 0.00, 0.00, 0.00, 0.00, 0.00, 0.00, 0.00, 0.00, 0.00, 31.91, 1.00, 0.00, 0.00, 60.25, 1.00, 2.98, 35.88, 32.60, 76.45, 32.60, 68.01, 27.77, 63.27, 27.65, 71.22, 34.84, 33.94, -999
08/07/16 06, 2.03, 5.53, 4.49, 3.05, 2.35, 5.39, 3.62, 90.24, 1.00, 90.26, 1.00, 0.00, 0.00, 0.00, 0.00, 0.00, 0.00, 0.00, 0.00, 0.00, 0.00, 0.00, 0.00, 0.00, 0.00, 32.32, 1.00, 0.00, 0.00, 0.00, 0.00, 2.98, 38.17, 30.53, 75.43, 30.53, 66.58, 29.95, 62.48, 29.83, 71.95, 41.59, 31.72, -999
08/07/16 07, 2.50, 5.14, 4.26, 3.28, 1.78, 5.50, 4.73, 92.36, 1.00, 92.38, 1.00, 0.00, 0.00, 0.00, 0.00, 0.00, 0.00, 0.00, 0.00, 50.08, 1.00, 0.00, 0.00, 0.00, 0.00, 31.00, 1.00, 0.00, 0.00, 0.00, 0.00, 2.98, 37.06, 28.14, 72.60, 28.10, 85.29, 29.32, 60.43, 29.21, 75.93, 40.43, 29.52, -999
08/07/16 08, 2.89, 4.61, 3.91, 3.41, 1.61, 5.21, 3.48, 91.19, 1.00, 91.20, 1.00, 0.00, 0.00, 0.00, 0.00, 0.00, 0.00, 0.00, 0.00, 49.60, 1.00, 38.54, 1.00, 0.00, 0.00, 0.00, 0.00, 0.00, 0.00, 0.00, 0.00, 2.98, 37.68, 27.65, 72.36, 27.61, 85.72, 28.90, 84.35, 28.90, 55.59, 41.15, 29.02, -999
08/07/16 09, 3.19, 4.08, 3.56, 3.65, 2.02, 5.08, 2.50, 92.33, 1.00, 92.35, 1.00, 0.00, 0.00, 0.00, 0.00, 0.00, 0.00, 0.00, 0.00, 49.70, 1.00, 36.20, 1.00, 0.00, 0.00, 31.38, 1.00, 0.00, 0.00, 0.00, 0.00, 2.98, 37.07, 27.12, 70.24, 27.08, 85.00, 22.10, 81.96, 21.98, 67.42, 40.26, 28.49, -999
08/07/16 10, 3.41, 3.55, 3.15, 3.68, 2.38, 5.25, 2.58, 91.47, 1.00, 91.49, 1.00, 0.00, 0.00, 0.00, 0.00, 0.00, 0.00, 0.00, 0.00, 49.65, 1.00, 36.00, 1.00, 0.00, 0.00, 31.45, 1.00, 0.00, 0.00, 0.00, 0.00, 2.98, 37.53, 26.59, 69.50, 26.55, 84.56, 22.65, 82.88, 22.54, 67.72, 40.82, 27.96, -999
08/07/16 11, 3.67, 2.79, 3.27, 3.56, 2.83, 5.44, 2.71, 92.19, 1.00, 92.20, 1.00, 0.00, 0.00, 33.54, 1.00, 0.00, 0.00, 0.00, 0.00, 48.07, 1.00, 35.44, 1.00, 0.00, 0.00, 31.44, 1.00, 0.00, 0.00, 0.00, 0.00, 2.98, 37.15, 22.77, 87.31, 22.83, 83.82, 22.55, 83.77, 22.44, 67.64, 40.49, 24.52, -999
08/07/16 12, 3.87, 1.93, 3.72, 3.52, 3.38, 5.50, 2.89, 92.55, 1.00, 92.57, 1.00, 0.00, 0.00, 32.91, 1.00, 0.00, 0.00, 0.00, 0.00, 46.52, 1.00, 35.80, 1.00, 0.00, 0.00, 29.44, 1.00, 0.00, 0.00, 0.00, 0.00, 2.98, 36.96, 22.15, 87.71, 22.21, 85.98, 22.89, 83.47, 22.79, 74.57, 40.37, 23.87, -999
08/07/16 13, 4.05, 1.09, 4.17, 4.03, 3.80, 5.50, 3.99, 90.90, 1.00, 90.92, 1.00, 0.00, 0.00, 31.73, 1.00, 0.00, 0.00, 0.00, 0.00, 46.94, 1.00, 35.56, 1.00, 0.00, 0.00, 31.42, 1.00, 0.00, 0.00, 0.00, 0.00, 2.98, 37.83, 21.40, 88.81, 21.45, 84.48, 23.32, 84.32, 23.21, 68.51, 41.32, 23.11, -999
08/07/16 14, 4.24, 0.59, 4.66, 4.19, 3.61, 5.50, 3.81, 95.33, 1.00, 95.35, 1.00, 0.00, 0.00, 34.31, 1.00, 0.00, 0.00, 0.00, 0.00, 48.53, 1.00, 0.00, 0.00, 0.00, 0.00, 31.72, 1.00, 0.00, 0.00, 110.76, 1.00, 2.98, 35.48, 25.63, 88.90, 25.70, 85.84, 28.86, 62.71, 28.74, 73.01, 28.76, 27.86, -999
08/07/16 15, 4.13, 0.88, 5.11, 4.41, 2.88, 5.50, 4.39, 95.32, 1.00, 95.34, 1.00, 0.00, 0.00, 33.76, 1.00, 0.00, 0.00, 0.00, 0.00, 48.50, 1.00, 0.00, 0.00, 0.00, 0.00, 31.92, 1.00, 0.00, 0.00, 109.04, 1.00, 2.98, 35.48, 25.88, 90.07, 25.95, 86.15, 28.78, 61.76, 28.67, 72.21, 28.99, 28.09, -999
08/07/16 16, 4.10, 1.52, 5.09, 3.66, 2.11, 5.50, 4.74, 95.01, 1.00, 95.03, 1.00, 0.00, 0.00, 0.00, 0.00, 0.00, 0.00, 0.00, 0.00, 0.00, 0.00, 0.00, 0.00, 0.00, 0.00, 31.82, 1.00, 0.00, 0.00, 79.84, 1.00, 2.98, 35.65, 30.81, 72.95, 30.81, 64.68, 28.88, 60.92, 28.76, 72.65, 33.15, 32.25, -999
08/07/16 17, 4.20, 2.28, 4.72, 2.77, 1.34, 5.16, 3.19, 94.82, 1.00, 94.84, 1.00, 0.00, 0.00, 0.00, 0.00, 0.00, 0.00, 0.00, 0.00, 49.79, 1.00, 38.20, 1.00, 0.00, 0.00, 0.00, 0.00, 0.00, 0.00, 95.38, 1.00, 2.98, 35.75, 28.62, 73.05, 28.58, 86.33, 28.14, 84.35, 28.14, 54.94, 31.24, 30.34, -999
08/07/16 18, 4.07, 2.74, 4.37, 3.20, 1.81, 5.10, 2.46, 95.11, 1.00, 95.12, 1.00, 0.00, 0.00, 0.00, 0.00, 0.00, 0.00, 0.00, 0.00, 50.22, 1.00, 35.76, 1.00, 0.00, 0.00, 31.05, 1.00, 0.00, 0.00, 91.55, 1.00, 2.98, 35.60, 28.82, 72.68, 28.78, 85.70, 21.90, 82.54, 21.79, 68.35, 31.42, 30.52, -999
08/07/16 19, 3.93, 3.17, 4.01, 3.41, 2.30, 5.35, 2.84, 95.53, 1.00, 95.55, 1.00, 0.00, 0.00, 0.00, 0.00, 0.00, 0.00, 0.00, 0.00, 50.60, 1.00, 35.74, 1.00, 0.00, 0.00, 31.44, 1.00, 0.00, 0.00, 88.00, 1.00, 2.98, 35.37, 29.03, 68.56, 28.99, 85.15, 21.52, 82.22, 21.41, 66.62, 31.61, 30.71, -999
08/07/16 20, 3.77, 3.56, 3.53, 3.43, 2.71, 5.40, 2.49, 96.16, 1.00, 96.18, 1.00, 0.00, 0.00, 0.00, 0.00, 0.00, 0.00, 0.00, 0.00, 50.44, 1.00, 35.58, 1.00, 0.00, 0.00, 31.45, 1.00, 0.00, 0.00, 83.71, 1.00, 2.98, 35.03, 29.21, 69.29, 29.17, 85.66, 21.15, 82.12, 21.03, 66.22, 31.77, 30.87, -999
08/07/16 21, 3.58, 3.90, 3.08, 3.57, 3.07, 5.36, 2.00, 96.00, 1.00, 96.02, 1.00, 0.00, 0.00, 0.00, 0.00, 0.00, 0.00, 0.00, 0.00, 50.57, 1.00, 35.79, 1.00, 0.00, 0.00, 31.46, 1.00, 0.00, 0.00, 82.00, 1.00, 2.98, 35.12, 29.47, 67.32, 29.43, 85.66, 21.11, 81.70, 20.99, 66.12, 32.02, 31.12, -999
08/07/16 22, 3.41, 3.94, 3.34, 3.66, 3.31, 5.34, 1.62, 96.60, 1.00, 96.62, 1.00, 0.00, 0.00, 36.39, 1.00, 0.00, 0.00, 0.00, 0.00, 50.55, 1.00, 35.80, 1.00, 0.00, 0.00, 31.33, 1.00, 0.00, 0.00, 84.51, 1.00, 2.98, 34.80, 28.30, 87.96, 28.37, 84.62, 20.75, 81.33, 20.63, 66.22, 31.30, 30.40, -999
08/07/16 23, 3.22, 3.91, 3.80, 3.46, 3.46, 5.40, 1.46, 97.01, 1.00, 97.03, 1.00, 0.00, 0.00, 36.47, 1.00, 0.00, 0.00, 0.00, 0.00, 50.45, 1.00, 35.09, 1.00, 0.00, 0.00, 31.30, 1.00, 0.00, 0.00, 82.69, 1.00, 2.98, 34.58, 28.26, 87.79, 28.33, 84.80, 20.64, 82.46, 20.53, 66.22, 31.25, 30.35, -999
09/07/16 00, 3.02, 3.86, 4.23, 3.38, 3.82, 5.45, 1.35, 96.54, 1.00, 96.56, 1.00, 0.00, 0.00, 35.09, 1.00, 0.00, 0.00, 0.00, 0.00, 50.19, 1.00, 34.71, 1.00, 0.00, 0.00, 30.97, 1.00, 0.00, 0.00, 84.43, 1.00, 2.98, 34.83, 28.26, 90.20, 28.32, 85.30, 21.01, 83.48, 20.89, 67.70, 31.23, 30.33, -999
09/07/16 01, 2.95, 3.86, 4.73, 3.49, 3.73, 5.50, 2.00, 95.44, 1.00, 95.46, 1.00, 0.00, 0.00, 34.04, 1.00, 0.00, 0.00, 0.00, 0.00, 49.28, 1.00, 0.00, 0.00, 0.00, 0.00, 31.06, 1.00, 0.00, 0.00, 89.08, 1.00, 2.98, 35.42, 28.32, 92.04, 28.38, 87.12, 28.13, 63.93, 28.02, 74.53, 31.30, 30.40, -999
09/07/16 02, 3.02, 3.93, 5.27, 3.97, 3.18, 5.50, 3.09, 95.28, 1.00, 95.30, 1.00, 0.00, 0.00, 33.71, 1.00, 0.00, 0.00, 0.00, 0.00, 49.12, 1.00, 0.00, 0.00, 0.00, 0.00, 31.04, 1.00, 0.00, 0.00, 89.39, 1.00, 2.98, 35.51, 28.40, 92.66, 28.46, 87.50, 28.24, 63.41, 28.12, 74.72, 31.37, 30.47, -999
09/07/16 03, 3.13, 4.27, 5.04, 4.46, 2.63, 5.50, 4.07, 94.76, 1.00, 94.78, 1.00, 0.00, 0.00, 0.00, 0.00, 0.00, 0.00, 0.00, 0.00, 48.87, 1.00, 0.00, 0.00, 0.00, 0.00, 30.59, 1.00, 0.00, 0.00, 83.01, 1.00, 2.98, 35.78, 29.98, 75.33, 29.94, 89.45, 28.56, 63.17, 28.45, 76.53, 32.52, 31.62, -999
09/07/16 04, 3.34, 4.91, 4.78, 3.90, 2.15, 5.41, 4.36, 91.92, 1.00, 91.94, 1.00, 0.00, 0.00, 0.00, 0.00, 0.00, 0.00, 0.00, 0.00, 0.00, 0.00, 0.00, 0.00, 0.00, 0.00, 0.00, 0.00, 0.00, 0.00, 72.63, 1.00, 2.98, 37.29, 33.51, 76.25, 33.51, 68.68, 32.54, 63.07, 32.54, 60.95, 35.81, 34.91, -999
09/07/16 05, 3.69, 5.67, 4.59, 3.08, 1.75, 5.18, 3.44, 86.88, 1.00, 86.90, 1.00, 0.00, 0.00, 0.00, 0.00, 0.00, 0.00, 0.00, 0.00, 0.00, 0.00, 0.00, 0.00, 0.00, 0.00, 0.00, 0.00, 0.00, 0.00, 0.00, 0.00, 2.98, 39.92, 30.67, 74.94, 30.67, 66.37, 35.38, 62.30, 35.38, 59.18, 44.39, 31.86, -999
09/07/16 06, 4.17, 5.19, 4.34, 3.57, 1.85, 5.01, 2.66, 90.40, 1.00, 90.42, 1.00, 0.00, 0.00, 0.00, 0.00, 0.00, 0.00, 0.00, 0.00, 49.04, 1.00, 35.89, 1.00, 0.00, 0.00, 31.34, 1.00, 0.00, 0.00, 0.00, 0.00, 2.98, 38.09, 28.27, 74.37, 28.23, 87.42, 23.56, 83.98, 23.44, 69.02, 41.63, 29.64, -999
09/07/16 07, 4.43, 4.67, 4.06, 4.09, 2.48, 5.29, 3.14, 89.97, 1.00, 89.99, 1.00, 0.00, 0.00, 0.00, 0.00, 0.00, 0.00, 0.00, 0.00, 49.40, 1.00, 36.06, 1.00, 0.00, 0.00, 31.36, 1.00, 0.00, 0.00, 0.00, 0.00, 2.98, 38.31, 27.73, 73.32, 27.69, 86.18, 23.84, 83.96, 23.72, 69.22, 41.95, 29.10, -999
09/07/16 08, 4.47, 4.15, 3.75, 4.31, 3.01, 5.50, 3.62, 112.41, 1.00, 0.00, 0.00, 0.00, 0.00, 0.00, 0.00, 0.00, 0.00, 0.00, 0.00, 48.68, 1.00, 35.46, 1.00, 0.00, 0.00, 30.20, 1.00, 0.00, 0.00, 0.00, 0.00, 2.99, 26.10, 27.26, 71.90, 27.22, 87.07, 22.75, 83.93, 22.64, 71.99, 38.58, 28.62, -999
09/07/16 09, 4.37, 3.90, 3.39, 3.85, 3.55, 5.50, 4.19, 113.23, 1.00, 0.00, 0.00, 0.00, 0.00, 0.00, 0.00, 0.00, 0.00, 0.00, 0.00, 0.00, 0.00, 35.32, 1.00, 0.00, 0.00, 30.46, 1.00, 0.00, 0.00, 0.00, 0.00, 2.99, 25.63, 28.90, 68.41, 28.90, 62.40, 22.30, 83.72, 22.19, 70.71, 38.19, 30.09, -999
09/07/16 10, 4.24, 3.75, 2.96, 2.70, 3.97, 5.50, 4.44, 112.89, 1.00, 0.00, 0.00, 0.00, 0.00, 34.91, 1.00, 0.00, 0.00, 0.00, 0.00, 48.79, 1.00, 0.00, 0.00, 0.00, 0.00, 32.25, 1.00, 0.00, 0.00, 0.00, 0.00, 2.99, 25.82, 23.48, 85.74, 23.55, 83.21, 28.98, 62.63, 28.85, 71.25, 38.41, 25.26, -999
09/07/16 11, 4.25, 2.86, 3.36, 2.63, 3.17, 5.50, 4.58, 112.79, 1.00, 0.00, 0.00, 0.00, 0.00, 34.04, 1.00, 0.00, 0.00, 0.00, 0.00, 48.50, 1.00, 0.00, 0.00, 0.00, 0.00, 31.97, 1.00, 0.00, 0.00, 0.00, 0.00, 2.99, 25.88, 22.73, 86.45, 22.80, 82.99, 29.05, 62.53, 28.93, 72.31, 38.45, 24.49, -999
09/07/16 12, 4.31, 1.99, 3.77, 2.55, 2.48, 5.36, 4.14, 111.85, 1.00, 0.00, 0.00, 0.00, 0.00, 33.63, 1.00, 0.00, 0.00, 0.00, 0.00, 47.81, 1.00, 0.00, 0.00, 0.00, 0.00, 0.00, 0.00, 0.00, 0.00, 0.00, 0.00, 2.99, 26.42, 21.99, 86.39, 22.05, 83.52, 32.25, 60.99, 32.25, 57.14, 39.05, 23.73, -999
09/07/16 13, 4.48, 1.13, 4.18, 2.71, 1.66, 5.03, 2.53, 112.28, 1.00, 0.00, 0.00, 0.00, 0.00, 32.19, 1.00, 0.00, 0.00, 0.00, 0.00, 47.52, 1.00, 0.00, 0.00, 0.00, 0.00, 33.13, 1.00, 0.00, 0.00, 0.00, 0.00, 2.99, 26.17, 21.32, 88.02, 21.38, 83.37, 29.16, 60.40, 29.03, 68.22, 38.74, 23.05, -999
09/07/16 14, 4.28, 0.52, 4.63, 2.85, 1.80, 5.19, 2.55, 118.15, 1.00, 0.00, 0.00, 0.00, 0.00, 33.18, 1.00, 0.00, 0.00, 0.00, 0.00, 49.12, 1.00, 34.92, 1.00, 0.00, 0.00, 30.45, 1.00, 0.00, 0.00, 93.50, 1.00, 2.99, 22.81, 25.07, 90.20, 25.13, 84.17, 19.74, 81.85, 19.63, 68.16, 28.06, 27.16, -999
09/07/16 15, 3.79, 0.63, 5.13, 2.94, 2.30, 5.43, 2.92, 118.59, 1.00, 0.00, 0.00, 0.00, 0.00, 33.63, 1.00, 0.00, 0.00, 0.00, 0.00, 48.45, 1.00, 34.70, 1.00, 0.00, 0.00, 30.33, 1.00, 0.00, 0.00, 90.75, 1.00, 2.99, 22.56, 25.14, 89.53, 25.20, 85.49, 19.49, 81.99, 19.39, 68.30, 28.11, 27.21, -999
09/07/16 16, 3.33, 0.90, 5.07, 3.33, 2.78, 5.50, 3.42, 118.27, 1.00, 0.00, 0.00, 0.00, 0.00, 0.00, 0.00, 0.00, 0.00, 0.00, 0.00, 49.13, 1.00, 34.65, 1.00, 0.00, 0.00, 29.90, 1.00, 0.00, 0.00, 83.53, 1.00, 2.99, 22.75, 26.63, 73.84, 26.59, 85.61, 19.76, 82.32, 19.65, 69.96, 29.17, 28.27, -999
09/07/16 17, 2.91, 1.25, 4.74, 3.61, 3.24, 5.50, 3.71, 119.13, 1.00, 0.00, 0.00, 0.00, 0.00, 0.00, 0.00, 0.00, 0.00, 0.00, 0.00, 49.31, 1.00, 34.51, 1.00, 0.00, 0.00, 29.75, 1.00, 0.00, 0.00, 78.28, 1.00, 2.99, 22.25, 26.73, 73.47, 26.69, 85.36, 19.25, 82.07, 19.15, 69.93, 29.24, 28.34, -999
09/07/16 18, 2.48, 1.55, 4.40, 3.77, 3.64, 5.50, 3.96, 119.09, 1.00, 0.00, 0.00, 0.00, 0.00, 0.00, 0.00, 0.00, 0.00, 0.00, 0.00, 49.40, 1.00, 34.19, 1.00, 0.00, 0.00, 29.51, 1.00, 0.00, 0.00, 76.29, 1.00, 2.99, 22.28, 26.94, 72.24, 26.90, 85.39, 19.37, 82.72, 19.27, 70.82, 29.44, 28.54, -999
09/07/16 19, 2.11, 1.83, 4.03, 3.90, 3.86, 5.50, 4.37, 118.85, 1.00, 0.00, 0.00, 0.00, 0.00, 0.00, 0.00, 0.00, 0.00, 0.00, 0.00, 49.68, 1.00, 0.00, 0.00, 0.00, 0.00, 31.33, 1.00, 0.00, 0.00, 76.35, 1.00, 2.99, 22.42, 27.21, 70.55, 27.17, 85.13, 25.69, 62.86, 25.57, 71.15, 29.72, 28.82, -999
09/07/16 20, 1.80, 2.10, 3.61, 3.91, 3.12, 5.50, 4.59, 119.32, 1.00, 0.00, 0.00, 0.00, 0.00, 0.00, 0.00, 0.00, 0.00, 0.00, 0.00, 49.56, 1.00, 0.00, 0.00, 0.00, 0.00, 31.51, 1.00, 0.00, 0.00, 72.51, 1.00, 2.99, 22.14, 27.35, 68.98, 27.31, 85.50, 25.35, 61.26, 25.23, 70.21, 29.83, 28.93, -999
09/07/16 21, 1.50, 2.34, 3.15, 4.01, 2.25, 5.50, 4.55, 120.52, 1.00, 0.00, 0.00, 0.00, 0.00, 0.00, 0.00, 0.00, 0.00, 0.00, 0.00, 49.82, 1.00, 0.00, 0.00, 0.00, 0.00, 31.67, 1.00, 0.00, 0.00, 65.88, 1.00, 2.99, 21.45, 27.37, 66.79, 27.33, 85.02, 24.62, 59.44, 24.50, 68.94, 29.82, 28.92, -999
09/07/16 22, 1.12, 2.23, 3.27, 3.93, 1.54, 5.50, 4.19, 122.49, 1.00, 0.00, 0.00, 0.00, 0.00, 36.51, 1.00, 0.00, 0.00, 0.00, 0.00, 49.73, 1.00, 35.07, 1.00, 0.00, 0.00, 30.04, 1.00, 0.00, 0.00, 60.61, 1.00, 2.99, 20.30, 26.08, 85.52, 26.16, 84.02, 16.76, 78.61, 16.66, 66.54, 28.95, 28.05, -999
09/07/16 23, 0.80, 2.05, 3.65, 3.52, 1.64, 5.49, 3.56, 98.92, 1.00, 98.94, 1.00, 0.00, 0.00, 35.26, 1.00, 0.00, 0.00, 0.00, 0.00, 49.86, 1.00, 35.48, 1.00, 0.00, 0.00, 30.51, 1.00, 0.00, 0.00, 82.58, 1.00, 2.97, 33.55, 26.44, 88.10, 26.51, 84.13, 18.79, 79.94, 18.68, 67.04, 29.40, 28.50, -999
10/07/16 00, 0.68, 2.02, 4.10, 3.32, 1.87, 5.50, 3.38, 98.01, 1.00, 98.03, 1.00, 0.00, 0.00, 34.07, 1.00, 0.00, 0.00, 0.00, 0.00, 48.87, 1.00, 34.69, 1.00, 0.00, 0.00, 29.18, 1.00, 0.00, 0.00, 85.89, 1.00, 2.97, 34.04, 26.46, 90.13, 26.52, 86.03, 19.67, 82.17, 19.57, 72.17, 29.41, 28.51, -999
10/07/16 01, 0.64, 2.05, 4.61, 3.69, 2.41, 5.50, 4.10, 97.86, 1.00, 97.88, 1.00, 0.00, 0.00, 33.12, 1.00, 0.00, 0.00, 0.00, 0.00, 48.10, 1.00, 34.24, 1.00, 0.00, 0.00, 28.65, 1.00, 0.00, 0.00, 86.02, 1.00, 2.97, 34.12, 26.53, 91.76, 26.59, 87.53, 19.94, 83.20, 19.84, 74.05, 29.46, 28.56, -999
10/07/16 02, 0.66, 2.11, 5.15, 4.28, 3.06, 5.43, 4.49, 97.50, 1.00, 97.52, 1.00, 0.00, 0.00, 32.78, 1.00, 0.00, 0.00, 0.00, 0.00, 47.80, 1.00, 35.94, 1.00, 0.00, 0.00, 0.00, 0.00, 0.00, 0.00, 87.68, 1.00, 2.97, 34.31, 26.62, 92.38, 26.67, 88.15, 25.41, 85.67, 25.41, 59.87, 29.55, 28.65, -999
10/07/16 03, 0.83, 2.60, 5.18, 3.86, 3.73, 5.14, 3.21, 95.41, 1.00, 95.43, 1.00, 0.00, 0.00, 0.00, 0.00, 0.00, 0.00, 0.00, 0.00, 0.00, 0.00, 35.68, 1.00, 0.00, 0.00, 0.00, 0.00, 0.00, 0.00, 68.93, 1.00, 2.98, 35.44, 30.86, 76.37, 30.86, 68.91, 26.46, 87.19, 26.46, 59.97, 33.15, 32.25, -999
10/07/16 04, 1.14, 3.34, 4.97, 3.08, 3.75, 5.01, 2.71, 94.95, 1.00, 94.97, 1.00, 0.00, 0.00, 0.00, 0.00, 0.00, 0.00, 0.00, 0.00, 0.00, 0.00, 0.00, 0.00, 0.00, 0.00, 31.47, 1.00, 0.00, 0.00, 67.21, 1.00, 2.98, 35.68, 31.46, 76.51, 31.46, 68.49, 27.39, 64.88, 27.27, 72.40, 33.74, 32.84, -999
10/07/16 05, 1.37, 3.78, 4.79, 3.59, 3.40, 5.43, 3.83, 95.57, 1.00, 95.59, 1.00, 0.00, 0.00, 0.00, 0.00, 0.00, 0.00, 0.00, 0.00, 48.12, 1.00, 0.00, 0.00, 0.00, 0.00, 31.33, 1.00, 0.00, 0.00, 80.06, 1.00, 2.98, 35.35, 29.39, 76.34, 29.36, 90.26, 27.21, 64.51, 27.10, 72.69, 31.91, 31.01, -999
10/07/16 06, 1.61, 4.13, 4.61, 4.51, 3.05, 5.45, 4.60, 94.01, 1.00, 94.02, 1.00, 0.00, 0.00, 0.00, 0.00, 0.00, 0.00, 0.00, 0.00, 0.00, 0.00, 0.00, 0.00, 0.00, 0.00, 0.00, 0.00, 0.00, 0.00, 68.13, 1.00, 2.98, 36.18, 32.33, 75.69, 32.33, 69.14, 30.85, 63.72, 30.85, 60.23, 34.61, 33.71, -999
10/07/16 07, 1.97, 4.85, 4.39, 3.66, 2.59, 5.18, 3.39, 94.21, 1.00, 94.22, 1.00, 0.00, 0.00, 0.00, 0.00, 0.00, 0.00, 0.00, 0.00, 0.00, 0.00, 0.00, 0.00, 0.00, 0.00, 0.00, 0.00, 0.00, 0.00, 64.33, 1.00, 2.98, 36.08, 32.72, 74.55, 32.72, 66.84, 30.96, 63.04, 30.96, 58.84, 34.98, 34.08, -999
10/07/16 08, 2.25, 5.37, 4.12, 3.24, 2.09, 5.02, 2.61, 95.82, 1.00, 95.84, 1.00, 0.00, 0.00, 0.00, 0.00, 0.00, 0.00, 0.00, 0.00, 50.27, 1.00, 0.00, 0.00, 0.00, 0.00, 32.32, 1.00, 0.00, 0.00, 71.46, 1.00, 2.98, 35.22, 30.55, 72.60, 30.51, 87.32, 27.42, 62.19, 27.30, 69.44, 33.03, 32.13, -999
10/07/16 09, 2.49, 5.28, 3.78, 3.69, 1.52, 5.31, 3.12, 92.12, 1.00, 92.14, 1.00, 0.00, 0.00, 0.00, 0.00, 0.00, 0.00, 0.00, 0.00, 49.62, 1.00, 0.00, 0.00, 0.00, 0.00, 32.81, 1.00, 0.00, 0.00, 0.00, 0.00, 2.98, 37.18, 28.32, 73.25, 28.28, 86.36, 29.15, 60.90, 29.03, 69.41, 40.56, 29.69, -999
10/07/16 10, 2.71, 4.76, 3.48, 3.99, 1.96, 5.50, 3.37, 93.31, 1.00, 93.33, 1.00, 0.00, 0.00, 0.00, 0.00, 0.00, 0.00, 0.00, 0.00, 49.52, 1.00, 35.91, 1.00, 0.00, 0.00, 30.69, 1.00, 0.00, 0.00, 0.00, 0.00, 2.98, 36.55, 27.80, 70.42, 27.76, 86.04, 21.66, 82.05, 21.55, 69.31, 39.58, 29.18, -999
10/07/16 11, 2.92, 4.23, 3.07, 4.19, 2.37, 5.50, 3.49, 93.28, 1.00, 93.30, 1.00, 0.00, 0.00, 0.00, 0.00, 0.00, 0.00, 0.00, 0.00, 49.43, 1.00, 35.96, 1.00, 0.00, 0.00, 30.72, 1.00, 0.00, 0.00, 0.00, 0.00, 2.98, 36.57, 27.29, 69.75, 27.25, 85.69, 21.74, 82.04, 21.63, 69.27, 39.66, 28.66, -999
10/07/16 12, 3.11, 3.44, 3.29, 4.25, 2.73, 5.50, 3.57, 93.71, 1.00, 93.73, 1.00, 0.00, 0.00, 34.12, 1.00, 0.00, 0.00, 0.00, 0.00, 47.91, 1.00, 35.58, 1.00, 0.00, 0.00, 30.55, 1.00, 0.00, 0.00, 0.00, 0.00, 2.98, 36.34, 23.37, 86.96, 23.43, 84.71, 21.76, 82.72, 21.65, 69.86, 39.49, 25.12, -999
10/07/16 13, 3.27, 2.57, 3.72, 4.28, 3.16, 5.50, 3.76, 93.19, 1.00, 93.21, 1.00, 0.00, 0.00, 34.02, 1.00, 0.00, 0.00, 0.00, 0.00, 47.80, 1.00, 35.73, 1.00, 0.00, 0.00, 30.60, 1.00, 0.00, 0.00, 0.00, 0.00, 2.98, 36.62, 22.52, 86.28, 22.59, 84.08, 22.03, 82.73, 21.92, 69.96, 39.82, 24.28, -999
10/07/16 14, 3.44, 1.71, 4.12, 4.14, 3.52, 5.50, 3.93, 92.56, 1.00, 92.58, 1.00, 0.00, 0.00, 33.08, 1.00, 0.00, 0.00, 0.00, 0.00, 47.53, 1.00, 35.73, 1.00, 0.00, 0.00, 30.79, 1.00, 0.00, 0.00, 0.00, 0.00, 2.98, 36.95, 21.80, 87.09, 21.86, 83.84, 22.36, 83.06, 22.25, 69.66, 40.22, 23.53, -999
10/07/16 15, 3.64, 0.86, 4.53, 4.01, 3.88, 5.50, 3.99, 92.76, 1.00, 92.78, 1.00, 0.00, 0.00, 33.43, 1.00, 0.00, 0.00, 0.00, 0.00, 46.89, 1.00, 35.70, 1.00, 0.00, 0.00, 30.65, 1.00, 0.00, 0.00, 0.00, 0.00, 2.98, 36.84, 20.98, 85.70, 21.04, 84.15, 22.40, 83.15, 22.29, 70.15, 40.17, 22.71, -999
10/07/16 16, 3.65, 0.65, 4.91, 4.12, 3.46, 5.50, 4.23, 96.44, 1.00, 96.46, 1.00, 0.00, 0.00, 35.13, 1.00, 0.00, 0.00, 0.00, 0.00, 49.15, 1.00, 0.00, 0.00, 0.00, 0.00, 32.21, 1.00, 0.00, 0.00, 106.66, 1.00, 2.98, 34.88, 25.46, 87.34, 25.53, 84.51, 28.02, 61.24, 27.90, 70.43, 28.58, 27.68, -999
10/07/16 17, 3.51, 0.88, 5.30, 3.97, 2.55, 5.50, 4.25, 96.31, 1.00, 96.32, 1.00, 0.00, 0.00, 0.00, 0.00, 0.00, 0.00, 0.00, 0.00, 49.92, 1.00, 0.00, 0.00, 0.00, 0.00, 31.98, 1.00, 0.00, 0.00, 97.40, 1.00, 2.98, 34.96, 27.33, 71.01, 27.29, 84.79, 28.07, 60.47, 27.95, 71.27, 29.97, 29.07, -999
10/07/16 18, 3.42, 1.37, 4.85, 3.82, 1.66, 5.50, 4.45, 96.30, 1.00, 96.32, 1.00, 0.00, 0.00, 0.00, 0.00, 0.00, 0.00, 0.00, 0.00, 50.08, 1.00, 0.00, 0.00, 0.00, 0.00, 32.30, 1.00, 0.00, 0.00, 94.89, 1.00, 2.98, 34.96, 27.66, 70.16, 27.62, 84.81, 27.98, 58.71, 27.85, 70.06, 30.28, 29.38, -999
10/07/16 19, 3.22, 1.81, 4.39, 3.70, 1.65, 5.50, 4.21, 97.24, 1.00, 97.26, 1.00, 0.00, 0.00, 0.00, 0.00, 0.00, 0.00, 0.00, 0.00, 49.98, 1.00, 35.79, 1.00, 0.00, 0.00, 30.50, 1.00, 0.00, 0.00, 88.67, 1.00, 2.97, 34.45, 27.75, 70.24, 27.71, 85.08, 20.54, 81.13, 20.43, 68.79, 30.33, 29.43, -999
10/07/16 20, 3.00, 2.21, 3.94, 3.71, 2.00, 5.50, 4.05, 97.22, 1.00, 97.24, 1.00, 0.00, 0.00, 0.00, 0.00, 0.00, 0.00, 0.00, 0.00, 50.40, 1.00, 35.85, 1.00, 0.00, 0.00, 30.83, 1.00, 0.00, 0.00, 86.41, 1.00, 2.97, 34.46, 28.00, 70.83, 27.96, 84.51, 20.38, 80.87, 20.26, 67.54, 30.57, 29.67, -999
10/07/16 21, 2.80, 2.58, 3.53, 3.47, 2.27, 5.50, 3.59, 96.96, 1.00, 96.97, 1.00, 0.00, 0.00, 0.00, 0.00, 0.00, 0.00, 0.00, 0.00, 50.47, 1.00, 35.58, 1.00, 0.00, 0.00, 30.28, 1.00, 0.00, 0.00, 84.96, 1.00, 2.98, 34.61, 28.30, 68.90, 28.26, 84.67, 20.66, 81.63, 20.56, 69.66, 30.86, 29.96, -999
10/07/16 22, 2.65, 2.94, 3.07, 3.36, 2.62, 5.50, 3.77, 97.88, 1.00, 97.90, 1.00, 0.00, 0.00, 0.00, 0.00, 0.00, 0.00, 0.00, 0.00, 50.15, 1.00, 35.18, 1.00, 0.00, 0.00, 30.29, 1.00, 0.00, 0.00, 79.69, 1.00, 2.97, 34.11, 28.43, 69.47, 28.39, 85.44, 20.18, 81.84, 20.07, 69.12, 30.96, 30.06, -999
10/07/16 23, 2.43, 2.97, 3.37, 3.49, 3.00, 5.50, 3.79, 96.97, 1.00, 96.99, 1.00, 0.00, 0.00, 35.54, 1.00, 0.00, 0.00, 0.00, 0.00, 49.38, 1.00, 35.18, 1.00, 0.00, 0.00, 30.06, 1.00, 0.00, 0.00, 87.74, 1.00, 2.98, 34.60, 27.37, 88.53, 27.44, 85.98, 20.67, 82.33, 20.56, 70.35, 30.37, 29.47, -999
11/07/16 00, 2.30, 2.99, 3.85, 3.79, 3.39, 5.50, 4.08, 97.48, 1.00, 97.50, 1.00, 0.00, 0.00, 34.77, 1.00, 0.00, 0.00, 0.00, 0.00, 49.38, 1.00, 34.87, 1.00, 0.00, 0.00, 29.75, 1.00, 0.00, 0.00, 85.25, 1.00, 2.97, 34.32, 27.40, 89.89, 27.47, 86.02, 20.50, 82.69, 20.39, 71.19, 30.37, 29.47, -999
11/07/16 01, 2.15, 3.00, 4.35, 4.03, 3.81, 5.50, 4.49, 96.59, 1.00, 96.61, 1.00, 0.00, 0.00, 34.62, 1.00, 0.00, 0.00, 0.00, 0.00, 48.31, 1.00, 34.45, 1.00, 0.00, 0.00, 30.10, 1.00, 0.00, 0.00, 88.10, 1.00, 2.98, 34.80, 27.45, 90.20, 27.52, 88.07, 20.89, 83.80, 20.78, 70.46, 30.42, 29.52, -999
11/07/16 02, 2.16, 3.07, 4.85, 4.63, 3.78, 5.50, 4.73, 95.47, 1.00, 95.49, 1.00, 0.00, 0.00, 34.41, 1.00, 0.00, 0.00, 0.00, 0.00, 0.00, 0.00, 0.00, 0.00, 0.00, 0.00, 30.24, 1.00, 0.00, 0.00, 81.39, 1.00, 2.98, 35.40, 29.48, 92.57, 29.58, 67.28, 27.81, 64.28, 27.70, 76.94, 32.02, 31.12, -999
11/07/16 03, 2.42, 3.59, 5.40, 3.51, 3.29, 5.25, 3.65, 93.45, 1.00, 93.46, 1.00, 0.00, 0.00, 0.00, 0.00, 0.00, 0.00, 0.00, 0.00, 0.00, 0.00, 0.00, 0.00, 0.00, 0.00, 0.00, 0.00, 0.00, 0.00, 73.28, 1.00, 2.98, 36.48, 32.25, 76.46, 32.25, 68.65, 31.45, 64.08, 31.45, 59.69, 34.56, 33.66, -999
11/07/16 04, 2.74, 4.24, 5.19, 3.30, 2.86, 4.96, 2.54, 93.61, 1.00, 93.62, 1.00, 0.00, 0.00, 0.00, 0.00, 0.00, 0.00, 0.00, 0.00, 49.24, 1.00, 0.00, 0.00, 0.00, 0.00, 0.00, 0.00, 0.00, 0.00, 87.68, 1.00, 2.98, 36.40, 30.17, 75.93, 30.13, 88.94, 31.44, 64.14, 31.44, 60.05, 32.74, 31.84, -999
11/07/16 05, 2.94, 4.62, 4.95, 4.03, 2.56, 5.24, 3.38, 94.54, 1.00, 94.56, 1.00, 0.00, 0.00, 0.00, 0.00, 0.00, 0.00, 0.00, 0.00, 49.24, 1.00, 0.00, 0.00, 0.00, 0.00, 31.62, 1.00, 0.00, 0.00, 81.53, 1.00, 2.98, 35.90, 30.24, 75.91, 30.20, 89.01, 28.40, 63.99, 28.28, 72.90, 32.77, 31.87, -999
11/07/16 06, 3.11, 5.06, 4.73, 4.21, 2.31, 5.50, 4.65, 93.44, 1.00, 93.46, 1.00, 0.00, 0.00, 0.00, 0.00, 0.00, 0.00, 0.00, 0.00, 0.00, 0.00, 0.00, 0.00, 0.00, 0.00, 30.72, 1.00, 0.00, 0.00, 65.74, 1.00, 2.98, 36.48, 33.05, 74.99, 33.05, 69.66, 29.11, 63.12, 29.00, 76.66, 35.32, 34.42, -999
11/07/16 07, 3.53, 5.50, 4.47, 3.50, 1.88, 5.29, 3.92, 88.56, 1.00, 88.58, 1.00, 0.00, 0.00, 0.00, 0.00, 0.00, 0.00, 0.00, 0.00, 0.00, 0.00, 0.00, 0.00, 0.00, 0.00, 0.00, 0.00, 0.00, 0.00, 0.00, 0.00, 2.98, 39.05, 30.50, 73.81, 30.50, 66.23, 34.52, 62.28, 34.52, 59.20, 43.32, 31.69, -999
11/07/16 08, 4.01, 5.21, 4.16, 3.30, 1.67, 4.97, 2.61, 91.14, 1.00, 91.16, 1.00, 0.00, 0.00, 0.00, 0.00, 0.00, 0.00, 0.00, 0.00, 50.05, 1.00, 38.27, 1.00, 0.00, 0.00, 0.00, 0.00, 0.00, 0.00, 0.00, 0.00, 2.98, 37.70, 28.22, 71.00, 28.18, 85.43, 29.45, 85.42, 29.45, 56.12, 41.46, 29.60, -999
11/07/16 09, 4.20, 4.68, 3.75, 3.47, 2.18, 5.15, 2.71, 92.33, 1.00, 92.35, 1.00, 0.00, 0.00, 0.00, 0.00, 0.00, 0.00, 0.00, 0.00, 50.19, 1.00, 36.27, 1.00, 0.00, 0.00, 31.62, 1.00, 0.00, 0.00, 0.00, 0.00, 2.98, 37.07, 27.68, 69.15, 27.64, 84.62, 22.45, 82.19, 22.33, 66.91, 40.56, 29.06, -999
11/07/16 10, 4.35, 4.15, 3.29, 3.38, 2.55, 5.26, 2.51, 91.67, 1.00, 91.68, 1.00, 0.00, 0.00, 0.00, 0.00, 0.00, 0.00, 0.00, 0.00, 49.85, 1.00, 36.17, 1.00, 0.00, 0.00, 31.32, 1.00, 0.00, 0.00, 0.00, 0.00, 2.98, 37.42, 27.17, 69.42, 27.13, 84.77, 22.94, 82.86, 22.83, 68.45, 40.98, 28.55, -999
11/07/16 11, 4.54, 3.50, 3.14, 3.38, 2.96, 5.50, 2.88, 112.53, 1.00, 0.00, 0.00, 0.00, 0.00, 33.22, 1.00, 0.00, 0.00, 0.00, 0.00, 48.09, 1.00, 35.73, 1.00, 0.00, 0.00, 31.18, 1.00, 0.00, 0.00, 0.00, 0.00, 2.99, 26.03, 23.51, 88.58, 23.57, 84.52, 22.40, 83.10, 22.28, 68.39, 38.54, 25.25, -999
11/07/16 12, 4.42, 2.64, 3.63, 3.55, 3.39, 5.50, 2.85, 111.99, 1.00, 0.00, 0.00, 0.00, 0.00, 32.86, 1.00, 0.00, 0.00, 0.00, 0.00, 48.18, 1.00, 35.98, 1.00, 0.00, 0.00, 29.80, 1.00, 0.00, 0.00, 0.00, 0.00, 2.99, 26.33, 22.68, 88.32, 22.74, 83.53, 22.88, 83.14, 22.78, 73.44, 38.73, 24.42, -999
11/07/16 13, 4.37, 1.78, 4.10, 3.41, 3.75, 5.50, 3.79, 112.83, 1.00, 0.00, 0.00, 0.00, 0.00, 33.48, 1.00, 0.00, 0.00, 0.00, 0.00, 47.56, 1.00, 36.17, 1.00, 0.00, 0.00, 30.14, 1.00, 0.00, 0.00, 0.00, 0.00, 2.99, 25.86, 21.82, 86.46, 21.88, 83.81, 22.36, 82.29, 22.26, 71.81, 38.36, 23.56, -999
11/07/16 14, 4.25, 0.92, 4.50, 3.47, 3.94, 5.50, 4.31, 112.95, 1.00, 0.00, 0.00, 0.00, 0.00, 33.08, 1.00, 0.00, 0.00, 0.00, 0.00, 47.34, 1.00, 35.53, 1.00, 0.00, 0.00, 30.06, 1.00, 0.00, 0.00, 0.00, 0.00, 2.99, 25.79, 21.04, 86.33, 21.10, 83.42, 22.45, 83.49, 22.34, 72.16, 38.28, 22.77, -999
11/07/16 15, 4.05, 0.58, 4.90, 3.47, 3.36, 5.50, 4.91, 115.35, 1.00, 0.00, 0.00, 0.00, 0.00, 33.42, 1.00, 0.00, 0.00, 0.00, 0.00, 48.96, 1.00, 0.00, 0.00, 0.00, 0.00, 0.00, 0.00, 0.00, 0.00, 104.54, 1.00, 2.99, 24.43, 25.42, 90.16, 25.47, 84.81, 30.61, 62.65, 30.61, 57.47, 28.49, 27.59, -999
11/07/16 16, 3.81, 0.85, 5.24, 3.59, 2.66, 5.08, 2.96, 115.27, 1.00, 0.00, 0.00, 0.00, 0.00, 0.00, 0.00, 0.00, 0.00, 0.00, 0.00, 49.64, 1.00, 0.00, 0.00, 0.00, 0.00, 0.00, 0.00, 0.00, 0.00, 95.16, 1.00, 2.99, 24.47, 27.19, 73.44, 27.15, 85.18, 30.60, 62.47, 30.60, 56.02, 29.81, 28.91, -999
11/07/16 17, 3.51, 1.29, 4.89, 3.68, 2.04, 5.15, 2.66, 117.50, 1.00, 0.00, 0.00, 0.00, 0.00, 0.00, 0.00, 0.00, 0.00, 0.00, 0.00, 49.01, 1.00, 0.00, 0.00, 0.00, 0.00, 32.36, 1.00, 0.00, 0.00, 85.03, 1.00, 2.99, 23.19, 27.09, 72.88, 27.06, 86.29, 26.52, 61.11, 26.40, 68.39, 29.65, 28.75, -999
11/07/16 18, 3.12, 1.64, 4.52, 4.03, 1.58, 5.36, 2.85, 118.71, 1.00, 0.00, 0.00, 0.00, 0.00, 0.00, 0.00, 0.00, 0.00, 0.00, 0.00, 49.03, 1.00, 35.06, 1.00, 0.00, 0.00, 30.41, 1.00, 0.00, 0.00, 77.44, 1.00, 2.99, 22.49, 27.10, 72.78, 27.06, 86.26, 19.23, 81.09, 19.12, 67.78, 29.60, 28.70, -999
11/07/16 19, 2.70, 1.93, 4.16, 4.31, 2.01, 5.50, 3.10, 119.75, 1.00, 0.00, 0.00, 0.00, 0.00, 0.00, 0.00, 0.00, 0.00, 0.00, 0.00, 49.65, 1.00, 35.11, 1.00, 0.00, 0.00, 30.04, 1.00, 0.00, 0.00, 71.53, 1.00, 2.99, 21.89, 27.14, 71.03, 27.10, 85.11, 18.63, 80.40, 18.52, 68.40, 29.62, 28.72, -999
11/07/16 20, 2.26, 2.15, 3.75, 4.21, 2.29, 5.50, 3.14, 120.17, 1.00, 0.00, 0.00, 0.00, 0.00, 0.00, 0.00, 0.00, 0.00, 0.00, 0.00, 49.89, 1.00, 35.07, 1.00, 0.00, 0.00, 30.21, 1.00, 0.00, 0.00, 67.95, 1.00, 2.99, 21.65, 27.24, 70.08, 27.20, 84.74, 18.29, 80.13, 18.18, 67.49, 29.70, 28.80, -999
11/07/16 21, 1.83, 2.33, 3.33, 3.97, 2.50, 5.50, 2.95, 120.97, 1.00, 0.00, 0.00, 0.00, 0.00, 0.00, 0.00, 0.00, 0.00, 0.00, 0.00, 49.66, 1.00, 34.85, 1.00, 0.00, 0.00, 29.91, 1.00, 0.00, 0.00, 62.64, 1.00, 2.99, 21.18, 27.29, 68.77, 27.25, 85.25, 17.87, 80.10, 17.77, 68.07, 29.73, 28.83, -999
11/07/16 22, 1.40, 2.35, 3.12, 3.99, 2.70, 5.50, 2.96, 122.45, 1.00, 0.00, 0.00, 0.00, 0.00, 36.05, 1.00, 0.00, 0.00, 0.00, 0.00, 49.35, 1.00, 34.04, 1.00, 0.00, 0.00, 29.97, 1.00, 0.00, 0.00, 59.96, 1.00, 2.99, 20.32, 26.23, 86.49, 26.30, 84.89, 17.08, 80.67, 16.97, 67.06, 29.08, 28.18, -999
11/07/16 23, 0.95, 2.10, 3.54, 3.95, 3.04, 5.50, 2.74, 99.21, 1.00, 99.23, 1.00, 0.00, 0.00, 35.68, 1.00, 0.00, 0.00, 0.00, 0.00, 49.71, 1.00, 34.75, 1.00, 0.00, 0.00, 30.28, 1.00, 0.00, 0.00, 81.52, 1.00, 2.97, 33.39, 26.47, 87.40, 26.54, 84.45, 18.94, 81.34, 18.83, 67.93, 29.44, 28.54, -999
12/07/16 00, 0.80, 2.06, 3.97, 3.73, 3.35, 5.50, 2.73, 98.26, 1.00, 98.28, 1.00, 0.00, 0.00, 34.92, 1.00, 0.00, 0.00, 0.00, 0.00, 49.63, 1.00, 34.74, 1.00, 0.00, 0.00, 29.55, 1.00, 0.00, 0.00, 85.14, 1.00, 2.97, 33.90, 26.46, 88.70, 26.53, 84.58, 19.53, 81.95, 19.43, 70.85, 29.43, 28.53, -999
12/07/16 01, 0.73, 2.06, 4.43, 3.64, 3.70, 5.50, 3.32, 99.20, 1.00, 99.22, 1.00, 0.00, 0.00, 33.65, 1.00, 0.00, 0.00, 0.00, 0.00, 48.97, 1.00, 33.95, 1.00, 0.00, 0.00, 29.95, 1.00, 0.00, 0.00, 81.23, 1.00, 2.97, 33.40, 26.49, 90.85, 26.55, 85.87, 19.14, 82.89, 19.03, 69.19, 29.41, 28.51, -999
12/07/16 02, 0.65, 2.05, 4.95, 3.93, 3.77, 5.50, 3.53, 97.49, 1.00, 97.51, 1.00, 0.00, 0.00, 32.72, 1.00, 0.00, 0.00, 0.00, 0.00, 48.38, 1.00, 0.00, 0.00, 0.00, 0.00, 30.32, 1.00, 0.00, 0.00, 88.34, 1.00, 2.97, 34.32, 26.55, 92.42, 26.61, 87.04, 26.17, 64.27, 26.06, 75.02, 29.50, 28.60, -999
12/07/16 03, 0.79, 2.24, 5.21, 4.40, 3.27, 5.50, 4.54, 96.62, 1.00, 96.64, 1.00, 0.00, 0.00, 0.00, 0.00, 0.00, 0.00, 0.00, 0.00, 47.37, 1.00, 0.00, 0.00, 0.00, 0.00, 29.69, 1.00, 0.00, 0.00, 84.08, 1.00, 2.98, 34.79, 28.09, 76.39, 28.05, 90.32, 26.70, 64.06, 26.59, 77.59, 30.62, 29.72, -999
12/07/16 04, 1.11, 2.93, 5.00, 4.01, 2.84, 5.32, 4.04, 94.47, 1.00, 94.49, 1.00, 0.00, 0.00, 0.00, 0.00, 0.00, 0.00, 0.00, 0.00, 0.00, 0.00, 0.00, 0.00, 0.00, 0.00, 0.00, 0.00, 0.00, 0.00, 71.96, 1.00, 2.98, 35.94, 31.47, 75.54, 31.47, 69.45, 30.38, 63.38, 30.38, 60.01, 33.76, 32.86, -999
12/07/16 05, 1.47, 3.69, 4.75, 3.30, 2.35, 5.05, 2.91, 94.07, 1.00, 94.09, 1.00, 0.00, 0.00, 0.00, 0.00, 0.00, 0.00, 0.00, 0.00, 0.00, 0.00, 0.00, 0.00, 0.00, 0.00, 0.00, 0.00, 0.00, 0.00, 69.97, 1.00, 2.98, 36.15, 32.04, 75.82, 32.04, 66.40, 30.74, 62.81, 30.74, 57.83, 34.33, 33.43, -999
12/07/16 06, 1.73, 4.14, 4.54, 3.42, 1.85, 5.02, 2.49, 95.98, 1.00, 96.00, 1.00, 0.00, 0.00, 0.00, 0.00, 0.00, 0.00, 0.00, 0.00, 50.08, 1.00, 0.00, 0.00, 0.00, 0.00, 32.19, 1.00, 0.00, 0.00, 77.57, 1.00, 2.98, 35.13, 29.55, 74.95, 29.51, 86.70, 27.10, 62.63, 26.98, 69.59, 32.06, 31.16, -999
12/07/16 07, 1.87, 4.42, 4.28, 3.78, 1.52, 5.32, 3.04, 97.17, 1.00, 97.19, 1.00, 0.00, 0.00, 0.00, 0.00, 0.00, 0.00, 0.00, 0.00, 49.83, 1.00, 35.28, 1.00, 0.00, 0.00, 30.59, 1.00, 0.00, 0.00, 71.23, 1.00, 2.97, 34.49, 29.61, 72.14, 29.57, 87.24, 20.11, 81.60, 20.00, 68.08, 32.09, 31.19, -999
12/07/16 08, 1.81, 4.64, 3.91, 4.19, 1.99, 5.50, 3.30, 98.52, 1.00, 98.54, 1.00, 0.00, 0.00, 0.00, 0.00, 0.00, 0.00, 0.00, 0.00, 50.30, 1.00, 34.74, 1.00, 0.00, 0.00, 29.87, 1.00, 0.00, 0.00, 64.75, 1.00, 2.97, 33.76, 29.64, 69.79, 29.60, 86.35, 19.72, 82.14, 19.61, 70.04, 32.09, 31.19, -999
12/07/16 09, 1.65, 4.79, 3.47, 4.34, 2.51, 5.50, 3.63, 97.24, 1.00, 97.26, 1.00, 0.00, 0.00, 0.00, 0.00, 0.00, 0.00, 0.00, 0.00, 50.71, 1.00, 35.28, 1.00, 0.00, 0.00, 30.16, 1.00, 0.00, 0.00, 68.09, 1.00, 2.97, 34.45, 29.85, 71.17, 29.81, 85.75, 20.06, 81.54, 19.95, 69.43, 32.32, 31.42, -999
12/07/16 10, 1.61, 4.97, 3.09, 4.25, 2.86, 5.50, 3.77, 98.17, 1.00, 98.19, 1.00, 0.00, 0.00, 0.00, 0.00, 0.00, 0.00, 0.00, 0.00, 50.49, 1.00, 34.98, 1.00, 0.00, 0.00, 30.09, 1.00, 0.00, 0.00, 63.23, 1.00, 2.97, 33.95, 29.92, 69.87, 29.88, 86.27, 19.69, 81.70, 19.58, 69.29, 32.37, 31.47, -999
12/07/16 11, 1.49, 4.84, 3.34, 4.33, 3.21, 5.50, 3.85, 97.07, 1.00, 97.09, 1.00, 0.00, 0.00, 35.13, 1.00, 0.00, 0.00, 0.00, 0.00, 50.20, 1.00, 34.55, 1.00, 0.00, 0.00, 30.04, 1.00, 0.00, 0.00, 71.36, 1.00, 2.97, 34.55, 29.07, 90.94, 29.13, 86.08, 20.25, 83.00, 20.15, 70.01, 31.97, 31.07, -999
12/07/16 12, 1.48, 4.70, 3.88, 4.40, 3.71, 5.50, 4.06, 96.64, 1.00, 96.65, 1.00, 0.00, 0.00, 35.65, 1.00, 0.00, 0.00, 0.00, 0.00, 50.42, 1.00, 34.11, 1.00, 0.00, 0.00, 30.00, 1.00, 0.00, 0.00, 73.91, 1.00, 2.98, 34.78, 28.95, 89.93, 29.02, 85.54, 20.53, 84.00, 20.42, 70.42, 31.88, 30.98, -999
12/07/16 13, 1.57, 4.59, 4.38, 4.27, 3.74, 5.50, 4.39, 96.93, 1.00, 96.94, 1.00, 0.00, 0.00, 34.43, 1.00, 0.00, 0.00, 0.00, 0.00, 49.87, 1.00, 0.00, 0.00, 0.00, 0.00, 31.61, 1.00, 0.00, 0.00, 74.73, 1.00, 2.98, 34.62, 28.92, 91.99, 28.98, 86.58, 26.72, 63.09, 26.60, 71.23, 31.82, 30.92, -999
12/07/16 14, 1.67, 4.49, 4.93, 4.49, 3.04, 5.50, 4.59, 97.09, 1.00, 97.11, 1.00, 0.00, 0.00, 34.75, 1.00, 0.00, 0.00, 0.00, 0.00, 49.35, 1.00, 0.00, 0.00, 0.00, 0.00, 31.43, 1.00, 0.00, 0.00, 75.02, 1.00, 2.97, 34.54, 28.83, 91.35, 28.89, 87.49, 26.74, 62.30, 26.63, 71.88, 31.73, 30.83, -999
12/07/16 15, 1.83, 4.82, 5.20, 3.62, 2.33, 5.38, 4.22, 94.74, 1.00, 94.76, 1.00, 0.00, 0.00, 0.00, 0.00, 0.00, 0.00, 0.00, 0.00, 0.00, 0.00, 0.00, 0.00, 0.00, 0.00, 0.00, 0.00, 0.00, 0.00, 62.56, 1.00, 2.98, 35.79, 32.55, 73.28, 32.55, 60.68, 30.68, 62.57, 30.68, 59.61, 34.80, 33.90, -999
12/07/16 16, 2.11, 5.28, 4.84, 2.78, 1.79, 5.08, 2.94, 95.66, 1.00, 95.68, 1.00, 0.00, 0.00, 0.00, 0.00, 0.00, 0.00, 0.00, 0.00, 51.22, 1.00, 0.00, 0.00, 0.00, 0.00, 0.00, 0.00, 0.00, 0.00, 74.08, 1.00, 2.98, 35.30, 30.51, 71.80, 30.47, 85.39, 30.39, 61.34, 30.39, 56.82, 33.01, 32.11, -999
12/07/16 17, 2.20, 5.49, 4.43, 2.91, 1.70, 5.04, 2.39, 96.02, 1.00, 96.04, 1.00, 0.00, 0.00, 0.00, 0.00, 0.00, 0.00, 0.00, 0.00, 50.56, 1.00, 35.39, 1.00, 0.00, 0.00, 30.92, 1.00, 0.00, 0.00, 68.78, 1.00, 2.98, 35.11, 30.58, 73.26, 30.54, 86.78, 20.62, 81.92, 20.51, 67.48, 33.05, 32.15, -999
12/07/16 18, 2.47, 5.00, 4.10, 3.30, 2.18, 5.24, 2.58, 92.91, 1.00, 92.93, 1.00, 0.00, 0.00, 0.00, 0.00, 0.00, 0.00, 0.00, 0.00, 50.18, 1.00, 35.72, 1.00, 0.00, 0.00, 31.19, 1.00, 0.00, 0.00, 0.00, 0.00, 2.98, 36.77, 28.00, 71.61, 27.96, 84.95, 21.68, 82.39, 21.56, 67.63, 39.74, 29.38, -999
12/07/16 19, 2.71, 4.47, 3.72, 3.34, 2.62, 5.42, 2.72, 93.17, 1.00, 93.19, 1.00, 0.00, 0.00, 0.00, 0.00, 0.00, 0.00, 0.00, 0.00, 49.77, 1.00, 35.40, 1.00, 0.00, 0.00, 31.25, 1.00, 0.00, 0.00, 0.00, 0.00, 2.98, 36.63, 27.50, 71.83, 27.46, 85.24, 21.71, 82.99, 21.60, 67.46, 39.66, 28.88, -999
12/07/16 20, 2.92, 3.94, 3.36, 3.49, 3.11, 5.50, 2.83, 92.94, 1.00, 92.96, 1.00, 0.00, 0.00, 0.00, 0.00, 0.00, 0.00, 0.00, 0.00, 49.82, 1.00, 35.58, 1.00, 0.00, 0.00, 31.02, 1.00, 0.00, 0.00, 0.00, 0.00, 2.98, 36.75, 26.97, 68.76, 26.93, 84.62, 21.93, 82.90, 21.82, 68.46, 39.85, 28.34, -999
12/07/16 21, 3.14, 3.42, 2.90, 3.44, 3.52, 5.50, 2.85, 93.72, 1.00, 93.74, 1.00, 0.00, 0.00, 35.49, 1.00, 0.00, 0.00, 0.00, 0.00, 48.36, 1.00, 35.62, 1.00, 0.00, 0.00, 31.32, 1.00, 0.00, 0.00, 0.00, 0.00, 2.98, 36.34, 23.14, 84.94, 23.21, 83.67, 21.56, 82.45, 21.44, 67.06, 39.48, 24.92, -999
12/07/16 22, 3.29, 2.53, 3.27, 3.35, 3.82, 5.50, 2.52, 93.51, 1.00, 93.53, 1.00, 0.00, 0.00, 35.25, 1.00, 0.00, 0.00, 0.00, 0.00, 48.42, 1.00, 35.65, 1.00, 0.00, 0.00, 31.25, 1.00, 0.00, 0.00, 0.00, 0.00, 2.98, 36.45, 22.27, 83.94, 22.34, 82.68, 21.74, 82.59, 21.63, 67.50, 39.65, 24.05, -999
12/07/16 23, 3.49, 1.65, 3.59, 2.86, 3.69, 5.50, 2.43, 92.44, 1.00, 92.46, 1.00, 0.00, 0.00, 33.74, 1.00, 0.00, 0.00, 0.00, 0.00, 47.96, 1.00, 0.00, 0.00, 0.00, 0.00, 33.29, 1.00, 0.00, 0.00, 0.00, 0.00, 2.98, 37.01, 21.61, 85.83, 21.67, 82.86, 29.36, 62.09, 29.23, 67.82, 40.62, 23.36, -999
13/07/16 00, 3.78, 0.78, 3.98, 2.76, 2.86, 5.50, 2.17, 90.28, 1.00, 90.30, 1.00, 0.00, 0.00, 33.11, 1.00, 0.00, 0.00, 0.00, 0.00, 47.18, 1.00, 0.00, 0.00, 0.00, 0.00, 32.44, 1.00, 0.00, 0.00, 0.00, 0.00, 2.98, 38.15, 20.91, 86.15, 20.97, 83.57, 30.64, 61.60, 30.52, 72.24, 41.97, 22.64, -999
13/07/16 01, 3.84, 0.69, 4.40, 3.00, 2.08, 5.50, 2.80, 95.07, 1.00, 95.09, 1.00, 0.00, 0.00, 33.06, 1.00, 0.00, 0.00, 0.00, 0.00, 48.64, 1.00, 0.00, 0.00, 0.00, 0.00, 31.21, 1.00, 0.00, 0.00, 110.01, 1.00, 2.98, 35.62, 25.76, 91.09, 25.82, 85.75, 28.81, 60.96, 28.70, 74.69, 28.86, 27.96, -999
13/07/16 02, 3.81, 0.98, 4.93, 3.39, 1.31, 5.50, 3.80, 95.16, 1.00, 95.17, 1.00, 0.00, 0.00, 33.09, 1.00, 0.00, 0.00, 0.00, 0.00, 48.48, 1.00, 35.54, 1.00, 0.00, 0.00, 29.58, 1.00, 0.00, 0.00, 107.47, 1.00, 2.98, 35.57, 25.96, 91.22, 26.02, 86.25, 22.22, 83.26, 22.11, 73.44, 29.04, 28.14, -999
13/07/16 03, 3.67, 1.31, 5.25, 3.82, 1.95, 5.50, 4.61, 94.82, 1.00, 94.84, 1.00, 0.00, 0.00, 0.00, 0.00, 0.00, 0.00, 0.00, 0.00, 48.32, 1.00, 35.12, 1.00, 0.00, 0.00, 28.95, 1.00, 0.00, 0.00, 98.09, 1.00, 2.98, 35.75, 27.93, 76.45, 27.89, 88.43, 22.57, 84.33, 22.47, 75.75, 30.56, 29.66, -999
13/07/16 04, 3.68, 1.84, 5.04, 4.50, 2.70, 5.31, 3.99, 94.32, 1.00, 94.34, 1.00, 0.00, 0.00, 0.00, 0.00, 0.00, 0.00, 0.00, 0.00, 47.94, 1.00, 36.45, 1.00, 0.00, 0.00, 0.00, 0.00, 0.00, 0.00, 97.12, 1.00, 2.98, 36.02, 28.42, 75.49, 28.38, 89.61, 28.23, 87.57, 28.23, 60.44, 31.04, 30.14, -999
13/07/16 05, 3.80, 2.60, 4.79, 4.04, 3.53, 5.06, 3.01, 93.00, 1.00, 93.01, 1.00, 0.00, 0.00, 0.00, 0.00, 0.00, 0.00, 0.00, 0.00, 0.00, 0.00, 37.12, 1.00, 0.00, 0.00, 0.00, 0.00, 0.00, 0.00, 79.24, 1.00, 2.98, 36.72, 31.83, 75.41, 31.83, 68.37, 28.72, 86.86, 28.72, 59.79, 34.17, 33.27, -999
13/07/16 06, 3.97, 3.43, 4.55, 3.15, 3.85, 4.97, 2.64, 93.41, 1.00, 93.43, 1.00, 0.00, 0.00, 0.00, 0.00, 0.00, 0.00, 0.00, 0.00, 0.00, 0.00, 0.00, 0.00, 0.00, 0.00, 32.52, 1.00, 0.00, 0.00, 74.75, 1.00, 2.98, 36.50, 32.23, 73.33, 32.23, 64.98, 29.27, 63.80, 29.15, 70.57, 34.54, 33.64, -999
13/07/16 07, 4.07, 3.95, 4.22, 3.19, 3.26, 5.31, 3.35, 94.96, 1.00, 94.98, 1.00, 0.00, 0.00, 0.00, 0.00, 0.00, 0.00, 0.00, 0.00, 50.10, 1.00, 0.00, 0.00, 0.00, 0.00, 32.64, 1.00, 0.00, 0.00, 86.42, 1.00, 2.98, 35.68, 29.76, 74.43, 29.72, 86.87, 28.77, 63.25, 28.65, 69.65, 32.33, 31.43, -999
13/07/16 08, 4.06, 4.33, 3.95, 3.61, 2.67, 5.50, 3.80, 94.91, 1.00, 94.93, 1.00, 0.00, 0.00, 0.00, 0.00, 0.00, 0.00, 0.00, 0.00, 50.60, 1.00, 0.00, 0.00, 0.00, 0.00, 32.76, 1.00, 0.00, 0.00, 84.60, 1.00, 2.98, 35.70, 30.02, 69.40, 29.98, 86.14, 28.76, 63.41, 28.63, 69.20, 32.58, 31.68, -999
13/07/16 09, 4.06, 4.68, 3.49, 3.80, 2.22, 5.50, 3.60, 95.22, 1.00, 95.24, 1.00, 0.00, 0.00, 0.00, 0.00, 0.00, 0.00, 0.00, 0.00, 50.89, 1.00, 0.00, 0.00, 0.00, 0.00, 32.83, 1.00, 0.00, 0.00, 81.93, 1.00, 2.98, 35.54, 30.24, 69.10, 30.19, 85.77, 28.66, 60.72, 28.53, 68.83, 32.78, 31.88, -999
13/07/16 10, 4.02, 5.00, 3.04, 3.83, 1.54, 5.50, 3.34, 94.77, 1.00, 94.79, 1.00, 0.00, 0.00, 0.00, 0.00, 0.00, 0.00, 0.00, 0.00, 50.83, 1.00, 36.08, 1.00, 0.00, 0.00, 30.82, 1.00, 0.00, 0.00, 80.46, 1.00, 2.98, 35.78, 30.49, 71.84, 30.45, 86.15, 22.01, 82.08, 21.89, 69.21, 33.03, 32.13, -999
13/07/16 11, 3.91, 5.02, 3.47, 3.94, 1.98, 5.50, 3.42, 95.48, 1.00, 95.50, 1.00, 0.00, 0.00, 36.08, 1.00, 0.00, 0.00, 0.00, 0.00, 50.57, 1.00, 35.91, 1.00, 0.00, 0.00, 31.14, 1.00, 0.00, 0.00, 82.40, 1.00, 2.98, 35.40, 29.38, 89.60, 29.45, 85.67, 21.56, 81.96, 21.45, 67.68, 32.36, 31.46, -999
13/07/16 12, 3.76, 4.98, 3.97, 3.95, 2.38, 5.50, 3.12, 95.23, 1.00, 95.25, 1.00, 0.00, 0.00, 34.95, 1.00, 0.00, 0.00, 0.00, 0.00, 49.76, 1.00, 35.83, 1.00, 0.00, 0.00, 30.90, 1.00, 0.00, 0.00, 83.29, 1.00, 2.98, 35.53, 29.38, 91.56, 29.44, 87.26, 21.72, 82.24, 21.60, 68.66, 32.34, 31.44, -999
13/07/16 13, 3.64, 4.96, 4.51, 4.35, 2.77, 5.50, 3.13, 96.00, 1.00, 96.02, 1.00, 0.00, 0.00, 34.07, 1.00, 0.00, 0.00, 0.00, 0.00, 50.55, 1.00, 35.17, 1.00, 0.00, 0.00, 31.13, 1.00, 0.00, 0.00, 80.11, 1.00, 2.98, 35.12, 29.35, 93.02, 29.41, 85.67, 21.37, 83.05, 21.26, 67.53, 32.28, 31.38, -999
13/07/16 14, 3.49, 4.91, 5.08, 4.27, 3.27, 5.50, 2.86, 96.14, 1.00, 96.16, 1.00, 0.00, 0.00, 35.72, 1.00, 0.00, 0.00, 0.00, 0.00, 49.82, 1.00, 35.48, 1.00, 0.00, 0.00, 30.27, 1.00, 0.00, 0.00, 79.60, 1.00, 2.98, 35.04, 29.27, 90.12, 29.34, 87.02, 21.38, 82.53, 21.27, 70.40, 32.22, 31.32, -999
13/07/16 15, 3.36, 5.10, 5.12, 4.18, 3.62, 5.50, 3.30, 94.85, 1.00, 94.87, 1.00, 0.00, 0.00, 0.00, 0.00, 0.00, 0.00, 0.00, 0.00, 0.00, 0.00, 35.25, 1.00, 0.00, 0.00, 30.01, 1.00, 0.00, 0.00, 60.87, 1.00, 2.98, 35.74, 32.69, 74.44, 32.69, 64.96, 21.95, 83.49, 21.84, 71.79, 34.94, 34.04, -999
13/07/16 16, 3.45, 5.58, 4.81, 2.84, 3.89, 5.50, 3.94, 90.18, 1.00, 90.20, 1.00, 0.00, 0.00, 0.00, 0.00, 0.00, 0.00, 0.00, 0.00, 50.58, 1.00, 0.00, 0.00, 0.00, 0.00, 32.38, 1.00, 0.00, 0.00, 0.00, 0.00, 2.98, 38.20, 28.55, 73.29, 28.50, 84.69, 30.56, 62.88, 30.44, 72.36, 41.95, 29.92, -999
13/07/16 17, 3.84, 5.04, 4.46, 2.88, 3.14, 5.50, 4.35, 89.56, 1.00, 89.58, 1.00, 0.00, 0.00, 0.00, 0.00, 0.00, 0.00, 0.00, 0.00, 50.14, 1.00, 0.00, 0.00, 0.00, 0.00, 32.14, 1.00, 0.00, 0.00, 0.00, 0.00, 2.98, 38.53, 28.04, 73.31, 28.00, 85.08, 31.06, 63.46, 30.94, 73.72, 42.42, 29.42, -999
13/07/16 18, 4.24, 4.51, 4.13, 3.04, 2.61, 5.50, 4.93, 88.62, 1.00, 88.64, 1.00, 0.00, 0.00, 0.00, 0.00, 0.00, 0.00, 0.00, 0.00, 49.87, 1.00, 0.00, 0.00, 0.00, 0.00, 0.00, 0.00, 0.00, 0.00, 0.00, 0.00, 2.98, 39.02, 27.53, 72.46, 27.49, 85.09, 34.81, 61.76, 34.81, 57.99, 43.43, 28.91, -999
13/07/16 19, 4.58, 3.98, 3.78, 3.20, 1.88, 5.11, 3.08, 112.19, 1.00, 0.00, 0.00, 0.00, 0.00, 0.00, 0.00, 0.00, 0.00, 0.00, 0.00, 49.80, 1.00, 0.00, 0.00, 0.00, 0.00, 0.00, 0.00, 0.00, 0.00, 0.00, 0.00, 2.99, 26.22, 27.01, 71.66, 26.97, 84.70, 32.28, 61.11, 32.28, 54.01, 38.97, 28.38, -999
13/07/16 20, 4.56, 3.45, 3.41, 3.26, 1.71, 4.91, 1.89, 113.08, 1.00, 0.00, 0.00, 0.00, 0.00, 0.00, 0.00, 0.00, 0.00, 0.00, 0.00, 49.56, 1.00, 36.22, 1.00, 0.00, 0.00, 31.43, 1.00, 0.00, 0.00, 0.00, 0.00, 2.99, 25.72, 26.50, 70.97, 26.46, 84.66, 21.94, 81.78, 21.83, 67.08, 38.30, 27.87, -999
13/07/16 21, 4.40, 2.93, 3.03, 3.31, 2.08, 5.08, 2.01, 114.04, 1.00, 0.00, 0.00, 0.00, 0.00, 0.00, 0.00, 0.00, 0.00, 0.00, 0.00, 49.37, 1.00, 36.36, 1.00, 0.00, 0.00, 31.46, 1.00, 0.00, 0.00, 0.00, 0.00, 2.99, 25.17, 25.99, 68.28, 25.95, 84.50, 21.35, 80.93, 21.24, 66.37, 37.80, 27.36, -999
13/07/16 22, 4.19, 2.07, 3.36, 3.30, 2.29, 5.16, 1.83, 114.24, 1.00, 0.00, 0.00, 0.00, 0.00, 34.02, 1.00, 0.00, 0.00, 0.00, 0.00, 47.97, 1.00, 35.95, 1.00, 0.00, 0.00, 31.35, 1.00, 0.00, 0.00, 0.00, 0.00, 2.99, 25.06, 22.00, 85.76, 22.07, 83.23, 21.34, 81.65, 21.23, 66.75, 37.65, 23.76, -999
13/07/16 23, 3.99, 1.20, 3.75, 3.18, 2.61, 5.29, 1.84, 114.35, 1.00, 0.00, 0.00, 0.00, 0.00, 33.21, 1.00, 0.00, 0.00, 0.00, 0.00, 47.58, 1.00, 35.65, 1.00, 0.00, 0.00, 31.43, 1.00, 0.00, 0.00, 0.00, 0.00, 2.99, 25.00, 21.27, 86.35, 21.33, 83.22, 21.30, 82.14, 21.18, 66.44, 37.55, 23.01, -999
14/07/16 00, 3.80, 0.35, 4.15, 3.14, 2.98, 5.37, 1.71, 119.01, 1.00, 0.00, 0.00, 0.00, 0.00, 34.03, 1.00, 0.00, 0.00, 0.00, 0.00, 48.80, 1.00, 34.94, 1.00, 0.00, 0.00, 30.85, 1.00, 0.00, 0.00, 91.02, 1.00, 2.99, 22.32, 24.84, 88.57, 24.90, 84.54, 19.05, 81.14, 18.94, 66.17, 27.82, 26.92, -999
14/07/16 01, 3.30, 0.43, 4.61, 3.29, 3.25, 5.43, 1.57, 118.85, 1.00, 0.00, 0.00, 0.00, 0.00, 33.26, 1.00, 0.00, 0.00, 0.00, 0.00, 48.29, 1.00, 34.14, 1.00, 0.00, 0.00, 30.62, 1.00, 0.00, 0.00, 90.69, 1.00, 2.99, 22.41, 24.95, 89.95, 25.01, 85.59, 19.35, 82.79, 19.24, 67.22, 27.91, 27.01, -999
14/07/16 02, 2.85, 0.51, 5.10, 3.64, 3.76, 5.50, 1.97, 118.61, 1.00, 0.00, 0.00, 0.00, 0.00, 32.97, 1.00, 0.00, 0.00, 0.00, 0.00, 47.75, 1.00, 34.10, 1.00, 0.00, 0.00, 28.98, 1.00, 0.00, 0.00, 90.63, 1.00, 2.99, 22.55, 25.06, 90.52, 25.12, 86.70, 19.85, 83.34, 19.75, 72.95, 28.01, 27.11, -999
14/07/16 03, 2.51, 0.81, 5.12, 4.16, 3.73, 5.50, 3.08, 116.76, 1.00, 0.00, 0.00, 0.00, 0.00, 0.00, 0.00, 0.00, 0.00, 0.00, 0.00, 47.92, 1.00, 0.00, 0.00, 0.00, 0.00, 30.36, 1.00, 0.00, 0.00, 88.77, 1.00, 2.99, 23.62, 26.88, 75.82, 26.84, 88.10, 26.98, 64.50, 26.87, 75.70, 29.45, 28.55, -999
14/07/16 04, 2.33, 1.38, 4.88, 4.04, 3.29, 5.50, 4.23, 116.22, 1.00, 0.00, 0.00, 0.00, 0.00, 0.00, 0.00, 0.00, 0.00, 0.00, 0.00, 0.00, 0.00, 0.00, 0.00, 0.00, 0.00, 30.33, 1.00, 0.00, 0.00, 69.10, 1.00, 2.99, 23.93, 29.66, 75.77, 29.66, 67.42, 27.26, 64.33, 27.16, 76.10, 31.95, 31.05, -999
14/07/16 05, 2.26, 2.11, 4.65, 3.01, 2.92, 5.37, 4.21, 116.48, 1.00, 0.00, 0.00, 0.00, 0.00, 0.00, 0.00, 0.00, 0.00, 0.00, 0.00, 0.00, 0.00, 0.00, 0.00, 0.00, 0.00, 0.00, 0.00, 0.00, 0.00, 65.31, 1.00, 2.99, 23.78, 30.06, 74.84, 30.06, 63.76, 29.65, 62.54, 29.65, 59.75, 32.33, 31.43, -999
14/07/16 06, 2.13, 2.45, 4.39, 3.33, 2.27, 5.08, 2.97, 116.59, 1.00, 0.00, 0.00, 0.00, 0.00, 0.00, 0.00, 0.00, 0.00, 0.00, 0.00, 49.49, 1.00, 0.00, 0.00, 0.00, 0.00, 0.00, 0.00, 0.00, 0.00, 80.81, 1.00, 2.99, 23.71, 28.02, 73.37, 27.98, 86.32, 29.47, 62.71, 29.47, 56.93, 30.55, 29.65, -999
14/07/16 07, 1.98, 2.75, 4.06, 3.69, 1.76, 5.03, 2.39, 117.96, 1.00, 0.00, 0.00, 0.00, 0.00, 0.00, 0.00, 0.00, 0.00, 0.00, 0.00, 49.66, 1.00, 0.00, 0.00, 0.00, 0.00, 32.24, 1.00, 0.00, 0.00, 73.38, 1.00, 2.99, 22.93, 28.02, 71.45, 27.98, 85.99, 26.02, 61.74, 25.90, 68.33, 30.51, 29.61, -999
14/07/16 08, 1.69, 2.96, 3.67, 3.92, 1.73, 5.24, 2.61, 120.05, 1.00, 0.00, 0.00, 0.00, 0.00, 0.00, 0.00, 0.00, 0.00, 0.00, 0.00, 50.08, 1.00, 35.17, 1.00, 0.00, 0.00, 30.32, 1.00, 0.00, 0.00, 61.63, 1.00, 2.99, 21.72, 27.89, 70.30, 27.85, 85.03, 18.26, 79.94, 18.15, 67.11, 30.32, 29.42, -999
14/07/16 09, 1.32, 3.07, 3.25, 3.84, 1.98, 5.40, 2.68, 120.24, 1.00, 0.00, 0.00, 0.00, 0.00, 0.00, 0.00, 0.00, 0.00, 0.00, 0.00, 50.22, 1.00, 34.98, 1.00, 0.00, 0.00, 30.50, 1.00, 0.00, 0.00, 59.29, 1.00, 2.99, 21.61, 27.96, 68.53, 27.92, 84.82, 18.10, 80.10, 17.99, 66.38, 30.38, 29.48, -999
14/07/16 10, 0.96, 3.00, 3.19, 3.69, 2.24, 5.45, 2.39, 98.34, 1.00, 98.36, 1.00, 0.00, 0.00, 35.45, 1.00, 0.00, 0.00, 0.00, 0.00, 49.77, 1.00, 34.94, 1.00, 0.00, 0.00, 30.67, 1.00, 0.00, 0.00, 78.45, 1.00, 2.97, 33.86, 27.35, 88.68, 27.42, 85.21, 19.23, 81.31, 19.12, 66.94, 30.29, 29.39, -999
14/07/16 11, 0.87, 2.93, 3.67, 3.75, 2.63, 5.50, 2.47, 98.49, 1.00, 98.51, 1.00, 0.00, 0.00, 34.74, 1.00, 0.00, 0.00, 0.00, 0.00, 49.28, 1.00, 34.85, 1.00, 0.00, 0.00, 30.28, 1.00, 0.00, 0.00, 78.06, 1.00, 2.97, 33.78, 27.31, 89.85, 27.37, 86.09, 19.23, 81.46, 19.13, 68.23, 30.23, 29.33, -999
14/07/16 12, 0.79, 2.87, 4.18, 4.03, 2.99, 5.50, 2.58, 98.42, 1.00, 98.44, 1.00, 0.00, 0.00, 34.75, 1.00, 0.00, 0.00, 0.00, 0.00, 49.95, 1.00, 34.55, 1.00, 0.00, 0.00, 28.91, 1.00, 0.00, 0.00, 78.64, 1.00, 2.97, 33.82, 27.23, 89.76, 27.30, 84.73, 19.64, 82.37, 19.54, 72.95, 30.17, 29.27, -999
14/07/16 13, 0.72, 2.80, 4.67, 3.85, 3.45, 5.50, 3.55, 97.75, 1.00, 97.77, 1.00, 0.00, 0.00, 35.25, 1.00, 0.00, 0.00, 0.00, 0.00, 49.16, 1.00, 34.84, 1.00, 0.00, 0.00, 27.57, 1.00, 0.00, 0.00, 81.25, 1.00, 2.97, 34.18, 27.20, 88.86, 27.27, 86.23, 20.12, 82.36, 20.03, 77.39, 30.14, 29.24, -999
14/07/16 14, 0.72, 2.77, 5.12, 4.15, 3.82, 5.50, 4.99, 98.69, 1.00, 98.71, 1.00, 0.00, 0.00, 34.49, 1.00, 0.00, 0.00, 0.00, 0.00, 49.31, 1.00, 36.45, 1.00, 0.00, 0.00, 0.00, 0.00, 0.00, 0.00, 78.72, 1.00, 2.97, 33.67, 27.16, 90.12, 27.23, 85.90, 24.93, 84.28, 24.93, 58.86, 30.08, 29.18, -999
14/07/16 15, 0.83, 2.93, 5.08, 4.32, 3.63, 5.15, 3.36, 97.37, 1.00, 97.39, 1.00, 0.00, 0.00, 0.00, 0.00, 0.00, 0.00, 0.00, 0.00, 49.31, 1.00, 0.00, 0.00, 0.00, 0.00, 0.00, 0.00, 0.00, 0.00, 79.46, 1.00, 2.97, 34.38, 28.46, 74.06, 28.42, 87.10, 29.01, 63.18, 29.01, 57.62, 30.98, 30.08, -999
14/07/16 16, 1.02, 3.40, 4.75, 3.91, 2.97, 5.08, 2.70, 97.83, 1.00, 97.85, 1.00, 0.00, 0.00, 0.00, 0.00, 0.00, 0.00, 0.00, 0.00, 0.00, 0.00, 0.00, 0.00, 0.00, 0.00, 32.04, 1.00, 0.00, 0.00, 57.86, 1.00, 2.97, 34.14, 30.76, 71.87, 30.76, 64.01, 26.00, 62.06, 25.88, 69.03, 32.99, 32.09, -999
14/07/16 17, 1.10, 3.87, 4.35, 3.10, 2.23, 5.34, 3.11, 97.80, 1.00, 97.82, 1.00, 0.00, 0.00, 0.00, 0.00, 0.00, 0.00, 0.00, 0.00, 50.34, 1.00, 0.00, 0.00, 0.00, 0.00, 32.09, 1.00, 0.00, 0.00, 71.67, 1.00, 2.97, 34.15, 29.05, 74.00, 29.01, 85.68, 26.06, 61.81, 25.94, 68.89, 31.54, 30.64, -999
14/07/16 18, 1.19, 4.09, 4.06, 3.32, 1.57, 5.50, 3.46, 97.43, 1.00, 97.45, 1.00, 0.00, 0.00, 0.00, 0.00, 0.00, 0.00, 0.00, 0.00, 50.15, 1.00, 0.00, 0.00, 0.00, 0.00, 31.54, 1.00, 0.00, 0.00, 71.71, 1.00, 2.97, 34.35, 29.29, 72.45, 29.25, 86.28, 26.33, 60.62, 26.21, 71.07, 31.77, 30.87, -999
14/07/16 19, 1.19, 4.30, 3.71, 3.62, 1.69, 5.50, 3.70, 98.11, 1.00, 98.13, 1.00, 0.00, 0.00, 0.00, 0.00, 0.00, 0.00, 0.00, 0.00, 50.66, 1.00, 35.29, 1.00, 0.00, 0.00, 30.02, 1.00, 0.00, 0.00, 67.16, 1.00, 2.97, 33.98, 29.34, 70.62, 29.30, 85.35, 19.48, 80.95, 19.37, 69.30, 31.81, 30.91, -999
14/07/16 20, 1.12, 4.47, 3.30, 3.63, 2.06, 5.50, 3.81, 98.29, 1.00, 98.31, 1.00, 0.00, 0.00, 0.00, 0.00, 0.00, 0.00, 0.00, 0.00, 50.66, 1.00, 35.20, 1.00, 0.00, 0.00, 30.54, 1.00, 0.00, 0.00, 65.10, 1.00, 2.97, 33.89, 29.46, 69.76, 29.42, 85.46, 19.24, 80.86, 19.13, 67.36, 31.91, 31.01, -999
14/07/16 21, 1.04, 4.53, 3.10, 3.65, 2.39, 5.50, 3.39, 98.86, 1.00, 98.88, 1.00, 0.00, 0.00, 36.92, 1.00, 0.00, 0.00, 0.00, 0.00, 50.23, 1.00, 35.32, 1.00, 0.00, 0.00, 30.04, 1.00, 0.00, 0.00, 66.43, 1.00, 2.97, 33.58, 28.54, 87.25, 28.62, 85.50, 19.04, 80.46, 18.94, 68.80, 31.45, 30.55, -999
14/07/16 22, 0.92, 4.32, 3.53, 3.74, 2.61, 5.50, 3.46, 98.40, 1.00, 98.42, 1.00, 0.00, 0.00, 36.66, 1.00, 0.00, 0.00, 0.00, 0.00, 50.64, 1.00, 35.14, 1.00, 0.00, 0.00, 29.91, 1.00, 0.00, 0.00, 69.27, 1.00, 2.97, 33.83, 28.41, 87.58, 28.48, 84.56, 19.29, 81.02, 19.19, 69.47, 31.33, 30.43, -999
14/07/16 23, 0.85, 4.13, 3.97, 3.47, 2.89, 5.50, 3.65, 98.45, 1.00, 98.47, 1.00, 0.00, 0.00, 35.85, 1.00, 0.00, 0.00, 0.00, 0.00, 50.47, 1.00, 35.03, 1.00, 0.00, 0.00, 29.74, 1.00, 0.00, 0.00, 70.00, 1.00, 2.97, 33.80, 28.28, 88.90, 28.35, 84.77, 19.30, 81.21, 19.20, 70.04, 31.19, 30.29, -999
15/07/16 00, 0.78, 3.96, 4.43, 3.38, 3.17, 5.50, 3.93, 97.39, 1.00, 97.41, 1.00, 0.00, 0.00, 35.72, 1.00, 0.00, 0.00, 0.00, 0.00, 49.63, 1.00, 34.47, 1.00, 0.00, 0.00, 29.85, 1.00, 0.00, 0.00, 74.42, 1.00, 2.97, 34.37, 28.24, 89.10, 28.31, 86.38, 19.80, 82.68, 19.69, 70.17, 31.16, 30.26, -999
15/07/16 01, 0.81, 3.85, 4.89, 3.74, 3.65, 5.50, 4.18, 97.61, 1.00, 97.63, 1.00, 0.00, 0.00, 34.87, 1.00, 0.00, 0.00, 0.00, 0.00, 48.75, 1.00, 34.10, 1.00, 0.00, 0.00, 29.28, 1.00, 0.00, 0.00, 74.35, 1.00, 2.97, 34.26, 28.18, 90.50, 28.25, 87.98, 19.96, 83.46, 19.86, 72.13, 31.08, 30.18, -999
15/07/16 02, 0.87, 3.82, 5.24, 4.34, 3.80, 5.50, 4.81, 95.94, 1.00, 95.95, 1.00, 0.00, 0.00, 0.00, 0.00, 0.00, 0.00, 0.00, 0.00, 49.12, 1.00, 0.00, 0.00, 0.00, 0.00, 0.00, 0.00, 0.00, 0.00, 79.49, 1.00, 2.98, 35.16, 29.35, 74.74, 29.31, 88.35, 29.60, 63.97, 29.60, 59.63, 31.87, 30.97, -999
15/07/16 03, 1.20, 4.32, 4.94, 4.05, 3.24, 5.18, 3.35, 94.29, 1.00, 94.31, 1.00, 0.00, 0.00, 0.00, 0.00, 0.00, 0.00, 0.00, 0.00, 0.00, 0.00, 0.00, 0.00, 0.00, 0.00, 0.00, 0.00, 0.00, 0.00, 65.83, 1.00, 2.98, 36.03, 32.32, 75.73, 32.32, 68.34, 30.54, 63.86, 30.54, 59.71, 34.59, 33.69, -999
15/07/16 04, 1.55, 5.01, 4.71, 3.15, 2.77, 5.02, 2.66, 94.40, 1.00, 94.41, 1.00, 0.00, 0.00, 0.00, 0.00, 0.00, 0.00, 0.00, 0.00, 0.00, 0.00, 0.00, 0.00, 0.00, 0.00, 31.78, 1.00, 0.00, 0.00, 60.89, 1.00, 2.98, 35.98, 32.60, 74.90, 32.60, 68.04, 27.80, 63.42, 27.68, 71.72, 34.85, 33.95, -999
15/07/16 05, 1.78, 5.37, 4.44, 3.59, 2.31, 5.41, 3.65, 94.92, 1.00, 94.94, 1.00, 0.00, 0.00, 0.00, 0.00, 0.00, 0.00, 0.00, 0.00, 48.98, 1.00, 0.00, 0.00, 0.00, 0.00, 31.27, 1.00, 0.00, 0.00, 73.79, 1.00, 2.98, 35.70, 30.68, 76.18, 30.64, 89.95, 27.72, 62.71, 27.61, 73.42, 33.17, 32.27, -999
15/07/16 06, 2.17, 5.25, 4.26, 4.40, 1.79, 5.48, 4.91, 89.11, 1.00, 89.13, 1.00, 0.00, 0.00, 0.00, 0.00, 0.00, 0.00, 0.00, 0.00, 48.57, 1.00, 0.00, 0.00, 0.00, 0.00, 0.00, 0.00, 0.00, 0.00, 0.00, 0.00, 2.98, 38.76, 28.36, 75.10, 28.32, 88.40, 33.69, 62.06, 33.69, 61.30, 42.71, 29.73, -999
15/07/16 07, 2.66, 5.16, 4.03, 3.62, 1.81, 5.27, 3.94, 91.15, 1.00, 91.17, 1.00, 0.00, 0.00, 0.00, 0.00, 0.00, 0.00, 0.00, 0.00, 0.00, 0.00, 37.64, 1.00, 0.00, 0.00, 0.00, 0.00, 0.00, 0.00, 0.00, 0.00, 2.98, 37.70, 30.16, 71.57, 30.16, 64.55, 28.98, 86.15, 28.98, 59.10, 41.13, 31.35, -999
15/07/16 08, 3.04, 4.88, 3.65, 3.19, 2.50, 4.95, 2.59, 93.48, 1.00, 93.50, 1.00, 0.00, 0.00, 0.00, 0.00, 0.00, 0.00, 0.00, 0.00, 49.98, 1.00, 37.72, 1.00, 0.00, 0.00, 0.00, 0.00, 0.00, 0.00, 0.00, 0.00, 2.98, 36.46, 27.89, 70.54, 27.85, 85.23, 28.01, 85.01, 28.01, 57.39, 39.85, 29.27, -999
15/07/16 09, 3.20, 4.35, 3.24, 3.34, 2.95, 5.06, 2.58, 93.68, 1.00, 93.70, 1.00, 0.00, 0.00, 0.00, 0.00, 0.00, 0.00, 0.00, 0.00, 49.91, 1.00, 35.93, 1.00, 0.00, 0.00, 31.34, 1.00, 0.00, 0.00, 0.00, 0.00, 2.98, 36.36, 27.37, 70.02, 27.33, 84.85, 21.52, 81.88, 21.41, 66.97, 39.52, 28.74, -999
15/07/16 10, 3.35, 3.73, 3.04, 3.37, 3.21, 5.19, 2.49, 93.69, 1.00, 93.71, 1.00, 0.00, 0.00, 34.54, 1.00, 0.00, 0.00, 0.00, 0.00, 48.07, 1.00, 35.40, 1.00, 0.00, 0.00, 31.06, 1.00, 0.00, 0.00, 0.00, 0.00, 2.98, 36.35, 23.59, 86.47, 23.65, 84.64, 21.79, 83.06, 21.68, 68.18, 39.57, 25.35, -999
15/07/16 11, 3.49, 2.86, 3.46, 3.56, 3.64, 5.42, 2.81, 91.91, 1.00, 91.93, 1.00, 0.00, 0.00, 33.69, 1.00, 0.00, 0.00, 0.00, 0.00, 47.86, 1.00, 35.61, 1.00, 0.00, 0.00, 31.34, 1.00, 0.00, 0.00, 0.00, 0.00, 2.98, 37.30, 22.84, 87.13, 22.90, 84.27, 22.60, 83.51, 22.48, 68.04, 40.59, 24.59, -999
15/07/16 12, 3.72, 1.99, 3.89, 3.65, 4.06, 5.50, 3.12, 92.03, 1.00, 92.05, 1.00, 0.00, 0.00, 32.32, 1.00, 0.00, 0.00, 0.00, 0.00, 47.82, 1.00, 0.00, 0.00, 0.00, 0.00, 31.31, 1.00, 0.00, 0.00, 0.00, 0.00, 2.98, 37.23, 22.14, 88.63, 22.20, 83.65, 29.96, 63.54, 29.85, 75.55, 40.93, 23.87, -999
15/07/16 13, 4.02, 1.15, 4.37, 3.57, 3.38, 5.50, 4.17, 89.90, 1.00, 89.92, 1.00, 0.00, 0.00, 32.21, 1.00, 0.00, 0.00, 0.00, 0.00, 47.56, 1.00, 0.00, 0.00, 0.00, 0.00, 33.21, 1.00, 0.00, 0.00, 0.00, 0.00, 2.98, 38.35, 21.33, 88.00, 21.39, 83.32, 30.81, 63.94, 30.68, 69.60, 42.24, 23.06, -999
15/07/16 14, 4.28, 0.57, 4.82, 3.47, 2.90, 5.50, 3.93, 95.12, 1.00, 95.14, 1.00, 0.00, 0.00, 33.63, 1.00, 0.00, 0.00, 0.00, 0.00, 49.15, 1.00, 0.00, 0.00, 0.00, 0.00, 31.71, 1.00, 0.00, 0.00, 111.46, 1.00, 2.98, 35.59, 25.65, 90.03, 25.71, 84.68, 28.97, 61.78, 28.85, 73.14, 28.77, 27.87, -999
15/07/16 15, 4.18, 0.87, 5.29, 3.54, 2.13, 5.50, 4.52, 94.68, 1.00, 94.70, 1.00, 0.00, 0.00, 0.00, 0.00, 0.00, 0.00, 0.00, 0.00, 49.76, 1.00, 0.00, 0.00, 0.00, 0.00, 31.79, 1.00, 0.00, 0.00, 102.30, 1.00, 2.98, 35.83, 27.67, 74.00, 27.63, 85.42, 29.07, 61.53, 28.95, 72.95, 30.34, 29.44, -999
15/07/16 16, 4.18, 1.42, 4.96, 3.68, 1.54, 5.40, 4.40, 95.26, 1.00, 95.27, 1.00, 0.00, 0.00, 0.00, 0.00, 0.00, 0.00, 0.00, 0.00, 49.38, 1.00, 37.85, 1.00, 0.00, 0.00, 0.00, 0.00, 0.00, 0.00, 98.25, 1.00, 2.98, 35.52, 27.97, 72.46, 27.93, 86.47, 28.01, 84.78, 28.01, 57.83, 30.61, 29.71, -999
15/07/16 17, 4.09, 1.93, 4.57, 4.02, 2.11, 5.02, 2.67, 95.45, 1.00, 95.47, 1.00, 0.00, 0.00, 0.00, 0.00, 0.00, 0.00, 0.00, 0.00, 49.78, 1.00, 37.69, 1.00, 0.00, 0.00, 0.00, 0.00, 0.00, 0.00, 95.33, 1.00, 2.98, 35.41, 28.26, 72.75, 28.22, 85.99, 27.91, 84.98, 27.91, 56.46, 30.89, 29.99, -999
15/07/16 18, 3.91, 2.38, 4.21, 4.18, 2.60, 5.09, 2.45, 95.63, 1.00, 95.64, 1.00, 0.00, 0.00, 0.00, 0.00, 0.00, 0.00, 0.00, 0.00, 49.28, 1.00, 35.53, 1.00, 0.00, 0.00, 31.24, 1.00, 0.00, 0.00, 91.34, 1.00, 2.98, 35.32, 28.51, 72.46, 28.47, 87.20, 21.57, 82.62, 21.46, 67.35, 31.11, 30.21, -999
15/07/16 19, 3.74, 2.82, 3.86, 4.57, 3.03, 5.26, 2.53, 94.87, 1.00, 94.89, 1.00, 0.00, 0.00, 0.00, 0.00, 0.00, 0.00, 0.00, 0.00, 0.00, 0.00, 35.72, 1.00, 0.00, 0.00, 31.40, 1.00, 0.00, 0.00, 73.04, 1.00, 2.98, 35.72, 31.46, 73.03, 31.46, 61.42, 21.74, 82.47, 21.63, 66.96, 33.76, 32.86, -999
15/07/16 20, 3.68, 3.58, 3.54, 2.85, 3.38, 5.38, 2.42, 96.44, 1.00, 96.45, 1.00, 0.00, 0.00, 0.00, 0.00, 0.00, 0.00, 0.00, 0.00, 51.11, 1.00, 35.28, 1.00, 0.00, 0.00, 31.23, 1.00, 0.00, 0.00, 82.74, 1.00, 2.98, 34.89, 29.16, 68.71, 29.12, 84.26, 21.09, 82.59, 20.98, 66.91, 31.71, 30.81, -999
15/07/16 21, 3.48, 3.90, 3.07, 2.70, 3.75, 5.49, 2.33, 96.47, 1.00, 96.48, 1.00, 0.00, 0.00, 0.00, 0.00, 0.00, 0.00, 0.00, 0.00, 50.89, 1.00, 35.54, 1.00, 0.00, 0.00, 31.25, 1.00, 0.00, 0.00, 80.40, 1.00, 2.98, 34.87, 29.39, 68.97, 29.35, 84.93, 20.93, 81.97, 20.82, 66.69, 31.93, 31.03, -999
15/07/16 22, 3.29, 3.95, 3.30, 2.78, 3.96, 5.50, 2.24, 96.64, 1.00, 96.66, 1.00, 0.00, 0.00, 36.40, 1.00, 0.00, 0.00, 0.00, 0.00, 50.48, 1.00, 35.31, 1.00, 0.00, 0.00, 31.21, 1.00, 0.00, 0.00, 83.99, 1.00, 2.98, 34.78, 28.32, 87.97, 28.39, 84.79, 20.84, 82.29, 20.73, 66.73, 31.31, 30.41, -999
15/07/16 23, 3.22, 3.95, 3.75, 2.88, 3.36, 5.50, 2.10, 96.71, 1.00, 96.73, 1.00, 0.00, 0.00, 35.88, 1.00, 0.00, 0.00, 0.00, 0.00, 50.22, 1.00, 0.00, 0.00, 0.00, 0.00, 32.45, 1.00, 0.00, 0.00, 85.04, 1.00, 2.98, 34.74, 28.33, 88.90, 28.40, 85.31, 27.69, 61.00, 27.57, 69.22, 31.32, 30.42, -999
16/07/16 00, 3.14, 3.93, 4.23, 3.08, 2.43, 5.50, 2.28, 95.78, 1.00, 95.80, 1.00, 0.00, 0.00, 34.75, 1.00, 0.00, 0.00, 0.00, 0.00, 49.94, 1.00, 0.00, 0.00, 0.00, 0.00, 32.22, 1.00, 0.00, 0.00, 87.97, 1.00, 2.98, 35.24, 28.35, 90.88, 28.41, 85.87, 27.97, 62.07, 27.85, 70.35, 31.34, 30.44, -999
16/07/16 01, 3.16, 3.97, 4.75, 3.37, 1.78, 5.50, 2.64, 95.07, 1.00, 95.09, 1.00, 0.00, 0.00, 33.98, 1.00, 0.00, 0.00, 0.00, 0.00, 48.91, 1.00, 0.00, 0.00, 0.00, 0.00, 30.84, 1.00, 0.00, 0.00, 90.14, 1.00, 2.98, 35.62, 28.45, 92.27, 28.51, 87.95, 28.41, 62.25, 28.30, 75.54, 31.43, 30.53, -999
16/07/16 02, 3.20, 4.04, 5.29, 4.00, 1.57, 5.50, 3.75, 95.20, 1.00, 95.22, 1.00, 0.00, 0.00, 33.29, 1.00, 0.00, 0.00, 0.00, 0.00, 48.81, 1.00, 35.29, 1.00, 0.00, 0.00, 29.28, 1.00, 0.00, 0.00, 88.54, 1.00, 2.98, 35.55, 28.52, 93.49, 28.58, 88.19, 22.02, 83.50, 21.92, 74.18, 31.48, 30.58, -999
16/07/16 03, 3.17, 4.38, 5.26, 4.34, 2.22, 5.50, 4.70, 94.40, 1.00, 94.42, 1.00, 0.00, 0.00, 0.00, 0.00, 0.00, 0.00, 0.00, 0.00, 0.00, 0.00, 35.09, 1.00, 0.00, 0.00, 29.00, 1.00, 0.00, 0.00, 65.42, 1.00, 2.98, 35.98, 32.34, 75.59, 32.34, 68.15, 22.32, 84.13, 22.22, 75.37, 34.61, 33.71, -999
16/07/16 04, 3.32, 5.08, 5.00, 3.37, 2.94, 5.30, 4.02, 93.16, 1.00, 93.18, 1.00, 0.00, 0.00, 0.00, 0.00, 0.00, 0.00, 0.00, 0.00, 0.00, 0.00, 36.80, 1.00, 0.00, 0.00, 0.00, 0.00, 0.00, 0.00, 66.54, 1.00, 2.98, 36.63, 33.14, 75.84, 33.14, 68.60, 28.48, 87.19, 28.48, 60.87, 35.41, 34.51, -999
16/07/16 05, 3.58, 5.36, 4.77, 3.46, 3.69, 5.08, 3.19, 89.01, 1.00, 89.02, 1.00, 0.00, 0.00, 0.00, 0.00, 0.00, 0.00, 0.00, 0.00, 49.13, 1.00, 37.36, 1.00, 0.00, 0.00, 0.00, 0.00, 0.00, 0.00, 0.00, 0.00, 2.98, 38.82, 28.44, 74.52, 28.40, 87.42, 30.47, 88.14, 30.47, 58.79, 42.63, 29.81, -999
16/07/16 06, 4.05, 4.84, 4.48, 3.99, 3.80, 4.93, 2.46, 88.59, 1.00, 88.60, 1.00, 0.00, 0.00, 0.00, 0.00, 0.00, 0.00, 0.00, 0.00, 48.89, 1.00, 0.00, 0.00, 0.00, 0.00, 33.17, 1.00, 0.00, 0.00, 0.00, 0.00, 2.98, 39.04, 27.93, 73.95, 27.89, 87.37, 31.46, 63.87, 31.33, 70.36, 43.04, 29.30, -999
16/07/16 07, 4.48, 4.32, 4.18, 4.46, 3.22, 5.26, 3.10, 88.91, 1.00, 88.93, 1.00, 0.00, 0.00, 0.00, 0.00, 0.00, 0.00, 0.00, 0.00, 48.24, 1.00, 0.00, 0.00, 0.00, 0.00, 33.13, 1.00, 0.00, 0.00, 0.00, 0.00, 2.98, 38.87, 27.46, 74.32, 27.42, 88.11, 31.49, 63.30, 31.36, 70.56, 42.94, 28.83, -999
16/07/16 08, 4.59, 4.28, 3.91, 3.51, 2.65, 5.50, 3.71, 111.56, 1.00, 0.00, 0.00, 0.00, 0.00, 0.00, 0.00, 0.00, 0.00, 0.00, 0.00, 0.00, 0.00, 0.00, 0.00, 0.00, 0.00, 31.82, 1.00, 0.00, 0.00, 0.00, 0.00, 2.99, 26.58, 29.28, 72.09, 29.28, 63.67, 29.66, 62.33, 29.54, 73.43, 39.08, 30.47, -999
16/07/16 09, 4.67, 3.95, 3.55, 3.17, 2.01, 5.50, 4.37, 113.26, 1.00, 0.00, 0.00, 0.00, 0.00, 0.00, 0.00, 0.00, 0.00, 0.00, 0.00, 49.37, 1.00, 0.00, 0.00, 0.00, 0.00, 32.07, 1.00, 0.00, 0.00, 0.00, 0.00, 2.99, 25.62, 27.01, 69.61, 26.97, 85.52, 29.09, 61.36, 28.97, 72.01, 38.45, 28.38, -999
16/07/16 10, 4.53, 3.42, 3.11, 3.43, 1.63, 5.50, 4.63, 113.11, 1.00, 0.00, 0.00, 0.00, 0.00, 0.00, 0.00, 0.00, 0.00, 0.00, 0.00, 49.69, 1.00, 36.31, 1.00, 0.00, 0.00, 30.69, 1.00, 0.00, 0.00, 0.00, 0.00, 2.99, 25.70, 26.46, 69.89, 26.42, 84.37, 22.09, 81.76, 21.98, 69.73, 38.28, 27.83, -999
16/07/16 11, 4.37, 2.64, 3.31, 3.33, 2.00, 5.50, 4.56, 112.98, 1.00, 0.00, 0.00, 0.00, 0.00, 33.37, 1.00, 0.00, 0.00, 0.00, 0.00, 47.83, 1.00, 36.10, 1.00, 0.00, 0.00, 30.21, 1.00, 0.00, 0.00, 0.00, 0.00, 2.99, 25.77, 22.67, 87.49, 22.73, 84.17, 22.29, 82.33, 22.18, 71.50, 38.30, 24.41, -999
16/07/16 12, 4.28, 1.78, 3.76, 3.46, 2.44, 5.39, 4.25, 112.23, 1.00, 0.00, 0.00, 0.00, 0.00, 33.33, 1.00, 0.00, 0.00, 0.00, 0.00, 47.46, 1.00, 37.92, 1.00, 0.00, 0.00, 0.00, 0.00, 0.00, 0.00, 0.00, 0.00, 2.99, 26.20, 21.85, 86.74, 21.91, 84.01, 28.42, 85.06, 28.42, 56.02, 38.67, 23.59, -999
16/07/16 13, 4.31, 0.93, 4.17, 3.56, 2.92, 5.03, 2.50, 113.11, 1.00, 0.00, 0.00, 0.00, 0.00, 33.21, 1.00, 0.00, 0.00, 0.00, 0.00, 46.71, 1.00, 35.92, 1.00, 0.00, 0.00, 31.28, 1.00, 0.00, 0.00, 0.00, 0.00, 2.99, 25.70, 21.10, 86.18, 21.16, 84.59, 21.98, 82.35, 21.87, 67.63, 38.21, 22.82, -999
16/07/16 14, 3.99, 0.54, 4.58, 3.86, 3.24, 5.22, 2.63, 118.30, 1.00, 0.00, 0.00, 0.00, 0.00, 32.91, 1.00, 0.00, 0.00, 0.00, 0.00, 48.21, 1.00, 34.60, 1.00, 0.00, 0.00, 30.34, 1.00, 0.00, 0.00, 92.49, 1.00, 2.99, 22.73, 25.11, 90.67, 25.16, 85.90, 19.72, 82.38, 19.61, 68.52, 28.08, 27.18, -999
16/07/16 15, 3.51, 0.65, 5.09, 4.18, 3.66, 5.47, 3.08, 118.49, 1.00, 0.00, 0.00, 0.00, 0.00, 33.17, 1.00, 0.00, 0.00, 0.00, 0.00, 48.25, 1.00, 34.30, 1.00, 0.00, 0.00, 30.48, 1.00, 0.00, 0.00, 90.75, 1.00, 2.99, 22.62, 25.18, 90.32, 25.24, 85.91, 19.59, 82.76, 19.48, 67.93, 28.14, 27.24, -999
16/07/16 16, 3.07, 0.91, 5.12, 4.45, 4.11, 5.50, 3.44, 116.71, 1.00, 0.00, 0.00, 0.00, 0.00, 0.00, 0.00, 0.00, 0.00, 0.00, 0.00, 48.49, 1.00, 0.00, 0.00, 0.00, 0.00, 31.34, 1.00, 0.00, 0.00, 89.03, 1.00, 2.99, 23.64, 26.95, 72.76, 26.92, 87.13, 26.99, 63.69, 26.88, 72.44, 29.53, 28.63, -999
16/07/16 17, 2.85, 1.58, 4.74, 3.62, 3.45, 5.50, 4.03, 116.69, 1.00, 0.00, 0.00, 0.00, 0.00, 0.00, 0.00, 0.00, 0.00, 0.00, 0.00, 0.00, 0.00, 0.00, 0.00, 0.00, 0.00, 31.39, 1.00, 0.00, 0.00, 67.53, 1.00, 2.99, 23.66, 29.73, 71.93, 29.73, 62.89, 27.02, 63.01, 26.91, 72.30, 32.00, 31.10, -999
16/07/16 18, 2.58, 2.07, 4.34, 3.11, 2.79, 5.50, 4.49, 117.24, 1.00, 0.00, 0.00, 0.00, 0.00, 0.00, 0.00, 0.00, 0.00, 0.00, 0.00, 49.27, 1.00, 0.00, 0.00, 0.00, 0.00, 30.86, 1.00, 0.00, 0.00, 80.71, 1.00, 2.99, 23.34, 27.65, 72.11, 27.61, 86.36, 26.70, 62.23, 26.59, 73.77, 30.18, 29.28, -999
16/07/16 19, 2.39, 2.41, 3.96, 3.53, 2.11, 5.33, 4.00, 116.47, 1.00, 0.00, 0.00, 0.00, 0.00, 0.00, 0.00, 0.00, 0.00, 0.00, 0.00, 50.07, 1.00, 0.00, 0.00, 0.00, 0.00, 0.00, 0.00, 0.00, 0.00, 81.97, 1.00, 2.99, 23.78, 28.01, 70.73, 27.97, 85.17, 29.63, 60.89, 29.63, 54.80, 30.55, 29.65, -999
16/07/16 20, 2.22, 2.71, 3.55, 3.59, 1.58, 4.99, 2.29, 119.52, 1.00, 0.00, 0.00, 0.00, 0.00, 0.00, 0.00, 0.00, 0.00, 0.00, 0.00, 49.96, 1.00, 35.14, 1.00, 0.00, 0.00, 30.66, 1.00, 0.00, 0.00, 66.47, 1.00, 2.99, 22.02, 27.76, 70.66, 27.72, 85.14, 18.56, 80.29, 18.45, 66.29, 30.22, 29.32, -999
16/07/16 21, 1.83, 2.88, 3.15, 3.64, 1.90, 5.09, 2.11, 121.51, 1.00, 0.00, 0.00, 0.00, 0.00, 0.00, 0.00, 0.00, 0.00, 0.00, 0.00, 50.40, 1.00, 34.70, 1.00, 0.00, 0.00, 30.48, 1.00, 0.00, 0.00, 55.35, 1.00, 2.99, 20.87, 27.71, 69.59, 27.67, 84.23, 17.41, 79.89, 17.30, 65.76, 30.12, 29.22, -999
16/07/16 22, 1.36, 2.71, 3.29, 3.32, 2.17, 5.08, 1.74, 122.01, 1.00, 0.00, 0.00, 0.00, 0.00, 36.51, 1.00, 0.00, 0.00, 0.00, 0.00, 49.84, 1.00, 34.69, 1.00, 0.00, 0.00, 30.52, 1.00, 0.00, 0.00, 59.45, 1.00, 2.99, 20.58, 26.51, 85.95, 26.58, 84.23, 17.06, 79.56, 16.95, 65.27, 29.37, 28.47, -999
16/07/16 23, 0.92, 2.42, 3.68, 3.21, 2.36, 4.99, 1.22, 99.08, 1.00, 99.10, 1.00, 0.00, 0.00, 35.90, 1.00, 0.00, 0.00, 0.00, 0.00, 49.93, 1.00, 35.10, 1.00, 0.00, 0.00, 30.88, 1.00, 0.00, 0.00, 79.68, 1.00, 2.97, 33.46, 26.77, 87.31, 26.84, 84.31, 18.75, 80.55, 18.64, 65.76, 29.72, 28.82, -999
17/07/16 00, 0.77, 2.35, 4.10, 3.14, 2.62, 5.05, 1.09, 98.14, 1.00, 98.16, 1.00, 0.00, 0.00, 34.34, 1.00, 0.00, 0.00, 0.00, 0.00, 49.22, 1.00, 34.40, 1.00, 0.00, 0.00, 30.53, 1.00, 0.00, 0.00, 83.29, 1.00, 2.97, 33.97, 26.77, 89.98, 26.83, 85.69, 19.40, 82.41, 19.29, 67.58, 29.72, 28.82, -999
17/07/16 01, 0.72, 2.35, 4.60, 3.46, 3.13, 5.28, 1.61, 97.74, 1.00, 97.76, 1.00, 0.00, 0.00, 33.27, 1.00, 0.00, 0.00, 0.00, 0.00, 48.43, 1.00, 34.02, 1.00, 0.00, 0.00, 30.25, 1.00, 0.00, 0.00, 84.56, 1.00, 2.97, 34.18, 26.80, 91.78, 26.86, 87.19, 19.69, 83.32, 19.58, 68.77, 29.73, 28.83, -999
17/07/16 02, 0.71, 2.38, 5.14, 4.02, 3.72, 5.50, 2.36, 97.62, 1.00, 97.64, 1.00, 0.00, 0.00, 32.81, 1.00, 0.00, 0.00, 0.00, 0.00, 47.98, 1.00, 33.82, 1.00, 0.00, 0.00, 28.90, 1.00, 0.00, 0.00, 84.71, 1.00, 2.97, 34.25, 26.85, 92.57, 26.91, 88.06, 20.10, 84.07, 20.00, 73.44, 29.77, 28.87, -999
17/07/16 03, 0.81, 2.64, 5.12, 4.65, 3.74, 5.50, 3.49, 95.39, 1.00, 95.41, 1.00, 0.00, 0.00, 0.00, 0.00, 0.00, 0.00, 0.00, 0.00, 0.00, 0.00, 0.00, 0.00, 0.00, 0.00, 29.69, 1.00, 0.00, 0.00, 68.99, 1.00, 2.98, 35.45, 30.91, 76.51, 30.91, 69.63, 27.28, 64.86, 27.18, 78.18, 33.20, 32.30, -999
17/07/16 04, 1.09, 3.37, 4.93, 3.86, 3.39, 5.48, 4.72, 94.01, 1.00, 94.02, 1.00, 0.00, 0.00, 0.00, 0.00, 0.00, 0.00, 0.00, 0.00, 0.00, 0.00, 0.00, 0.00, 0.00, 0.00, 0.00, 0.00, 0.00, 0.00, 71.30, 1.00, 2.98, 36.19, 31.85, 76.46, 31.85, 69.10, 30.58, 64.49, 30.58, 61.37, 34.14, 33.24, -999
17/07/16 05, 1.48, 4.12, 4.75, 3.13, 3.04, 5.27, 3.83, 93.65, 1.00, 93.67, 1.00, 0.00, 0.00, 0.00, 0.00, 0.00, 0.00, 0.00, 0.00, 0.00, 0.00, 0.00, 0.00, 0.00, 0.00, 0.00, 0.00, 0.00, 0.00, 69.18, 1.00, 2.98, 36.37, 32.41, 76.16, 32.41, 68.23, 30.93, 64.13, 30.93, 60.49, 34.69, 33.79, -999
17/07/16 06, 1.82, 4.57, 4.55, 3.58, 2.68, 5.03, 2.92, 94.54, 1.00, 94.56, 1.00, 0.00, 0.00, 0.00, 0.00, 0.00, 0.00, 0.00, 0.00, 48.75, 1.00, 0.00, 0.00, 0.00, 0.00, 0.00, 0.00, 0.00, 0.00, 81.37, 1.00, 2.98, 35.90, 30.21, 75.73, 30.18, 89.91, 30.64, 63.50, 30.64, 59.00, 32.74, 31.84, -999
17/07/16 07, 2.05, 4.89, 4.35, 4.42, 2.26, 5.15, 3.04, 95.62, 1.00, 95.63, 1.00, 0.00, 0.00, 0.00, 0.00, 0.00, 0.00, 0.00, 0.00, 49.24, 1.00, 0.00, 0.00, 0.00, 0.00, 31.96, 1.00, 0.00, 0.00, 74.64, 1.00, 2.98, 35.33, 30.22, 74.70, 30.19, 88.99, 27.45, 62.75, 27.33, 70.73, 32.72, 31.82, -999
17/07/16 08, 2.26, 5.48, 4.09, 3.58, 1.76, 5.49, 3.77, 94.83, 1.00, 94.84, 1.00, 0.00, 0.00, 0.00, 0.00, 0.00, 0.00, 0.00, 0.00, 0.00, 0.00, 0.00, 0.00, 0.00, 0.00, 31.83, 1.00, 0.00, 0.00, 57.91, 1.00, 2.98, 35.75, 32.85, 73.90, 32.85, 65.37, 27.93, 61.57, 27.81, 71.69, 35.08, 34.18, -999
17/07/16 09, 2.56, 5.37, 3.80, 3.19, 1.82, 5.50, 4.86, 91.60, 1.00, 91.62, 1.00, 0.00, 0.00, 0.00, 0.00, 0.00, 0.00, 0.00, 0.00, 49.91, 1.00, 38.13, 1.00, 0.00, 0.00, 0.00, 0.00, 0.00, 0.00, 0.00, 0.00, 2.98, 37.46, 28.39, 72.22, 28.35, 85.87, 28.63, 84.87, 28.63, 58.12, 40.83, 29.76, -999
17/07/16 10, 2.92, 4.84, 3.45, 3.46, 2.34, 5.11, 3.05, 91.46, 1.00, 91.48, 1.00, 0.00, 0.00, 0.00, 0.00, 0.00, 0.00, 0.00, 0.00, 50.04, 1.00, 38.16, 1.00, 0.00, 0.00, 0.00, 0.00, 0.00, 0.00, 0.00, 0.00, 2.98, 37.53, 27.85, 70.43, 27.81, 85.07, 28.85, 85.03, 28.85, 55.14, 41.00, 29.23, -999
17/07/16 11, 3.21, 4.31, 3.05, 3.51, 2.78, 4.96, 2.05, 93.05, 1.00, 93.07, 1.00, 0.00, 0.00, 0.00, 0.00, 0.00, 0.00, 0.00, 0.00, 49.81, 1.00, 35.81, 1.00, 0.00, 0.00, 31.52, 1.00, 0.00, 0.00, 0.00, 0.00, 2.98, 36.69, 27.34, 69.63, 27.30, 85.00, 21.81, 82.38, 21.70, 66.64, 39.87, 28.71, -999
17/07/16 12, 3.40, 3.52, 3.26, 3.53, 3.14, 5.08, 1.97, 92.29, 1.00, 92.31, 1.00, 0.00, 0.00, 33.83, 1.00, 0.00, 0.00, 0.00, 0.00, 48.36, 1.00, 35.82, 1.00, 0.00, 0.00, 31.56, 1.00, 0.00, 0.00, 0.00, 0.00, 2.98, 37.09, 23.43, 87.49, 23.49, 83.95, 22.25, 82.79, 22.14, 66.95, 40.35, 25.18, -999
17/07/16 13, 3.61, 2.65, 3.72, 3.49, 3.51, 5.23, 2.00, 91.89, 1.00, 91.91, 1.00, 0.00, 0.00, 34.21, 1.00, 0.00, 0.00, 0.00, 0.00, 47.94, 1.00, 35.59, 1.00, 0.00, 0.00, 31.67, 1.00, 0.00, 0.00, 0.00, 0.00, 2.98, 37.31, 22.56, 86.00, 22.62, 83.85, 22.57, 83.52, 22.45, 66.87, 40.63, 24.32, -999
17/07/16 14, 3.83, 1.78, 4.10, 3.49, 3.94, 5.35, 1.96, 92.38, 1.00, 92.40, 1.00, 0.00, 0.00, 33.54, 1.00, 0.00, 0.00, 0.00, 0.00, 47.66, 1.00, 35.69, 1.00, 0.00, 0.00, 31.47, 1.00, 0.00, 0.00, 0.00, 0.00, 2.98, 37.04, 21.80, 86.35, 21.86, 83.61, 22.45, 83.23, 22.34, 67.44, 40.43, 23.54, -999
17/07/16 15, 4.13, 0.92, 4.49, 3.47, 3.32, 5.50, 2.29, 91.33, 1.00, 91.35, 1.00, 0.00, 0.00, 32.79, 1.00, 0.00, 0.00, 0.00, 0.00, 47.57, 1.00, 0.00, 0.00, 0.00, 0.00, 32.79, 1.00, 0.00, 0.00, 0.00, 0.00, 2.98, 37.60, 21.04, 86.78, 21.10, 82.99, 30.24, 61.62, 30.12, 70.55, 41.44, 22.77, -999
17/07/16 16, 4.20, 0.63, 4.91, 3.30, 2.48, 5.50, 2.62, 95.77, 1.00, 95.78, 1.00, 0.00, 0.00, 35.09, 1.00, 0.00, 0.00, 0.00, 0.00, 49.51, 1.00, 0.00, 0.00, 0.00, 0.00, 32.56, 1.00, 0.00, 0.00, 109.65, 1.00, 2.98, 35.25, 25.53, 87.48, 25.60, 83.88, 28.52, 60.45, 28.40, 69.66, 28.68, 27.78, -999
17/07/16 17, 4.06, 0.89, 5.31, 3.15, 1.59, 5.50, 2.77, 95.80, 1.00, 95.81, 1.00, 0.00, 0.00, 0.00, 0.00, 0.00, 0.00, 0.00, 0.00, 49.90, 1.00, 0.00, 0.00, 0.00, 0.00, 32.37, 1.00, 0.00, 0.00, 99.48, 1.00, 2.98, 35.23, 27.48, 69.71, 27.44, 84.96, 28.50, 59.48, 28.38, 70.34, 30.13, 29.23, -999
17/07/16 18, 3.84, 1.38, 4.81, 3.26, 1.58, 5.50, 2.92, 96.78, 1.00, 96.80, 1.00, 0.00, 0.00, 0.00, 0.00, 0.00, 0.00, 0.00, 0.00, 50.47, 1.00, 36.28, 1.00, 0.00, 0.00, 30.79, 1.00, 0.00, 0.00, 93.21, 1.00, 2.98, 34.70, 27.54, 70.73, 27.50, 83.92, 20.80, 80.52, 20.69, 68.09, 30.15, 29.25, -999
17/07/16 19, 3.60, 1.82, 4.37, 2.97, 1.81, 5.50, 2.86, 96.72, 1.00, 96.74, 1.00, 0.00, 0.00, 0.00, 0.00, 0.00, 0.00, 0.00, 0.00, 50.35, 1.00, 35.80, 1.00, 0.00, 0.00, 31.05, 1.00, 0.00, 0.00, 90.82, 1.00, 2.98, 34.73, 27.85, 69.71, 27.81, 84.46, 20.82, 81.40, 20.71, 67.27, 30.45, 29.55, -999
17/07/16 20, 3.38, 2.24, 3.91, 2.95, 2.17, 5.50, 2.60, 96.70, 1.00, 96.71, 1.00, 0.00, 0.00, 0.00, 0.00, 0.00, 0.00, 0.00, 0.00, 50.46, 1.00, 35.79, 1.00, 0.00, 0.00, 31.09, 1.00, 0.00, 0.00, 88.47, 1.00, 2.98, 34.75, 28.13, 67.64, 28.09, 84.52, 20.76, 81.36, 20.64, 67.03, 30.72, 29.82, -999
17/07/16 21, 3.18, 2.63, 3.39, 2.94, 2.48, 5.50, 2.35, 96.45, 1.00, 96.47, 1.00, 0.00, 0.00, 0.00, 0.00, 0.00, 0.00, 0.00, 0.00, 50.61, 1.00, 35.69, 1.00, 0.00, 0.00, 30.94, 1.00, 0.00, 0.00, 86.88, 1.00, 2.98, 34.88, 28.44, 70.65, 28.39, 84.53, 20.89, 81.66, 20.77, 67.69, 31.01, 30.11, -999
17/07/16 22, 3.03, 3.00, 3.01, 2.91, 2.80, 5.50, 2.31, 97.21, 1.00, 97.23, 1.00, 0.00, 0.00, 35.78, 1.00, 0.00, 0.00, 0.00, 0.00, 50.05, 1.00, 35.82, 1.00, 0.00, 0.00, 30.51, 1.00, 0.00, 0.00, 87.89, 1.00, 2.97, 34.47, 27.39, 88.14, 27.46, 84.71, 20.49, 81.03, 20.38, 68.73, 30.40, 29.50, -999
17/07/16 23, 2.82, 3.02, 3.48, 3.01, 2.99, 5.50, 2.53, 96.77, 1.00, 96.78, 1.00, 0.00, 0.00, 35.89, 1.00, 0.00, 0.00, 0.00, 0.00, 49.77, 1.00, 35.06, 1.00, 0.00, 0.00, 30.33, 1.00, 0.00, 0.00, 89.09, 1.00, 2.98, 34.71, 27.42, 87.98, 27.49, 85.27, 20.90, 82.77, 20.79, 69.70, 30.43, 29.53, -999
18/07/16 00, 2.67, 3.05, 3.93, 3.22, 3.44, 5.50, 2.90, 96.73, 1.00, 96.75, 1.00, 0.00, 0.00, 35.13, 1.00, 0.00, 0.00, 0.00, 0.00, 50.07, 1.00, 34.84, 1.00, 0.00, 0.00, 30.54, 1.00, 0.00, 0.00, 88.65, 1.00, 2.98, 34.73, 27.46, 89.34, 27.53, 84.73, 20.86, 83.11, 20.75, 69.01, 30.46, 29.56, -999
18/07/16 01, 2.54, 3.09, 4.41, 3.25, 3.90, 5.50, 3.06, 96.48, 1.00, 96.50, 1.00, 0.00, 0.00, 34.06, 1.00, 0.00, 0.00, 0.00, 0.00, 49.50, 1.00, 35.04, 1.00, 0.00, 0.00, 30.29, 1.00, 0.00, 0.00, 88.93, 1.00, 2.98, 34.86, 27.53, 91.21, 27.59, 85.90, 20.94, 82.84, 20.83, 69.89, 30.51, 29.61, -999
18/07/16 02, 2.55, 3.15, 4.94, 3.56, 3.43, 5.50, 3.47, 95.94, 1.00, 95.96, 1.00, 0.00, 0.00, 33.78, 1.00, 0.00, 0.00, 0.00, 0.00, 48.79, 1.00, 0.00, 0.00, 0.00, 0.00, 30.76, 1.00, 0.00, 0.00, 90.98, 1.00, 2.98, 35.15, 27.65, 91.81, 27.71, 87.36, 27.76, 63.70, 27.65, 75.17, 30.63, 29.73, -999
18/07/16 03, 2.62, 3.32, 5.27, 4.10, 2.89, 5.50, 4.48, 95.03, 1.00, 95.05, 1.00, 0.00, 0.00, 0.00, 0.00, 0.00, 0.00, 0.00, 0.00, 48.64, 1.00, 0.00, 0.00, 0.00, 0.00, 30.31, 1.00, 0.00, 0.00, 86.47, 1.00, 2.98, 35.64, 29.21, 75.93, 29.18, 89.11, 28.22, 63.64, 28.11, 77.12, 31.77, 30.87, -999
18/07/16 04, 2.84, 3.82, 5.03, 4.39, 2.45, 5.36, 4.33, 92.82, 1.00, 92.84, 1.00, 0.00, 0.00, 0.00, 0.00, 0.00, 0.00, 0.00, 0.00, 0.00, 0.00, 0.00, 0.00, 0.00, 0.00, 0.00, 0.00, 0.00, 0.00, 74.50, 1.00, 2.98, 36.81, 32.59, 75.21, 32.59, 68.89, 31.91, 63.52, 31.91, 60.48, 34.91, 34.01, -999
18/07/16 05, 3.19, 4.60, 4.76, 3.52, 2.09, 5.11, 3.27, 92.58, 1.00, 92.60, 1.00, 0.00, 0.00, 0.00, 0.00, 0.00, 0.00, 0.00, 0.00, 0.00, 0.00, 0.00, 0.00, 0.00, 0.00, 0.00, 0.00, 0.00, 0.00, 71.89, 1.00, 2.98, 36.94, 33.14, 75.05, 33.14, 66.70, 32.20, 62.82, 32.20, 59.33, 35.43, 34.53, -999
18/07/16 06, 3.45, 5.16, 4.50, 3.32, 1.65, 5.02, 2.78, 94.35, 1.00, 94.37, 1.00, 0.00, 0.00, 0.00, 0.00, 0.00, 0.00, 0.00, 0.00, 49.80, 1.00, 0.00, 0.00, 0.00, 0.00, 32.58, 1.00, 0.00, 0.00, 80.04, 1.00, 2.98, 36.00, 30.69, 73.51, 30.65, 88.37, 28.61, 61.35, 28.48, 69.70, 33.21, 32.31, -999
18/07/16 07, 3.46, 5.46, 4.18, 3.95, 1.90, 5.29, 3.20, 95.55, 1.00, 95.57, 1.00, 0.00, 0.00, 0.00, 0.00, 0.00, 0.00, 0.00, 0.00, 50.62, 1.00, 35.34, 1.00, 0.00, 0.00, 30.95, 1.00, 0.00, 0.00, 73.93, 1.00, 2.98, 35.36, 30.71, 70.92, 30.67, 86.79, 21.51, 82.90, 21.40, 68.27, 33.21, 32.31, -999
18/07/16 08, 3.62, 5.06, 3.76, 4.17, 2.47, 5.50, 3.43, 91.94, 1.00, 91.96, 1.00, 0.00, 0.00, 0.00, 0.00, 0.00, 0.00, 0.00, 0.00, 49.46, 1.00, 35.63, 1.00, 0.00, 0.00, 30.48, 1.00, 0.00, 0.00, 0.00, 0.00, 2.98, 37.28, 28.11, 68.62, 28.07, 86.46, 22.85, 83.73, 22.74, 71.19, 40.62, 29.48, -999
18/07/16 09, 3.84, 4.53, 3.28, 4.43, 3.03, 5.50, 3.89, 91.85, 1.00, 91.87, 1.00, 0.00, 0.00, 0.00, 0.00, 0.00, 0.00, 0.00, 0.00, 49.90, 1.00, 36.18, 1.00, 0.00, 0.00, 31.07, 1.00, 0.00, 0.00, 0.00, 0.00, 2.98, 37.33, 27.55, 67.78, 27.51, 85.05, 22.70, 82.60, 22.59, 69.08, 40.73, 28.93, -999
18/07/16 10, 4.05, 3.85, 3.16, 4.21, 3.35, 5.50, 3.81, 92.26, 1.00, 92.28, 1.00, 0.00, 0.00, 34.54, 1.00, 0.00, 0.00, 0.00, 0.00, 48.17, 1.00, 36.14, 1.00, 0.00, 0.00, 30.91, 1.00, 0.00, 0.00, 0.00, 0.00, 2.98, 37.11, 23.70, 86.58, 23.76, 84.56, 22.64, 82.61, 22.53, 69.56, 40.56, 25.46, -999
18/07/16 11, 4.22, 2.97, 3.58, 4.18, 3.64, 5.50, 3.86, 90.47, 1.00, 90.49, 1.00, 0.00, 0.00, 34.17, 1.00, 0.00, 0.00, 0.00, 0.00, 47.62, 1.00, 35.82, 1.00, 0.00, 0.00, 30.53, 1.00, 0.00, 0.00, 0.00, 0.00, 2.98, 38.05, 22.93, 86.42, 22.99, 84.80, 23.78, 84.31, 23.67, 71.96, 41.62, 24.68, -999
18/07/16 12, 4.50, 2.11, 3.99, 4.28, 3.83, 5.50, 4.41, 111.97, 1.00, 0.00, 0.00, 0.00, 0.00, 33.22, 1.00, 0.00, 0.00, 0.00, 0.00, 47.24, 1.00, 0.00, 0.00, 0.00, 0.00, 32.00, 1.00, 0.00, 0.00, 0.00, 0.00, 2.99, 26.34, 22.21, 87.27, 22.27, 84.76, 29.44, 62.60, 29.32, 72.58, 38.88, 23.95, -999
18/07/16 13, 4.57, 1.26, 4.42, 4.40, 3.05, 5.49, 4.76, 111.34, 1.00, 0.00, 0.00, 0.00, 0.00, 33.17, 1.00, 0.00, 0.00, 0.00, 0.00, 47.26, 1.00, 0.00, 0.00, 0.00, 0.00, 0.00, 0.00, 0.00, 0.00, 0.00, 0.00, 2.99, 26.70, 21.37, 86.51, 21.43, 83.88, 32.54, 61.43, 32.54, 59.49, 39.36, 23.10, -999
18/07/16 14, 4.70, 0.53, 4.81, 4.25, 2.22, 5.18, 3.33, 115.12, 1.00, 0.00, 0.00, 0.00, 0.00, 34.24, 1.00, 0.00, 0.00, 0.00, 0.00, 48.33, 1.00, 0.00, 0.00, 0.00, 0.00, 0.00, 0.00, 0.00, 0.00, 105.99, 1.00, 2.99, 24.55, 25.40, 88.78, 25.46, 85.98, 30.92, 61.23, 30.92, 57.00, 28.49, 27.59, -999
18/07/16 15, 4.34, 0.73, 5.25, 4.50, 1.52, 5.12, 2.67, 117.88, 1.00, 0.00, 0.00, 0.00, 0.00, 35.25, 1.00, 0.00, 0.00, 0.00, 0.00, 0.00, 0.00, 35.32, 1.00, 0.00, 0.00, 30.70, 1.00, 0.00, 0.00, 82.11, 1.00, 2.99, 22.97, 27.13, 88.80, 27.24, 63.11, 19.73, 81.15, 19.62, 67.34, 29.69, 28.79, -999
18/07/16 16, 3.90, 1.39, 5.04, 3.00, 1.93, 5.29, 2.76, 118.52, 1.00, 0.00, 0.00, 0.00, 0.00, 0.00, 0.00, 0.00, 0.00, 0.00, 0.00, 49.99, 1.00, 35.08, 1.00, 0.00, 0.00, 30.39, 1.00, 0.00, 0.00, 80.47, 1.00, 2.99, 22.60, 26.93, 72.81, 26.89, 84.25, 19.43, 81.27, 19.32, 68.07, 29.46, 28.56, -999
18/07/16 17, 3.43, 1.70, 4.66, 2.97, 2.33, 5.50, 3.08, 118.08, 1.00, 0.00, 0.00, 0.00, 0.00, 0.00, 0.00, 0.00, 0.00, 0.00, 0.00, 49.57, 1.00, 35.15, 1.00, 0.00, 0.00, 29.80, 1.00, 0.00, 0.00, 79.74, 1.00, 2.99, 22.86, 27.22, 73.66, 27.18, 85.35, 19.78, 81.49, 19.68, 70.31, 29.75, 28.85, -999
18/07/16 18, 3.01, 2.01, 4.34, 3.23, 2.71, 5.50, 3.50, 119.22, 1.00, 0.00, 0.00, 0.00, 0.00, 0.00, 0.00, 0.00, 0.00, 0.00, 0.00, 49.17, 1.00, 34.59, 1.00, 0.00, 0.00, 29.65, 1.00, 0.00, 0.00, 73.29, 1.00, 2.99, 22.20, 27.29, 72.82, 27.25, 86.20, 19.21, 81.89, 19.11, 70.23, 29.78, 28.88, -999
18/07/16 19, 2.57, 2.25, 3.99, 3.62, 3.14, 5.50, 3.85, 119.95, 1.00, 0.00, 0.00, 0.00, 0.00, 0.00, 0.00, 0.00, 0.00, 0.00, 0.00, 50.13, 1.00, 34.81, 1.00, 0.00, 0.00, 29.27, 1.00, 0.00, 0.00, 68.56, 1.00, 2.99, 21.78, 27.35, 73.36, 27.31, 84.38, 18.75, 81.05, 18.65, 70.96, 29.81, 28.91, -999
18/07/16 20, 2.13, 2.43, 3.68, 3.42, 3.39, 5.50, 4.30, 120.43, 1.00, 0.00, 0.00, 0.00, 0.00, 0.00, 0.00, 0.00, 0.00, 0.00, 0.00, 50.03, 1.00, 34.05, 1.00, 0.00, 0.00, 29.72, 1.00, 0.00, 0.00, 64.71, 1.00, 2.99, 21.50, 27.43, 69.01, 27.39, 84.66, 18.48, 82.06, 18.38, 69.27, 29.88, 28.98, -999
18/07/16 21, 1.71, 2.57, 3.22, 3.38, 3.81, 5.50, 4.29, 121.30, 1.00, 0.00, 0.00, 0.00, 0.00, 0.00, 0.00, 0.00, 0.00, 0.00, 0.00, 49.98, 1.00, 34.05, 1.00, 0.00, 0.00, 29.71, 1.00, 0.00, 0.00, 59.04, 1.00, 2.99, 20.99, 27.47, 69.71, 27.42, 84.79, 17.90, 81.48, 17.79, 68.71, 29.88, 28.98, -999
18/07/16 22, 1.30, 2.52, 3.21, 3.39, 3.83, 5.50, 4.20, 120.57, 1.00, 0.00, 0.00, 0.00, 0.00, 36.02, 1.00, 0.00, 0.00, 0.00, 0.00, 49.91, 1.00, 0.00, 0.00, 0.00, 0.00, 31.22, 1.00, 0.00, 0.00, 68.13, 1.00, 2.99, 21.42, 26.63, 86.96, 26.71, 84.22, 24.62, 61.75, 24.50, 70.46, 29.53, 28.63, -999
18/07/16 23, 0.96, 2.33, 3.64, 3.24, 2.94, 5.50, 4.33, 98.63, 1.00, 98.65, 1.00, 0.00, 0.00, 36.24, 1.00, 0.00, 0.00, 0.00, 0.00, 49.77, 1.00, 0.00, 0.00, 0.00, 0.00, 31.74, 1.00, 0.00, 0.00, 83.13, 1.00, 2.97, 33.70, 26.70, 86.62, 26.77, 84.55, 25.75, 61.57, 25.63, 69.81, 29.68, 28.78, -999
19/07/16 00, 0.97, 2.30, 4.04, 3.26, 2.14, 5.50, 4.24, 97.93, 1.00, 97.95, 1.00, 0.00, 0.00, 34.86, 1.00, 0.00, 0.00, 0.00, 0.00, 49.03, 1.00, 0.00, 0.00, 0.00, 0.00, 30.83, 1.00, 0.00, 0.00, 85.89, 1.00, 2.97, 34.08, 26.71, 89.06, 26.78, 85.98, 26.11, 62.14, 26.00, 73.28, 29.68, 28.78, -999
19/07/16 01, 1.05, 2.32, 4.51, 3.62, 1.55, 5.46, 4.61, 96.99, 1.00, 97.01, 1.00, 0.00, 0.00, 33.31, 1.00, 0.00, 0.00, 0.00, 0.00, 49.28, 1.00, 0.00, 0.00, 0.00, 0.00, 0.00, 0.00, 0.00, 0.00, 90.73, 1.00, 2.98, 34.59, 26.82, 91.73, 26.88, 85.61, 29.20, 60.33, 29.20, 58.55, 29.80, 28.90, -999
19/07/16 02, 1.12, 2.37, 5.06, 3.83, 1.90, 5.11, 3.00, 97.28, 1.00, 97.30, 1.00, 0.00, 0.00, 33.57, 1.00, 0.00, 0.00, 0.00, 0.00, 48.26, 1.00, 36.62, 1.00, 0.00, 0.00, 0.00, 0.00, 0.00, 0.00, 87.83, 1.00, 2.97, 34.43, 26.85, 91.34, 26.91, 87.56, 25.64, 84.68, 25.64, 58.04, 29.80, 28.90, -999
19/07/16 03, 1.15, 2.58, 5.17, 4.40, 2.49, 5.09, 2.60, 96.86, 1.00, 96.87, 1.00, 0.00, 0.00, 0.00, 0.00, 0.00, 0.00, 0.00, 0.00, 48.15, 1.00, 34.20, 1.00, 0.00, 0.00, 29.90, 1.00, 0.00, 0.00, 81.22, 1.00, 2.98, 34.66, 28.24, 76.02, 28.20, 89.05, 20.30, 83.62, 20.19, 70.51, 30.77, 29.87, -999
19/07/16 04, 1.24, 3.22, 4.94, 3.69, 3.16, 5.45, 3.53, 96.25, 1.00, 96.27, 1.00, 0.00, 0.00, 0.00, 0.00, 0.00, 0.00, 0.00, 0.00, 0.00, 0.00, 34.12, 1.00, 0.00, 0.00, 29.91, 1.00, 0.00, 0.00, 62.81, 1.00, 2.98, 34.98, 30.97, 75.85, 30.97, 68.48, 20.54, 84.00, 20.43, 70.74, 33.22, 32.32, -999
19/07/16 05, 1.35, 3.87, 4.71, 2.87, 3.81, 5.50, 4.63, 96.90, 1.00, 96.91, 1.00, 0.00, 0.00, 0.00, 0.00, 0.00, 0.00, 0.00, 0.00, 48.40, 1.00, 33.77, 1.00, 0.00, 0.00, 28.05, 1.00, 0.00, 0.00, 73.92, 1.00, 2.98, 34.64, 29.22, 73.07, 29.18, 89.57, 20.90, 84.95, 20.81, 76.78, 31.70, 30.80, -999
19/07/16 06, 1.53, 4.18, 4.36, 3.77, 3.98, 5.34, 4.22, 95.64, 1.00, 95.66, 1.00, 0.00, 0.00, 0.00, 0.00, 0.00, 0.00, 0.00, 0.00, 49.49, 1.00, 0.00, 0.00, 0.00, 0.00, 0.00, 0.00, 0.00, 0.00, 79.45, 1.00, 2.98, 35.31, 29.70, 75.98, 29.66, 87.99, 30.05, 63.75, 30.05, 60.43, 32.22, 31.32, -999
19/07/16 07, 1.80, 4.50, 4.18, 4.32, 3.35, 5.09, 3.17, 96.27, 1.00, 96.29, 1.00, 0.00, 0.00, 0.00, 0.00, 0.00, 0.00, 0.00, 0.00, 50.33, 1.00, 0.00, 0.00, 0.00, 0.00, 0.00, 0.00, 0.00, 0.00, 75.94, 1.00, 2.98, 34.98, 29.83, 73.84, 29.79, 86.49, 29.97, 62.99, 29.97, 56.78, 32.34, 31.44, -999
19/07/16 08, 1.94, 4.74, 3.89, 4.47, 2.70, 5.09, 2.70, 97.66, 1.00, 97.68, 1.00, 0.00, 0.00, 0.00, 0.00, 0.00, 0.00, 0.00, 0.00, 50.51, 1.00, 0.00, 0.00, 0.00, 0.00, 32.26, 1.00, 0.00, 0.00, 68.51, 1.00, 2.97, 34.23, 29.83, 70.57, 29.79, 86.13, 26.58, 62.23, 26.46, 68.80, 32.30, 31.40, -999
19/07/16 09, 1.95, 4.93, 3.47, 4.47, 2.03, 5.34, 3.02, 97.86, 1.00, 97.88, 1.00, 0.00, 0.00, 0.00, 0.00, 0.00, 0.00, 0.00, 0.00, 50.60, 1.00, 0.00, 0.00, 0.00, 0.00, 32.38, 1.00, 0.00, 0.00, 66.64, 1.00, 2.97, 34.12, 29.96, 70.67, 29.92, 86.08, 26.52, 60.06, 26.39, 68.31, 32.42, 31.52, -999
19/07/16 10, 1.91, 5.09, 3.08, 4.45, 1.44, 5.50, 3.12, 96.50, 1.00, 96.52, 1.00, 0.00, 0.00, 0.00, 0.00, 0.00, 0.00, 0.00, 0.00, 50.52, 1.00, 35.38, 1.00, 0.00, 0.00, 30.22, 1.00, 0.00, 0.00, 69.15, 1.00, 2.98, 34.85, 30.19, 69.85, 30.15, 86.47, 20.45, 81.76, 20.34, 69.62, 32.66, 31.76, -999
19/07/16 11, 1.90, 5.21, 3.33, 3.83, 1.93, 5.50, 3.38, 96.83, 1.00, 96.85, 1.00, 0.00, 0.00, 36.30, 1.00, 0.00, 0.00, 0.00, 0.00, 0.00, 0.00, 34.98, 1.00, 0.00, 0.00, 29.84, 1.00, 0.00, 0.00, 63.93, 1.00, 2.98, 34.67, 30.60, 90.43, 30.71, 62.00, 20.49, 82.49, 20.38, 70.88, 33.07, 32.17, -999
19/07/16 12, 1.87, 5.38, 3.86, 2.66, 2.47, 5.50, 3.85, 97.06, 1.00, 97.08, 1.00, 0.00, 0.00, 35.50, 1.00, 0.00, 0.00, 0.00, 0.00, 50.58, 1.00, 34.79, 1.00, 0.00, 0.00, 29.82, 1.00, 0.00, 0.00, 68.89, 1.00, 2.97, 34.55, 29.52, 90.75, 29.59, 85.78, 20.46, 82.79, 20.36, 70.94, 32.42, 31.52, -999
19/07/16 13, 1.82, 5.20, 4.38, 2.95, 3.01, 5.50, 4.25, 96.80, 1.00, 96.82, 1.00, 0.00, 0.00, 35.66, 1.00, 0.00, 0.00, 0.00, 0.00, 50.78, 1.00, 34.96, 1.00, 0.00, 0.00, 29.34, 1.00, 0.00, 0.00, 70.89, 1.00, 2.98, 34.69, 29.38, 90.34, 29.45, 85.25, 20.62, 82.65, 20.52, 72.62, 32.29, 31.39, -999
19/07/16 14, 1.82, 5.05, 4.87, 3.07, 3.46, 5.45, 4.58, 97.33, 1.00, 97.35, 1.00, 0.00, 0.00, 35.83, 1.00, 0.00, 0.00, 0.00, 0.00, 50.50, 1.00, 37.05, 1.00, 0.00, 0.00, 0.00, 0.00, 0.00, 0.00, 70.77, 1.00, 2.97, 34.41, 29.22, 89.87, 29.29, 85.65, 25.95, 84.21, 25.95, 55.76, 32.13, 31.23, -999
19/07/16 15, 1.85, 4.92, 5.26, 3.27, 3.84, 5.00, 2.44, 96.76, 1.00, 96.78, 1.00, 0.00, 0.00, 0.00, 0.00, 0.00, 0.00, 0.00, 0.00, 50.16, 1.00, 34.69, 1.00, 0.00, 0.00, 30.55, 1.00, 0.00, 0.00, 69.24, 1.00, 2.98, 34.71, 30.03, 73.80, 29.99, 87.01, 20.41, 82.91, 20.30, 68.53, 32.50, 31.60, -999
19/07/16 16, 1.90, 5.13, 4.92, 3.70, 3.68, 5.28, 2.97, 96.95, 1.00, 96.97, 1.00, 0.00, 0.00, 0.00, 0.00, 0.00, 0.00, 0.00, 0.00, 50.45, 1.00, 0.00, 0.00, 0.00, 0.00, 32.29, 1.00, 0.00, 0.00, 68.21, 1.00, 2.98, 34.61, 30.20, 73.04, 30.16, 86.62, 26.80, 62.10, 26.68, 68.93, 32.67, 31.77, -999
19/07/16 17, 1.98, 5.31, 4.56, 3.97, 2.86, 5.50, 3.29, 96.26, 1.00, 96.28, 1.00, 0.00, 0.00, 0.00, 0.00, 0.00, 0.00, 0.00, 0.00, 50.81, 1.00, 0.00, 0.00, 0.00, 0.00, 31.17, 1.00, 0.00, 0.00, 69.80, 1.00, 2.98, 34.98, 30.42, 72.64, 30.38, 86.11, 27.28, 62.72, 27.16, 73.30, 32.90, 32.00, -999
19/07/16 18, 2.11, 5.51, 4.20, 4.05, 2.24, 5.50, 4.04, 92.48, 1.00, 92.50, 1.00, 0.00, 0.00, 0.00, 0.00, 0.00, 0.00, 0.00, 0.00, 49.85, 1.00, 0.00, 0.00, 0.00, 0.00, 31.79, 1.00, 0.00, 0.00, 0.00, 0.00, 2.98, 36.99, 28.54, 71.97, 28.50, 86.13, 28.97, 61.69, 28.85, 72.84, 40.26, 29.91, -999
19/07/16 19, 2.47, 4.98, 3.82, 4.22, 1.56, 5.50, 4.56, 92.10, 1.00, 92.11, 1.00, 0.00, 0.00, 0.00, 0.00, 0.00, 0.00, 0.00, 0.00, 49.83, 1.00, 0.00, 0.00, 0.00, 0.00, 32.18, 1.00, 0.00, 0.00, 0.00, 0.00, 2.98, 37.20, 28.01, 73.90, 27.97, 85.64, 29.25, 60.00, 29.13, 71.76, 40.57, 29.38, -999
19/07/16 20, 2.70, 4.46, 3.55, 4.25, 1.82, 5.50, 4.63, 94.38, 1.00, 94.39, 1.00, 0.00, 0.00, 0.00, 0.00, 0.00, 0.00, 0.00, 0.00, 50.06, 1.00, 35.77, 1.00, 0.00, 0.00, 30.62, 1.00, 0.00, 0.00, 0.00, 0.00, 2.98, 35.99, 27.46, 69.38, 27.42, 84.65, 21.19, 81.82, 21.08, 69.05, 39.00, 28.84, -999
19/07/16 21, 2.84, 3.92, 3.10, 3.93, 2.24, 5.50, 4.41, 93.66, 1.00, 93.68, 1.00, 0.00, 0.00, 0.00, 0.00, 0.00, 0.00, 0.00, 0.00, 49.67, 1.00, 36.04, 1.00, 0.00, 0.00, 30.40, 1.00, 0.00, 0.00, 0.00, 0.00, 2.98, 36.37, 26.96, 68.67, 26.92, 84.91, 21.59, 81.74, 21.48, 70.20, 39.43, 28.33, -999
19/07/16 22, 3.02, 3.12, 3.30, 3.83, 2.56, 5.50, 4.52, 94.83, 1.00, 94.85, 1.00, 0.00, 0.00, 34.16, 1.00, 0.00, 0.00, 0.00, 0.00, 48.19, 1.00, 35.48, 1.00, 0.00, 0.00, 30.75, 1.00, 0.00, 0.00, 0.00, 0.00, 2.98, 35.74, 23.01, 86.53, 23.08, 83.85, 21.17, 82.30, 21.06, 68.61, 38.87, 24.77, -999
19/07/16 23, 3.12, 2.25, 3.72, 3.70, 2.97, 5.50, 4.22, 93.01, 1.00, 93.03, 1.00, 0.00, 0.00, 33.75, 1.00, 0.00, 0.00, 0.00, 0.00, 47.73, 1.00, 35.93, 1.00, 0.00, 0.00, 30.50, 1.00, 0.00, 0.00, 0.00, 0.00, 2.98, 36.71, 22.24, 86.44, 22.30, 83.91, 22.03, 82.37, 21.92, 70.28, 39.87, 23.99, -999
20/07/16 00, 3.31, 1.39, 4.13, 3.69, 3.30, 5.50, 4.37, 92.75, 1.00, 92.77, 1.00, 0.00, 0.00, 33.62, 1.00, 0.00, 0.00, 0.00, 0.00, 46.93, 1.00, 35.92, 1.00, 0.00, 0.00, 30.21, 1.00, 0.00, 0.00, 0.00, 0.00, 2.98, 36.85, 21.48, 85.89, 21.55, 84.60, 22.32, 82.68, 22.21, 71.52, 40.08, 23.22, -999
20/07/16 01, 3.51, 0.54, 4.50, 3.92, 3.62, 5.50, 4.75, 90.97, 1.00, 90.98, 1.00, 0.00, 0.00, 31.68, 1.00, 0.00, 0.00, 0.00, 0.00, 46.49, 1.00, 35.90, 1.00, 0.00, 0.00, 29.80, 1.00, 0.00, 0.00, 0.00, 0.00, 2.98, 37.79, 20.90, 88.38, 20.95, 84.76, 23.40, 83.81, 23.30, 73.93, 41.15, 22.60, -999
20/07/16 02, 3.47, 0.77, 5.00, 4.25, 4.09, 5.20, 3.40, 95.12, 1.00, 95.14, 1.00, 0.00, 0.00, 33.53, 1.00, 0.00, 0.00, 0.00, 0.00, 47.42, 1.00, 0.00, 0.00, 0.00, 0.00, 0.00, 0.00, 0.00, 0.00, 109.14, 1.00, 2.98, 35.59, 25.85, 90.40, 25.91, 88.08, 31.17, 64.49, 31.17, 58.48, 28.94, 28.04, -999
20/07/16 03, 3.58, 1.33, 5.17, 4.08, 3.57, 5.09, 2.73, 94.15, 1.00, 94.17, 1.00, 0.00, 0.00, 0.00, 0.00, 0.00, 0.00, 0.00, 0.00, 0.00, 0.00, 0.00, 0.00, 0.00, 0.00, 32.18, 1.00, 0.00, 0.00, 81.71, 1.00, 2.98, 36.11, 30.81, 76.51, 30.81, 67.70, 28.81, 64.34, 28.69, 71.31, 33.16, 32.26, -999
20/07/16 04, 3.71, 2.19, 4.98, 3.09, 3.13, 5.46, 3.60, 93.23, 1.00, 93.25, 1.00, 0.00, 0.00, 0.00, 0.00, 0.00, 0.00, 0.00, 0.00, 0.00, 0.00, 0.00, 0.00, 0.00, 0.00, 32.13, 1.00, 0.00, 0.00, 80.51, 1.00, 2.98, 36.60, 31.54, 75.89, 31.54, 67.71, 29.27, 64.24, 29.15, 71.97, 33.89, 32.99, -999
20/07/16 05, 3.83, 2.73, 4.75, 3.71, 2.78, 5.50, 4.78, 93.84, 1.00, 93.85, 1.00, 0.00, 0.00, 0.00, 0.00, 0.00, 0.00, 0.00, 0.00, 48.58, 1.00, 0.00, 0.00, 0.00, 0.00, 30.06, 1.00, 0.00, 0.00, 94.75, 1.00, 2.98, 36.28, 29.11, 74.11, 29.07, 89.12, 29.36, 63.07, 29.25, 79.07, 31.72, 30.82, -999
20/07/16 06, 4.06, 3.24, 4.44, 4.47, 2.24, 5.27, 3.80, 93.38, 1.00, 93.40, 1.00, 0.00, 0.00, 0.00, 0.00, 0.00, 0.00, 0.00, 0.00, 48.82, 1.00, 0.00, 0.00, 0.00, 0.00, 0.00, 0.00, 0.00, 0.00, 94.86, 1.00, 2.98, 36.52, 29.61, 74.32, 29.57, 89.17, 32.19, 60.90, 32.19, 60.07, 32.23, 31.33, -999
20/07/16 07, 4.32, 4.05, 4.16, 3.55, 1.53, 5.01, 2.76, 94.11, 1.00, 94.13, 1.00, 0.00, 0.00, 0.00, 0.00, 0.00, 0.00, 0.00, 0.00, 0.00, 0.00, 37.55, 1.00, 0.00, 0.00, 0.00, 0.00, 0.00, 0.00, 70.50, 1.00, 2.98, 36.13, 32.46, 70.66, 32.46, 64.91, 28.49, 85.82, 28.49, 58.89, 34.75, 33.85, -999
20/07/16 08, 4.24, 4.57, 3.74, 3.24, 2.17, 5.19, 3.10, 95.13, 1.00, 95.15, 1.00, 0.00, 0.00, 0.00, 0.00, 0.00, 0.00, 0.00, 0.00, 50.79, 1.00, 36.02, 1.00, 0.00, 0.00, 30.64, 1.00, 0.00, 0.00, 82.21, 1.00, 2.98, 35.59, 30.14, 68.99, 30.10, 85.88, 21.98, 82.16, 21.87, 69.79, 32.69, 31.79, -999
20/07/16 09, 4.09, 4.90, 3.27, 3.43, 2.55, 5.50, 3.73, 95.14, 1.00, 95.16, 1.00, 0.00, 0.00, 0.00, 0.00, 0.00, 0.00, 0.00, 0.00, 50.85, 1.00, 36.27, 1.00, 0.00, 0.00, 30.10, 1.00, 0.00, 0.00, 80.08, 1.00, 2.98, 35.58, 30.37, 69.53, 30.33, 86.00, 21.99, 81.72, 21.88, 71.56, 32.91, 32.01, -999
20/07/16 10, 3.96, 5.10, 3.10, 3.59, 2.81, 5.50, 4.23, 95.79, 1.00, 95.81, 1.00, 0.00, 0.00, 35.62, 1.00, 0.00, 0.00, 0.00, 0.00, 50.79, 1.00, 35.97, 1.00, 0.00, 0.00, 30.00, 1.00, 0.00, 0.00, 80.81, 1.00, 2.98, 35.23, 29.45, 90.47, 29.52, 85.29, 21.69, 81.96, 21.59, 71.58, 32.42, 31.52, -999
20/07/16 11, 3.79, 5.04, 3.63, 3.57, 3.10, 5.50, 4.66, 95.81, 1.00, 95.83, 1.00, 0.00, 0.00, 36.25, 1.00, 0.00, 0.00, 0.00, 0.00, 49.98, 1.00, 35.56, 1.00, 0.00, 0.00, 30.28, 1.00, 0.00, 0.00, 80.74, 1.00, 2.98, 35.22, 29.39, 89.30, 29.46, 86.85, 21.65, 82.65, 21.54, 70.64, 32.36, 31.46, -999
20/07/16 12, 3.64, 4.98, 4.12, 3.94, 3.49, 5.46, 4.61, 94.99, 1.00, 95.00, 1.00, 0.00, 0.00, 35.21, 1.00, 0.00, 0.00, 0.00, 0.00, 50.56, 1.00, 37.68, 1.00, 0.00, 0.00, 0.00, 0.00, 0.00, 0.00, 84.59, 1.00, 2.98, 35.66, 29.37, 91.11, 29.44, 85.67, 27.78, 84.87, 27.78, 52.21, 32.35, 31.45, -999
20/07/16 13, 3.64, 4.97, 4.64, 3.96, 3.86, 5.01, 2.38, 96.32, 1.00, 96.34, 1.00, 0.00, 0.00, 35.15, 1.00, 0.00, 0.00, 0.00, 0.00, 49.38, 1.00, 34.74, 1.00, 0.00, 0.00, 31.15, 1.00, 0.00, 0.00, 78.75, 1.00, 2.98, 34.95, 29.34, 91.18, 29.41, 87.94, 21.30, 83.73, 21.18, 67.39, 32.27, 31.37, -999
20/07/16 14, 3.53, 4.92, 5.16, 4.48, 3.79, 5.22, 2.56, 95.51, 1.00, 95.53, 1.00, 0.00, 0.00, 36.03, 1.00, 0.00, 0.00, 0.00, 0.00, 50.16, 1.00, 0.00, 0.00, 0.00, 0.00, 32.86, 1.00, 0.00, 0.00, 82.98, 1.00, 2.98, 35.38, 29.29, 89.60, 29.36, 86.40, 28.21, 63.16, 28.08, 68.27, 32.27, 31.37, -999
20/07/16 15, 3.60, 5.42, 5.01, 3.22, 3.10, 5.42, 2.70, 94.33, 1.00, 94.35, 1.00, 0.00, 0.00, 0.00, 0.00, 0.00, 0.00, 0.00, 0.00, 0.00, 0.00, 0.00, 0.00, 0.00, 0.00, 32.88, 1.00, 0.00, 0.00, 61.90, 1.00, 2.98, 36.01, 33.09, 72.53, 33.09, 63.88, 28.66, 62.53, 28.53, 68.64, 35.34, 34.44, -999
20/07/16 16, 3.95, 5.10, 4.62, 3.13, 2.41, 5.50, 3.08, 90.50, 1.00, 90.51, 1.00, 0.00, 0.00, 0.00, 0.00, 0.00, 0.00, 0.00, 0.00, 49.79, 1.00, 0.00, 0.00, 0.00, 0.00, 32.42, 1.00, 0.00, 0.00, 0.00, 0.00, 2.98, 38.04, 28.13, 73.01, 28.09, 85.85, 30.62, 61.87, 30.49, 72.25, 41.88, 29.51, -999
20/07/16 17, 4.30, 4.58, 4.27, 3.42, 1.73, 5.50, 3.60, 90.63, 1.00, 90.65, 1.00, 0.00, 0.00, 0.00, 0.00, 0.00, 0.00, 0.00, 0.00, 49.51, 1.00, 0.00, 0.00, 0.00, 0.00, 32.41, 1.00, 0.00, 0.00, 0.00, 0.00, 2.98, 37.97, 27.62, 72.29, 27.58, 85.87, 30.71, 61.05, 30.58, 72.40, 41.89, 29.00, -999
20/07/16 18, 4.48, 4.05, 3.91, 3.69, 1.82, 5.50, 3.96, 112.67, 1.00, 0.00, 0.00, 0.00, 0.00, 0.00, 0.00, 0.00, 0.00, 0.00, 0.00, 49.13, 1.00, 36.10, 1.00, 0.00, 0.00, 30.50, 1.00, 0.00, 0.00, 0.00, 0.00, 2.99, 25.95, 27.13, 72.26, 27.09, 86.11, 22.40, 82.44, 22.29, 70.68, 38.47, 28.50, -999
20/07/16 19, 4.36, 3.53, 3.55, 3.99, 2.27, 5.50, 4.24, 113.01, 1.00, 0.00, 0.00, 0.00, 0.00, 0.00, 0.00, 0.00, 0.00, 0.00, 0.00, 49.25, 1.00, 36.57, 1.00, 0.00, 0.00, 30.28, 1.00, 0.00, 0.00, 0.00, 0.00, 2.99, 25.76, 26.60, 70.80, 26.56, 85.35, 22.13, 81.34, 22.03, 71.11, 38.28, 27.97, -999
20/07/16 20, 4.23, 3.01, 3.16, 4.08, 2.48, 5.50, 4.56, 113.80, 1.00, 0.00, 0.00, 0.00, 0.00, 0.00, 0.00, 0.00, 0.00, 0.00, 0.00, 49.32, 1.00, 36.14, 1.00, 0.00, 0.00, 30.94, 1.00, 0.00, 0.00, 0.00, 0.00, 2.99, 25.30, 26.07, 69.81, 26.03, 84.68, 21.64, 81.61, 21.53, 68.45, 37.87, 27.44, -999
20/07/16 21, 4.05, 2.27, 3.26, 3.93, 2.75, 5.50, 4.19, 114.38, 1.00, 0.00, 0.00, 0.00, 0.00, 34.20, 1.00, 0.00, 0.00, 0.00, 0.00, 47.94, 1.00, 36.23, 1.00, 0.00, 0.00, 30.28, 1.00, 0.00, 0.00, 0.00, 0.00, 2.99, 24.98, 22.18, 85.63, 22.25, 83.49, 21.44, 81.26, 21.33, 70.44, 37.55, 23.94, -999
20/07/16 22, 3.86, 1.40, 3.65, 3.68, 2.92, 5.50, 4.40, 114.17, 1.00, 0.00, 0.00, 0.00, 0.00, 33.47, 1.00, 0.00, 0.00, 0.00, 0.00, 47.56, 1.00, 36.02, 1.00, 0.00, 0.00, 30.87, 1.00, 0.00, 0.00, 0.00, 0.00, 2.99, 25.10, 21.44, 86.10, 21.50, 83.42, 21.41, 81.60, 21.30, 68.45, 37.60, 23.18, -999
20/07/16 23, 3.70, 0.54, 4.04, 3.55, 3.14, 5.50, 4.07, 114.90, 1.00, 0.00, 0.00, 0.00, 0.00, 33.51, 1.00, 0.00, 0.00, 0.00, 0.00, 47.13, 1.00, 35.28, 1.00, 0.00, 0.00, 30.37, 1.00, 0.00, 0.00, 0.00, 0.00, 2.99, 24.68, 20.63, 85.22, 20.69, 83.39, 21.30, 82.79, 21.19, 69.98, 37.21, 22.37, -999
21/07/16 00, 3.17, 0.49, 4.44, 3.58, 3.53, 5.50, 4.15, 119.30, 1.00, 0.00, 0.00, 0.00, 0.00, 34.73, 1.00, 0.00, 0.00, 0.00, 0.00, 48.34, 1.00, 33.87, 1.00, 0.00, 0.00, 29.79, 1.00, 0.00, 0.00, 88.56, 1.00, 2.99, 22.15, 24.94, 87.49, 25.01, 85.50, 19.33, 83.21, 19.23, 69.90, 27.91, 27.01, -999
21/07/16 01, 2.71, 0.54, 4.85, 3.87, 4.08, 5.50, 4.30, 118.15, 1.00, 0.00, 0.00, 0.00, 0.00, 33.19, 1.00, 0.00, 0.00, 0.00, 0.00, 48.22, 1.00, 0.00, 0.00, 0.00, 0.00, 30.94, 1.00, 0.00, 0.00, 93.33, 1.00, 2.99, 22.81, 25.11, 90.22, 25.17, 85.89, 26.20, 64.61, 26.08, 73.02, 28.09, 27.19, -999
21/07/16 02, 2.39, 0.66, 5.34, 4.18, 3.59, 5.45, 4.58, 116.35, 1.00, 0.00, 0.00, 0.00, 0.00, 0.00, 0.00, 0.00, 0.00, 0.00, 0.00, 47.76, 1.00, 0.00, 0.00, 0.00, 0.00, 0.00, 0.00, 0.00, 0.00, 91.20, 1.00, 2.99, 23.85, 26.88, 75.65, 26.84, 88.41, 29.62, 63.89, 29.62, 59.48, 29.46, 28.56, -999
21/07/16 03, 2.31, 1.28, 5.08, 4.00, 3.06, 5.14, 3.18, 115.66, 1.00, 0.00, 0.00, 0.00, 0.00, 0.00, 0.00, 0.00, 0.00, 0.00, 0.00, 0.00, 0.00, 0.00, 0.00, 0.00, 0.00, 0.00, 0.00, 0.00, 0.00, 71.25, 1.00, 2.99, 24.24, 29.75, 75.95, 29.75, 68.31, 29.82, 63.72, 29.82, 59.56, 32.05, 31.15, -999
21/07/16 04, 2.30, 2.02, 4.85, 3.10, 2.60, 5.08, 2.81, 116.07, 1.00, 0.00, 0.00, 0.00, 0.00, 0.00, 0.00, 0.00, 0.00, 0.00, 0.00, 0.00, 0.00, 0.00, 0.00, 0.00, 0.00, 31.78, 1.00, 0.00, 0.00, 66.12, 1.00, 2.99, 24.01, 30.04, 76.20, 30.04, 67.01, 27.12, 63.39, 27.01, 71.06, 32.31, 31.41, -999
21/07/16 05, 2.14, 2.44, 4.66, 3.43, 2.17, 5.44, 3.65, 116.79, 1.00, 0.00, 0.00, 0.00, 0.00, 0.00, 0.00, 0.00, 0.00, 0.00, 0.00, 49.10, 1.00, 0.00, 0.00, 0.00, 0.00, 31.27, 1.00, 0.00, 0.00, 79.33, 1.00, 2.99, 23.60, 27.97, 75.52, 27.93, 87.00, 26.78, 62.74, 26.67, 72.47, 30.49, 29.59, -999
21/07/16 06, 1.99, 2.75, 4.43, 3.91, 1.69, 5.47, 4.66, 116.74, 1.00, 0.00, 0.00, 0.00, 0.00, 0.00, 0.00, 0.00, 0.00, 0.00, 0.00, 48.96, 1.00, 0.00, 0.00, 0.00, 0.00, 0.00, 0.00, 0.00, 0.00, 78.10, 1.00, 2.99, 23.63, 28.24, 74.74, 28.20, 87.53, 29.36, 62.36, 29.36, 60.37, 30.75, 29.85, -999
21/07/16 07, 1.85, 3.03, 4.17, 4.41, 1.82, 5.20, 3.48, 118.14, 1.00, 0.00, 0.00, 0.00, 0.00, 0.00, 0.00, 0.00, 0.00, 0.00, 0.00, 49.12, 1.00, 36.70, 1.00, 0.00, 0.00, 0.00, 0.00, 0.00, 0.00, 70.32, 1.00, 2.99, 22.82, 28.22, 73.12, 28.18, 87.22, 25.30, 84.20, 25.30, 56.32, 30.69, 29.79, -999
21/07/16 08, 1.63, 3.51, 3.84, 3.53, 2.38, 4.93, 2.11, 119.34, 1.00, 0.00, 0.00, 0.00, 0.00, 0.00, 0.00, 0.00, 0.00, 0.00, 0.00, 0.00, 0.00, 34.88, 1.00, 0.00, 0.00, 30.01, 1.00, 0.00, 0.00, 45.18, 1.00, 2.99, 22.13, 30.00, 70.48, 30.00, 60.55, 18.81, 80.98, 18.70, 68.67, 32.18, 31.28, -999
21/07/16 09, 1.30, 3.76, 3.43, 2.68, 2.71, 5.21, 2.73, 120.68, 1.00, 0.00, 0.00, 0.00, 0.00, 0.00, 0.00, 0.00, 0.00, 0.00, 0.00, 50.04, 1.00, 34.30, 1.00, 0.00, 0.00, 30.36, 1.00, 0.00, 0.00, 50.34, 1.00, 2.99, 21.35, 28.58, 68.33, 28.54, 85.80, 18.02, 81.18, 17.91, 66.76, 30.96, 30.06, -999
21/07/16 10, 0.98, 3.79, 2.95, 3.02, 3.09, 5.34, 2.64, 98.24, 1.00, 98.26, 1.00, 0.00, 0.00, 36.32, 1.00, 0.00, 0.00, 0.00, 0.00, 50.05, 1.00, 34.96, 1.00, 0.00, 0.00, 30.58, 1.00, 0.00, 0.00, 73.35, 1.00, 2.97, 33.92, 28.03, 88.36, 28.11, 85.34, 19.28, 81.33, 19.17, 67.29, 30.96, 30.06, -999
21/07/16 11, 0.91, 3.66, 3.43, 3.22, 3.37, 5.50, 2.72, 98.00, 1.00, 98.02, 1.00, 0.00, 0.00, 35.86, 1.00, 0.00, 0.00, 0.00, 0.00, 49.60, 1.00, 34.54, 1.00, 0.00, 0.00, 29.89, 1.00, 0.00, 0.00, 74.88, 1.00, 2.97, 34.05, 27.95, 88.55, 28.02, 86.14, 19.63, 82.39, 19.52, 69.89, 30.87, 29.97, -999
21/07/16 12, 0.87, 3.55, 3.90, 3.56, 3.78, 5.50, 3.12, 98.25, 1.00, 98.27, 1.00, 0.00, 0.00, 34.33, 1.00, 0.00, 0.00, 0.00, 0.00, 48.34, 1.00, 34.69, 1.00, 0.00, 0.00, 29.88, 1.00, 0.00, 0.00, 74.35, 1.00, 2.97, 33.91, 27.91, 91.15, 27.98, 88.48, 19.47, 81.97, 19.36, 69.75, 30.80, 29.90, -999
21/07/16 13, 0.85, 3.47, 4.44, 4.27, 3.81, 5.50, 3.47, 97.46, 1.00, 97.48, 1.00, 0.00, 0.00, 33.48, 1.00, 0.00, 0.00, 0.00, 0.00, 49.63, 1.00, 0.00, 0.00, 0.00, 0.00, 31.26, 1.00, 0.00, 0.00, 78.84, 1.00, 2.97, 34.34, 27.88, 92.53, 27.94, 86.00, 26.17, 60.95, 26.05, 71.87, 30.79, 29.89, -999
21/07/16 14, 0.97, 3.43, 5.00, 4.41, 2.82, 5.50, 3.97, 98.08, 1.00, 98.10, 1.00, 0.00, 0.00, 33.79, 1.00, 0.00, 0.00, 0.00, 0.00, 50.04, 1.00, 0.00, 0.00, 0.00, 0.00, 31.41, 1.00, 0.00, 0.00, 77.03, 1.00, 2.97, 34.00, 27.80, 91.94, 27.86, 85.13, 25.98, 61.83, 25.86, 71.18, 30.71, 29.81, -999
21/07/16 15, 1.04, 3.44, 5.33, 4.22, 2.07, 5.50, 4.25, 97.73, 1.00, 97.74, 1.00, 0.00, 0.00, 0.00, 0.00, 0.00, 0.00, 0.00, 0.00, 49.63, 1.00, 0.00, 0.00, 0.00, 0.00, 30.72, 1.00, 0.00, 0.00, 74.41, 1.00, 2.97, 34.19, 28.75, 70.88, 28.71, 86.77, 26.25, 62.18, 26.14, 73.77, 31.25, 30.35, -999
21/07/16 16, 1.17, 3.71, 4.87, 4.48, 1.50, 5.42, 4.43, 96.13, 1.00, 96.15, 1.00, 0.00, 0.00, 0.00, 0.00, 0.00, 0.00, 0.00, 0.00, 0.00, 0.00, 0.00, 0.00, 0.00, 0.00, 0.00, 0.00, 0.00, 0.00, 63.04, 1.00, 2.98, 35.05, 31.48, 71.92, 31.48, 65.94, 29.77, 60.66, 29.77, 57.16, 33.74, 32.84, -999
21/07/16 17, 1.34, 4.34, 4.47, 3.21, 1.69, 5.02, 2.57, 96.77, 1.00, 96.79, 1.00, 0.00, 0.00, 0.00, 0.00, 0.00, 0.00, 0.00, 0.00, 0.00, 0.00, 37.24, 1.00, 0.00, 0.00, 0.00, 0.00, 0.00, 0.00, 56.26, 1.00, 2.98, 34.71, 31.58, 73.58, 31.58, 64.19, 25.86, 83.77, 25.86, 56.60, 33.81, 32.91, -999
21/07/16 18, 1.33, 4.63, 4.15, 3.17, 2.13, 5.13, 2.54, 97.66, 1.00, 97.68, 1.00, 0.00, 0.00, 0.00, 0.00, 0.00, 0.00, 0.00, 0.00, 50.31, 1.00, 34.74, 1.00, 0.00, 0.00, 30.59, 1.00, 0.00, 0.00, 66.79, 1.00, 2.97, 34.23, 29.67, 71.53, 29.63, 86.36, 19.74, 82.15, 19.62, 67.70, 32.13, 31.23, -999
21/07/16 19, 1.29, 4.80, 3.76, 3.49, 2.64, 5.34, 2.78, 98.22, 1.00, 98.24, 1.00, 0.00, 0.00, 0.00, 0.00, 0.00, 0.00, 0.00, 0.00, 50.36, 1.00, 35.20, 1.00, 0.00, 0.00, 30.56, 1.00, 0.00, 0.00, 63.39, 1.00, 2.97, 33.93, 29.76, 71.74, 29.72, 86.36, 19.35, 80.98, 19.24, 67.43, 32.20, 31.30, -999
21/07/16 20, 1.21, 4.93, 3.39, 3.76, 2.91, 5.50, 2.88, 98.26, 1.00, 98.28, 1.00, 0.00, 0.00, 0.00, 0.00, 0.00, 0.00, 0.00, 0.00, 50.61, 1.00, 35.09, 1.00, 0.00, 0.00, 30.24, 1.00, 0.00, 0.00, 62.01, 1.00, 2.97, 33.91, 29.86, 70.39, 29.82, 85.95, 19.39, 81.22, 19.29, 68.51, 32.30, 31.40, -999
21/07/16 21, 1.13, 5.04, 3.01, 3.88, 3.18, 5.50, 2.97, 98.38, 1.00, 98.40, 1.00, 0.00, 0.00, 37.52, 1.00, 0.00, 0.00, 0.00, 0.00, 50.79, 1.00, 34.88, 1.00, 0.00, 0.00, 30.50, 1.00, 0.00, 0.00, 65.17, 1.00, 2.97, 33.84, 28.95, 86.56, 29.03, 84.81, 19.30, 81.49, 19.19, 67.56, 31.87, 30.97, -999
21/07/16 22, 1.05, 4.80, 3.42, 3.62, 3.48, 5.50, 2.81, 98.62, 1.00, 98.64, 1.00, 0.00, 0.00, 36.74, 1.00, 0.00, 0.00, 0.00, 0.00, 50.78, 1.00, 34.73, 1.00, 0.00, 0.00, 30.00, 1.00, 0.00, 0.00, 65.58, 1.00, 2.97, 33.71, 28.77, 87.81, 28.84, 84.63, 19.31, 81.74, 19.21, 69.22, 31.67, 30.77, -999
21/07/16 23, 0.95, 4.57, 3.87, 3.39, 3.78, 5.50, 3.07, 98.49, 1.00, 98.51, 1.00, 0.00, 0.00, 36.17, 1.00, 0.00, 0.00, 0.00, 0.00, 50.97, 1.00, 34.32, 1.00, 0.00, 0.00, 30.23, 1.00, 0.00, 0.00, 67.29, 1.00, 2.97, 33.78, 28.61, 88.67, 28.68, 84.10, 19.38, 82.52, 19.27, 68.52, 31.52, 30.62, -999
22/07/16 00, 0.91, 4.37, 4.33, 2.99, 3.91, 5.50, 3.16, 97.75, 1.00, 97.77, 1.00, 0.00, 0.00, 35.97, 1.00, 0.00, 0.00, 0.00, 0.00, 50.50, 1.00, 0.00, 0.00, 0.00, 0.00, 31.45, 1.00, 0.00, 0.00, 71.89, 1.00, 2.97, 34.18, 28.56, 88.97, 28.63, 85.00, 26.06, 61.68, 25.95, 71.13, 31.48, 30.58, -999
22/07/16 01, 1.01, 4.22, 4.78, 3.09, 3.00, 5.50, 3.57, 97.17, 1.00, 97.18, 1.00, 0.00, 0.00, 35.57, 1.00, 0.00, 0.00, 0.00, 0.00, 50.29, 1.00, 0.00, 0.00, 0.00, 0.00, 30.36, 1.00, 0.00, 0.00, 75.37, 1.00, 2.97, 34.50, 28.50, 89.61, 28.57, 85.35, 26.51, 62.44, 26.40, 75.24, 31.43, 30.53, -999
22/07/16 02, 1.15, 4.11, 5.24, 3.25, 2.32, 5.50, 4.60, 96.90, 1.00, 96.92, 1.00, 0.00, 0.00, 33.53, 1.00, 0.00, 0.00, 0.00, 0.00, 49.10, 1.00, 0.00, 0.00, 0.00, 0.00, 30.31, 1.00, 0.00, 0.00, 77.16, 1.00, 2.98, 34.64, 28.52, 93.08, 28.57, 87.66, 26.69, 62.31, 26.58, 75.57, 31.41, 30.51, -999
22/07/16 03, 1.39, 4.37, 5.07, 3.86, 1.73, 5.28, 3.81, 95.22, 1.00, 95.24, 1.00, 0.00, 0.00, 0.00, 0.00, 0.00, 0.00, 0.00, 0.00, 48.91, 1.00, 0.00, 0.00, 0.00, 0.00, 0.00, 0.00, 0.00, 0.00, 79.55, 1.00, 2.98, 35.54, 29.92, 75.51, 29.88, 89.31, 30.15, 62.35, 30.15, 59.50, 32.44, 31.54, -999
22/07/16 04, 1.63, 4.72, 4.82, 4.38, 1.85, 4.98, 2.60, 94.37, 1.00, 94.39, 1.00, 0.00, 0.00, 0.00, 0.00, 0.00, 0.00, 0.00, 0.00, 0.00, 0.00, 36.85, 1.00, 0.00, 0.00, 0.00, 0.00, 0.00, 0.00, 62.38, 1.00, 2.98, 35.99, 32.43, 75.80, 32.43, 67.62, 27.13, 85.77, 27.13, 59.25, 34.68, 33.78, -999
22/07/16 05, 1.80, 5.34, 4.60, 3.33, 2.52, 5.18, 3.04, 95.49, 1.00, 95.50, 1.00, 0.00, 0.00, 0.00, 0.00, 0.00, 0.00, 0.00, 0.00, 0.00, 0.00, 34.49, 1.00, 0.00, 0.00, 30.06, 1.00, 0.00, 0.00, 54.42, 1.00, 2.98, 35.40, 32.45, 76.38, 32.45, 66.80, 21.00, 83.83, 20.89, 70.70, 34.67, 33.77, -999
22/07/16 06, 2.06, 5.27, 4.43, 3.14, 3.19, 5.50, 3.97, 91.98, 1.00, 92.00, 1.00, 0.00, 0.00, 0.00, 0.00, 0.00, 0.00, 0.00, 0.00, 49.62, 1.00, 34.65, 1.00, 0.00, 0.00, 28.70, 1.00, 0.00, 0.00, 0.00, 0.00, 2.98, 37.26, 28.31, 72.92, 28.27, 86.35, 22.89, 85.46, 22.79, 76.85, 40.20, 29.68, -999
22/07/16 07, 2.42, 4.75, 4.09, 3.53, 3.95, 5.42, 4.44, 89.30, 1.00, 89.32, 1.00, 0.00, 0.00, 0.00, 0.00, 0.00, 0.00, 0.00, 0.00, 50.03, 1.00, 37.81, 1.00, 0.00, 0.00, 0.00, 0.00, 0.00, 0.00, 0.00, 0.00, 2.98, 38.66, 27.76, 73.17, 27.72, 84.99, 29.77, 86.61, 29.77, 58.68, 42.19, 29.13, -999
22/07/16 08, 3.00, 4.22, 3.77, 3.55, 3.54, 5.08, 2.89, 90.38, 1.00, 90.39, 1.00, 0.00, 0.00, 0.00, 0.00, 0.00, 0.00, 0.00, 0.00, 48.89, 1.00, 0.00, 0.00, 0.00, 0.00, 0.00, 0.00, 0.00, 0.00, 0.00, 0.00, 2.98, 38.10, 27.31, 73.28, 27.27, 86.74, 33.47, 62.02, 33.47, 52.38, 42.10, 28.68, -999
22/07/16 09, 3.36, 3.70, 3.47, 3.99, 2.72, 5.08, 2.25, 91.62, 1.00, 91.64, 1.00, 0.00, 0.00, 0.00, 0.00, 0.00, 0.00, 0.00, 0.00, 49.24, 1.00, 0.00, 0.00, 0.00, 0.00, 33.48, 1.00, 0.00, 0.00, 0.00, 0.00, 2.98, 37.45, 26.77, 71.23, 26.73, 85.53, 29.65, 61.90, 29.52, 67.40, 41.06, 28.14, -999
22/07/16 10, 3.69, 3.18, 3.09, 4.12, 2.00, 5.21, 2.12, 90.69, 1.00, 90.71, 1.00, 0.00, 0.00, 0.00, 0.00, 0.00, 0.00, 0.00, 0.00, 49.44, 1.00, 0.00, 0.00, 0.00, 0.00, 33.60, 1.00, 0.00, 0.00, 0.00, 0.00, 2.98, 37.93, 26.23, 68.50, 26.19, 84.62, 30.22, 61.69, 30.09, 67.54, 41.69, 27.60, -999
22/07/16 11, 4.01, 2.37, 3.31, 3.91, 1.62, 5.34, 2.03, 91.11, 1.00, 91.13, 1.00, 0.00, 0.00, 33.72, 1.00, 0.00, 0.00, 0.00, 0.00, 47.57, 1.00, 36.61, 1.00, 0.00, 0.00, 31.38, 1.00, 0.00, 0.00, 0.00, 0.00, 2.98, 37.72, 22.38, 86.63, 22.44, 84.35, 22.94, 82.08, 22.83, 68.24, 41.18, 24.13, -999
22/07/16 12, 4.25, 1.51, 3.73, 3.98, 2.00, 5.50, 2.49, 91.60, 1.00, 91.62, 1.00, 0.00, 0.00, 32.40, 1.00, 0.00, 0.00, 0.00, 0.00, 47.61, 1.00, 36.42, 1.00, 0.00, 0.00, 30.16, 1.00, 0.00, 0.00, 0.00, 0.00, 2.98, 37.46, 21.67, 88.03, 21.72, 83.56, 23.17, 82.65, 23.07, 72.56, 40.99, 23.39, -999
22/07/16 13, 4.45, 0.66, 4.19, 3.80, 2.43, 5.50, 3.32, 90.06, 1.00, 90.08, 1.00, 0.00, 0.00, 32.55, 1.00, 0.00, 0.00, 0.00, 0.00, 46.52, 1.00, 36.23, 1.00, 0.00, 0.00, 31.64, 1.00, 0.00, 0.00, 0.00, 0.00, 2.98, 38.26, 20.93, 87.06, 20.98, 84.75, 23.68, 83.50, 23.56, 68.11, 41.90, 22.64, -999
22/07/16 14, 4.12, 0.61, 4.64, 4.13, 2.88, 5.50, 3.04, 119.67, 1.00, 0.00, 0.00, 0.00, 0.00, 34.85, 1.00, 0.00, 0.00, 0.00, 0.00, 47.78, 1.00, 34.76, 1.00, 0.00, 0.00, 30.23, 1.00, 0.00, 0.00, 86.81, 1.00, 2.99, 21.94, 25.05, 87.40, 25.12, 86.65, 18.88, 81.26, 18.77, 68.02, 28.01, 27.11, -999
22/07/16 15, 3.58, 0.64, 5.05, 4.56, 3.20, 5.50, 2.99, 118.29, 1.00, 0.00, 0.00, 0.00, 0.00, 34.19, 1.00, 0.00, 0.00, 0.00, 0.00, 0.00, 0.00, 35.01, 1.00, 0.00, 0.00, 30.03, 1.00, 0.00, 0.00, 80.51, 1.00, 2.99, 22.73, 27.01, 90.48, 27.11, 62.60, 19.64, 81.60, 19.54, 69.46, 29.55, 28.65, -999
22/07/16 16, 3.16, 1.18, 5.33, 2.94, 3.49, 5.50, 3.26, 118.86, 1.00, 0.00, 0.00, 0.00, 0.00, 0.00, 0.00, 0.00, 0.00, 0.00, 0.00, 49.56, 1.00, 34.57, 1.00, 0.00, 0.00, 29.63, 1.00, 0.00, 0.00, 79.93, 1.00, 2.99, 22.41, 26.71, 72.42, 26.67, 84.88, 19.46, 82.17, 19.35, 70.52, 29.24, 28.34, -999
22/07/16 17, 2.72, 1.49, 4.93, 3.12, 3.87, 5.50, 3.70, 119.85, 1.00, 0.00, 0.00, 0.00, 0.00, 0.00, 0.00, 0.00, 0.00, 0.00, 0.00, 49.66, 1.00, 34.02, 1.00, 0.00, 0.00, 29.30, 1.00, 0.00, 0.00, 74.15, 1.00, 2.99, 21.83, 26.79, 72.28, 26.75, 84.75, 19.01, 82.65, 18.91, 71.11, 29.28, 28.38, -999
22/07/16 18, 2.33, 1.77, 4.53, 3.22, 3.75, 5.50, 4.27, 118.54, 1.00, 0.00, 0.00, 0.00, 0.00, 0.00, 0.00, 0.00, 0.00, 0.00, 0.00, 49.49, 1.00, 0.00, 0.00, 0.00, 0.00, 31.19, 1.00, 0.00, 0.00, 77.97, 1.00, 2.99, 22.59, 27.22, 72.39, 27.18, 85.51, 25.91, 63.55, 25.80, 71.85, 29.74, 28.84, -999
22/07/16 19, 2.02, 2.06, 4.16, 3.47, 3.13, 5.50, 4.64, 118.30, 1.00, 0.00, 0.00, 0.00, 0.00, 0.00, 0.00, 0.00, 0.00, 0.00, 0.00, 49.84, 1.00, 0.00, 0.00, 0.00, 0.00, 30.89, 1.00, 0.00, 0.00, 76.78, 1.00, 2.99, 22.73, 27.45, 71.62, 27.41, 85.06, 26.03, 61.88, 25.92, 73.00, 29.96, 29.06, -999
22/07/16 20, 1.84, 2.36, 3.78, 3.54, 2.35, 5.25, 3.60, 117.47, 1.00, 0.00, 0.00, 0.00, 0.00, 0.00, 0.00, 0.00, 0.00, 0.00, 0.00, 50.14, 1.00, 0.00, 0.00, 0.00, 0.00, 0.00, 0.00, 0.00, 0.00, 78.46, 1.00, 2.99, 23.21, 27.81, 70.71, 27.76, 84.82, 29.04, 60.19, 29.04, 53.40, 30.33, 29.43, -999
22/07/16 21, 1.64, 2.63, 3.37, 3.50, 1.51, 5.06, 2.34, 120.21, 1.00, 0.00, 0.00, 0.00, 0.00, 0.00, 0.00, 0.00, 0.00, 0.00, 0.00, 49.78, 1.00, 35.15, 1.00, 0.00, 0.00, 30.53, 1.00, 0.00, 0.00, 63.47, 1.00, 2.99, 21.63, 27.61, 68.03, 27.56, 85.33, 18.11, 79.81, 18.00, 66.27, 30.04, 29.14, -999
22/07/16 22, 1.26, 2.76, 2.88, 3.63, 1.78, 5.14, 2.15, 121.60, 1.00, 0.00, 0.00, 0.00, 0.00, 36.18, 1.00, 0.00, 0.00, 0.00, 0.00, 49.95, 1.00, 34.98, 1.00, 0.00, 0.00, 30.33, 1.00, 0.00, 0.00, 60.52, 1.00, 2.99, 20.82, 26.63, 87.18, 26.70, 84.13, 17.29, 79.30, 17.18, 66.11, 29.49, 28.59, -999
22/07/16 23, 0.94, 2.56, 3.33, 3.36, 1.96, 5.22, 1.97, 99.21, 1.00, 99.23, 1.00, 0.00, 0.00, 36.32, 1.00, 0.00, 0.00, 0.00, 0.00, 49.69, 1.00, 35.24, 1.00, 0.00, 0.00, 30.73, 1.00, 0.00, 0.00, 78.26, 1.00, 2.97, 33.39, 26.88, 86.68, 26.96, 84.89, 18.69, 80.26, 18.58, 66.21, 29.84, 28.94, -999
23/07/16 00, 0.79, 2.48, 3.74, 3.44, 2.22, 5.29, 1.81, 98.16, 1.00, 98.18, 1.00, 0.00, 0.00, 35.67, 1.00, 0.00, 0.00, 0.00, 0.00, 49.63, 1.00, 35.00, 1.00, 0.00, 0.00, 30.64, 1.00, 0.00, 0.00, 82.38, 1.00, 2.97, 33.96, 26.86, 87.79, 26.93, 84.99, 19.23, 81.20, 19.12, 67.05, 29.83, 28.93, -999
23/07/16 01, 0.73, 2.45, 4.18, 3.53, 2.59, 5.45, 2.01, 97.74, 1.00, 97.76, 1.00, 0.00, 0.00, 33.59, 1.00, 0.00, 0.00, 0.00, 0.00, 48.68, 1.00, 34.29, 1.00, 0.00, 0.00, 30.37, 1.00, 0.00, 0.00, 83.93, 1.00, 2.97, 34.19, 26.88, 91.35, 26.94, 86.81, 19.60, 82.79, 19.49, 68.30, 29.82, 28.92, -999
23/07/16 02, 0.72, 2.46, 4.72, 4.00, 3.16, 5.50, 2.71, 97.73, 1.00, 97.75, 1.00, 0.00, 0.00, 33.52, 1.00, 0.00, 0.00, 0.00, 0.00, 48.02, 1.00, 34.15, 1.00, 0.00, 0.00, 29.03, 1.00, 0.00, 0.00, 83.80, 1.00, 2.97, 34.19, 26.91, 91.49, 26.97, 88.06, 19.96, 83.37, 19.86, 72.92, 29.84, 28.94, -999
23/07/16 03, 0.73, 2.57, 5.26, 4.30, 3.74, 5.50, 3.64, 97.37, 1.00, 97.39, 1.00, 0.00, 0.00, 33.41, 1.00, 0.00, 0.00, 0.00, 0.00, 0.00, 0.00, 33.89, 1.00, 0.00, 0.00, 28.80, 1.00, 0.00, 0.00, 74.55, 1.00, 2.97, 34.38, 28.64, 93.41, 28.74, 67.86, 20.17, 84.00, 20.07, 73.82, 31.14, 30.24, -999
23/07/16 04, 0.88, 3.23, 5.08, 3.29, 3.80, 5.50, 4.66, 95.41, 1.00, 95.43, 1.00, 0.00, 0.00, 0.00, 0.00, 0.00, 0.00, 0.00, 0.00, 0.00, 0.00, 0.00, 0.00, 0.00, 0.00, 29.79, 1.00, 0.00, 0.00, 66.07, 1.00, 2.98, 35.44, 31.25, 76.35, 31.25, 68.00, 27.30, 64.63, 27.20, 77.87, 33.52, 32.62, -999
23/07/16 05, 1.20, 3.78, 4.87, 3.28, 3.38, 5.33, 4.15, 95.73, 1.00, 95.75, 1.00, 0.00, 0.00, 0.00, 0.00, 0.00, 0.00, 0.00, 0.00, 49.58, 1.00, 0.00, 0.00, 0.00, 0.00, 0.00, 0.00, 0.00, 0.00, 81.00, 1.00, 2.98, 35.26, 29.36, 75.27, 29.32, 87.47, 29.84, 63.83, 29.84, 59.18, 31.89, 30.99, -999
23/07/16 06, 1.49, 4.11, 4.62, 3.81, 2.87, 5.01, 2.78, 95.72, 1.00, 95.74, 1.00, 0.00, 0.00, 0.00, 0.00, 0.00, 0.00, 0.00, 0.00, 49.15, 1.00, 0.00, 0.00, 0.00, 0.00, 0.00, 0.00, 0.00, 0.00, 79.44, 1.00, 2.98, 35.27, 29.64, 74.68, 29.60, 88.58, 30.00, 63.13, 30.00, 57.98, 32.16, 31.26, -999
23/07/16 07, 1.66, 4.40, 4.35, 4.45, 2.33, 5.16, 2.91, 96.33, 1.00, 96.35, 1.00, 0.00, 0.00, 0.00, 0.00, 0.00, 0.00, 0.00, 0.00, 49.47, 1.00, 0.00, 0.00, 0.00, 0.00, 31.92, 1.00, 0.00, 0.00, 74.48, 1.00, 2.98, 34.94, 29.72, 73.03, 29.68, 88.04, 26.96, 61.78, 26.84, 70.41, 32.21, 31.31, -999
23/07/16 08, 1.86, 4.99, 4.01, 3.42, 1.65, 5.49, 3.60, 95.82, 1.00, 95.84, 1.00, 0.00, 0.00, 0.00, 0.00, 0.00, 0.00, 0.00, 0.00, 0.00, 0.00, 0.00, 0.00, 0.00, 0.00, 32.13, 1.00, 0.00, 0.00, 56.77, 1.00, 2.98, 35.22, 32.27, 71.65, 32.27, 62.69, 27.26, 61.11, 27.14, 69.96, 34.49, 33.59, -999
23/07/16 09, 1.88, 5.28, 3.63, 3.16, 1.87, 5.50, 4.20, 97.06, 1.00, 97.08, 1.00, 0.00, 0.00, 0.00, 0.00, 0.00, 0.00, 0.00, 0.00, 50.13, 1.00, 35.28, 1.00, 0.00, 0.00, 30.58, 1.00, 0.00, 0.00, 65.76, 1.00, 2.97, 34.55, 30.31, 70.24, 30.27, 87.34, 20.14, 81.62, 20.03, 68.15, 32.76, 31.86, -999
23/07/16 10, 1.83, 5.44, 3.21, 3.65, 2.30, 5.50, 3.89, 97.50, 1.00, 97.52, 1.00, 0.00, 0.00, 0.00, 0.00, 0.00, 0.00, 0.00, 0.00, 50.97, 1.00, 35.47, 1.00, 0.00, 0.00, 30.50, 1.00, 0.00, 0.00, 62.91, 1.00, 2.97, 34.31, 30.38, 69.79, 30.34, 85.76, 19.88, 81.04, 19.77, 68.14, 32.82, 31.92, -999
23/07/16 11, 1.89, 5.06, 3.22, 3.68, 2.59, 5.50, 3.65, 93.75, 1.00, 93.77, 1.00, 0.00, 0.00, 34.45, 1.00, 0.00, 0.00, 0.00, 0.00, 48.63, 1.00, 35.60, 1.00, 0.00, 0.00, 30.34, 1.00, 0.00, 0.00, 0.00, 0.00, 2.98, 36.32, 24.86, 87.89, 24.93, 84.88, 21.26, 82.19, 21.15, 70.05, 39.10, 26.63, -999
23/07/16 12, 2.12, 4.18, 3.68, 3.80, 2.97, 5.50, 3.89, 93.88, 1.00, 93.90, 1.00, 0.00, 0.00, 34.06, 1.00, 0.00, 0.00, 0.00, 0.00, 48.41, 1.00, 35.38, 1.00, 0.00, 0.00, 30.43, 1.00, 0.00, 0.00, 0.00, 0.00, 2.98, 36.25, 24.06, 87.74, 24.12, 84.49, 21.33, 82.65, 21.22, 69.82, 39.10, 25.82, -999
23/07/16 13, 2.34, 3.31, 4.12, 3.82, 3.39, 5.50, 4.02, 93.20, 1.00, 93.22, 1.00, 0.00, 0.00, 33.51, 1.00, 0.00, 0.00, 0.00, 0.00, 47.95, 1.00, 35.30, 1.00, 0.00, 0.00, 30.00, 1.00, 0.00, 0.00, 0.00, 0.00, 2.98, 36.61, 23.30, 87.89, 23.36, 84.57, 21.89, 83.34, 21.78, 71.80, 39.55, 25.05, -999
23/07/16 14, 2.58, 2.45, 4.56, 3.92, 3.84, 5.50, 4.53, 92.20, 1.00, 92.21, 1.00, 0.00, 0.00, 32.39, 1.00, 0.00, 0.00, 0.00, 0.00, 47.48, 1.00, 35.01, 1.00, 0.00, 0.00, 29.60, 1.00, 0.00, 0.00, 0.00, 0.00, 2.98, 37.14, 22.62, 89.01, 22.68, 84.74, 22.67, 84.62, 22.57, 73.84, 40.20, 24.35, -999
23/07/16 15, 3.02, 1.60, 5.03, 4.08, 3.59, 5.35, 4.21, 89.25, 1.00, 89.27, 1.00, 0.00, 0.00, 32.15, 1.00, 0.00, 0.00, 0.00, 0.00, 46.97, 1.00, 0.00, 0.00, 0.00, 0.00, 0.00, 0.00, 0.00, 0.00, 0.00, 0.00, 2.98, 38.69, 21.86, 88.61, 21.92, 84.89, 33.99, 63.16, 33.99, 58.18, 42.79, 23.58, -999
23/07/16 16, 3.54, 0.89, 5.17, 4.30, 2.93, 4.98, 2.59, 88.41, 1.00, 88.43, 1.00, 0.00, 0.00, 0.00, 0.00, 0.00, 0.00, 0.00, 0.00, 47.70, 1.00, 0.00, 0.00, 0.00, 0.00, 0.00, 0.00, 0.00, 0.00, 0.00, 0.00, 2.98, 39.13, 24.07, 71.97, 24.03, 85.69, 34.60, 62.80, 34.60, 55.16, 43.42, 25.43, -999
23/07/16 17, 3.87, 0.63, 4.76, 4.56, 2.32, 5.03, 2.24, 95.12, 1.00, 95.14, 1.00, 0.00, 0.00, 0.00, 0.00, 0.00, 0.00, 0.00, 0.00, 0.00, 0.00, 0.00, 0.00, 0.00, 0.00, 32.90, 1.00, 0.00, 0.00, 83.03, 1.00, 2.98, 35.59, 30.24, 73.10, 30.24, 64.50, 28.54, 61.30, 28.41, 68.44, 32.60, 31.70, -999
23/07/16 18, 3.88, 1.49, 4.40, 3.13, 1.57, 5.26, 2.50, 94.80, 1.00, 94.82, 1.00, 0.00, 0.00, 0.00, 0.00, 0.00, 0.00, 0.00, 0.00, 0.00, 0.00, 0.00, 0.00, 0.00, 0.00, 32.75, 1.00, 0.00, 0.00, 79.96, 1.00, 2.98, 35.76, 30.79, 72.46, 30.79, 65.25, 28.66, 60.94, 28.54, 69.12, 33.14, 32.24, -999
23/07/16 19, 3.72, 2.01, 4.04, 3.42, 1.91, 5.48, 2.80, 96.00, 1.00, 96.02, 1.00, 0.00, 0.00, 0.00, 0.00, 0.00, 0.00, 0.00, 0.00, 49.84, 1.00, 35.92, 1.00, 0.00, 0.00, 31.11, 1.00, 0.00, 0.00, 92.00, 1.00, 2.98, 35.12, 28.14, 70.97, 28.10, 85.75, 21.23, 81.59, 21.12, 67.47, 30.74, 29.84, -999
23/07/16 20, 3.55, 2.44, 3.63, 3.65, 2.27, 5.50, 2.97, 96.23, 1.00, 96.25, 1.00, 0.00, 0.00, 0.00, 0.00, 0.00, 0.00, 0.00, 0.00, 50.05, 1.00, 35.85, 1.00, 0.00, 0.00, 30.98, 1.00, 0.00, 0.00, 88.94, 1.00, 2.98, 35.00, 28.39, 70.50, 28.35, 85.59, 21.09, 81.59, 20.98, 67.76, 30.98, 30.08, -999
23/07/16 21, 3.37, 2.85, 3.22, 3.77, 2.59, 5.50, 2.80, 96.93, 1.00, 96.95, 1.00, 0.00, 0.00, 0.00, 0.00, 0.00, 0.00, 0.00, 0.00, 49.98, 1.00, 35.55, 1.00, 0.00, 0.00, 31.17, 1.00, 0.00, 0.00, 84.39, 1.00, 2.98, 34.62, 28.56, 69.15, 28.52, 85.90, 20.66, 81.68, 20.54, 66.68, 31.12, 30.22, -999
23/07/16 22, 3.16, 3.12, 3.00, 3.94, 2.92, 5.50, 2.41, 97.46, 1.00, 97.48, 1.00, 0.00, 0.00, 36.79, 1.00, 0.00, 0.00, 0.00, 0.00, 50.25, 1.00, 35.60, 1.00, 0.00, 0.00, 31.09, 1.00, 0.00, 0.00, 86.29, 1.00, 2.97, 34.34, 27.48, 86.42, 27.56, 84.42, 20.29, 81.22, 20.17, 66.60, 30.50, 29.60, -999
23/07/16 23, 2.93, 3.11, 3.41, 3.62, 3.14, 5.50, 2.09, 97.34, 1.00, 97.36, 1.00, 0.00, 0.00, 36.24, 1.00, 0.00, 0.00, 0.00, 0.00, 50.11, 1.00, 35.46, 1.00, 0.00, 0.00, 30.69, 1.00, 0.00, 0.00, 86.41, 1.00, 2.97, 34.40, 27.48, 87.41, 27.56, 84.69, 20.42, 81.61, 20.31, 68.08, 30.49, 29.59, -999
24/07/16 00, 2.73, 3.10, 3.85, 3.52, 3.39, 5.50, 2.21, 95.95, 1.00, 95.97, 1.00, 0.00, 0.00, 34.41, 1.00, 0.00, 0.00, 0.00, 0.00, 49.51, 1.00, 34.98, 1.00, 0.00, 0.00, 30.17, 1.00, 0.00, 0.00, 91.17, 1.00, 2.98, 35.15, 27.57, 90.68, 27.63, 85.93, 21.32, 83.34, 21.22, 70.67, 30.57, 29.67, -999
24/07/16 01, 2.65, 3.18, 4.37, 3.79, 3.87, 5.50, 2.81, 95.74, 1.00, 95.75, 1.00, 0.00, 0.00, 33.60, 1.00, 0.00, 0.00, 0.00, 0.00, 48.44, 1.00, 34.36, 1.00, 0.00, 0.00, 29.41, 1.00, 0.00, 0.00, 91.08, 1.00, 2.98, 35.26, 27.69, 92.13, 27.75, 88.06, 21.71, 84.76, 21.61, 73.49, 30.67, 29.77, -999
24/07/16 02, 2.72, 3.29, 4.93, 4.42, 3.62, 5.50, 3.87, 95.42, 1.00, 95.44, 1.00, 0.00, 0.00, 33.24, 1.00, 0.00, 0.00, 0.00, 0.00, 48.09, 1.00, 0.00, 0.00, 0.00, 0.00, 30.44, 1.00, 0.00, 0.00, 92.20, 1.00, 2.98, 35.43, 27.84, 92.88, 27.90, 88.86, 28.09, 64.24, 27.98, 76.55, 30.81, 29.91, -999
24/07/16 03, 2.87, 3.83, 5.21, 3.68, 3.15, 5.49, 4.97, 92.39, 1.00, 92.40, 1.00, 0.00, 0.00, 0.00, 0.00, 0.00, 0.00, 0.00, 0.00, 0.00, 0.00, 0.00, 0.00, 0.00, 0.00, 0.00, 0.00, 0.00, 0.00, 75.76, 1.00, 2.98, 37.04, 32.72, 76.39, 32.72, 69.82, 32.10, 64.36, 32.10, 61.60, 35.04, 34.14, -999
24/07/16 04, 3.23, 4.63, 5.00, 3.10, 2.83, 5.30, 4.08, 92.04, 1.00, 92.06, 1.00, 0.00, 0.00, 0.00, 0.00, 0.00, 0.00, 0.00, 0.00, 0.00, 0.00, 0.00, 0.00, 0.00, 0.00, 0.00, 0.00, 0.00, 0.00, 73.46, 1.00, 2.98, 37.23, 33.30, 76.59, 33.30, 68.50, 32.44, 63.93, 32.44, 60.80, 35.61, 34.71, -999
24/07/16 05, 3.54, 5.10, 4.82, 3.80, 2.47, 5.07, 3.20, 92.58, 1.00, 92.60, 1.00, 0.00, 0.00, 0.00, 0.00, 0.00, 0.00, 0.00, 0.00, 48.69, 1.00, 0.00, 0.00, 0.00, 0.00, 0.00, 0.00, 0.00, 0.00, 87.40, 1.00, 2.98, 36.94, 31.04, 76.33, 31.00, 90.85, 32.27, 63.64, 32.27, 59.69, 33.61, 32.71, -999
24/07/16 06, 3.80, 5.50, 4.64, 4.69, 2.14, 4.99, 2.79, 92.64, 1.00, 92.66, 1.00, 0.00, 0.00, 0.00, 0.00, 0.00, 0.00, 0.00, 0.00, 0.00, 0.00, 0.00, 0.00, 0.00, 0.00, 32.20, 1.00, 0.00, 0.00, 66.80, 1.00, 2.98, 36.91, 33.58, 75.71, 33.58, 69.28, 29.57, 62.94, 29.45, 72.03, 35.85, 34.95, -999
24/07/16 07, 4.22, 5.65, 4.42, 3.83, 1.71, 5.40, 3.81, 87.95, 1.00, 87.97, 1.00, 0.00, 0.00, 0.00, 0.00, 0.00, 0.00, 0.00, 0.00, 0.00, 0.00, 0.00, 0.00, 0.00, 0.00, 32.81, 1.00, 0.00, 0.00, 0.00, 0.00, 2.98, 39.37, 30.65, 74.69, 30.65, 67.01, 31.90, 62.11, 31.77, 72.16, 43.46, 31.84, -999
24/07/16 08, 4.52, 5.53, 4.16, 3.13, 1.78, 5.50, 4.82, 111.80, 1.00, 0.00, 0.00, 0.00, 0.00, 0.00, 0.00, 0.00, 0.00, 0.00, 0.00, 49.66, 1.00, 37.97, 1.00, 0.00, 0.00, 0.00, 0.00, 0.00, 0.00, 0.00, 0.00, 2.99, 26.44, 28.57, 72.75, 28.53, 86.54, 28.68, 85.21, 28.68, 59.36, 38.93, 29.94, -999
24/07/16 09, 4.57, 5.01, 3.82, 3.54, 2.35, 5.17, 3.29, 112.14, 1.00, 0.00, 0.00, 0.00, 0.00, 0.00, 0.00, 0.00, 0.00, 0.00, 0.00, 50.03, 1.00, 38.21, 1.00, 0.00, 0.00, 0.00, 0.00, 0.00, 0.00, 0.00, 0.00, 2.99, 26.25, 28.02, 71.40, 27.98, 85.25, 28.56, 84.65, 28.56, 54.51, 38.82, 29.39, -999
24/07/16 10, 4.52, 4.48, 3.44, 3.62, 2.75, 4.99, 2.15, 113.18, 1.00, 0.00, 0.00, 0.00, 0.00, 0.00, 0.00, 0.00, 0.00, 0.00, 0.00, 49.87, 1.00, 35.92, 1.00, 0.00, 0.00, 31.35, 1.00, 0.00, 0.00, 0.00, 0.00, 2.99, 25.66, 27.50, 70.53, 27.46, 85.06, 21.98, 82.35, 21.87, 67.41, 38.24, 28.87, -999
24/07/16 11, 4.36, 3.95, 3.03, 3.65, 3.10, 5.18, 2.31, 113.00, 1.00, 0.00, 0.00, 0.00, 0.00, 0.00, 0.00, 0.00, 0.00, 0.00, 0.00, 49.45, 1.00, 35.75, 1.00, 0.00, 0.00, 31.38, 1.00, 0.00, 0.00, 0.00, 0.00, 2.99, 25.76, 27.00, 69.68, 26.96, 85.37, 22.07, 82.73, 21.95, 67.36, 38.28, 28.37, -999
24/07/16 12, 4.23, 3.10, 3.39, 3.75, 3.47, 5.35, 2.41, 113.15, 1.00, 0.00, 0.00, 0.00, 0.00, 34.51, 1.00, 0.00, 0.00, 0.00, 0.00, 47.98, 1.00, 35.76, 1.00, 0.00, 0.00, 31.52, 1.00, 0.00, 0.00, 0.00, 0.00, 2.99, 25.68, 22.98, 85.91, 23.04, 84.20, 21.92, 82.57, 21.80, 66.73, 38.17, 24.74, -999
24/07/16 13, 4.10, 2.23, 3.78, 3.77, 3.78, 5.43, 2.21, 113.87, 1.00, 0.00, 0.00, 0.00, 0.00, 33.88, 1.00, 0.00, 0.00, 0.00, 0.00, 47.68, 1.00, 35.39, 1.00, 0.00, 0.00, 31.35, 1.00, 0.00, 0.00, 0.00, 0.00, 2.99, 25.27, 22.21, 86.19, 22.27, 83.97, 21.66, 82.96, 21.55, 67.08, 37.81, 23.96, -999
24/07/16 14, 3.99, 1.37, 4.17, 3.76, 3.71, 5.50, 2.34, 113.37, 1.00, 0.00, 0.00, 0.00, 0.00, 33.11, 1.00, 0.00, 0.00, 0.00, 0.00, 46.97, 1.00, 0.00, 0.00, 0.00, 0.00, 32.30, 1.00, 0.00, 0.00, 0.00, 0.00, 2.99, 25.55, 21.52, 86.75, 21.58, 84.56, 28.69, 62.31, 28.57, 70.76, 38.13, 23.25, -999
24/07/16 15, 3.99, 0.52, 4.58, 3.97, 2.90, 5.50, 2.75, 113.60, 1.00, 0.00, 0.00, 0.00, 0.00, 32.73, 1.00, 0.00, 0.00, 0.00, 0.00, 47.24, 1.00, 0.00, 0.00, 0.00, 0.00, 32.48, 1.00, 0.00, 0.00, 0.00, 0.00, 2.99, 25.42, 20.68, 86.53, 20.74, 83.23, 28.60, 61.76, 28.47, 70.05, 38.04, 22.41, -999
24/07/16 16, 3.56, 0.60, 5.00, 3.80, 2.14, 5.50, 2.91, 118.72, 1.00, 0.00, 0.00, 0.00, 0.00, 34.88, 1.00, 0.00, 0.00, 0.00, 0.00, 49.10, 1.00, 0.00, 0.00, 0.00, 0.00, 32.14, 1.00, 0.00, 0.00, 91.67, 1.00, 2.99, 22.49, 25.07, 87.37, 25.13, 84.21, 25.89, 59.93, 25.77, 68.55, 28.07, 27.17, -999
24/07/16 17, 3.11, 0.73, 5.19, 3.66, 1.51, 5.50, 2.78, 120.61, 1.00, 0.00, 0.00, 0.00, 0.00, 0.00, 0.00, 0.00, 0.00, 0.00, 0.00, 49.66, 1.00, 35.29, 1.00, 0.00, 0.00, 30.43, 1.00, 0.00, 0.00, 76.33, 1.00, 2.99, 21.39, 26.11, 69.29, 26.07, 84.06, 17.99, 79.46, 17.88, 66.49, 28.61, 27.71, -999
24/07/16 18, 2.60, 1.00, 4.69, 3.41, 1.71, 5.50, 2.41, 120.73, 1.00, 0.00, 0.00, 0.00, 0.00, 0.00, 0.00, 0.00, 0.00, 0.00, 0.00, 49.76, 1.00, 35.08, 1.00, 0.00, 0.00, 30.42, 1.00, 0.00, 0.00, 73.84, 1.00, 2.99, 21.33, 26.28, 70.92, 26.24, 84.04, 17.92, 79.75, 17.81, 66.43, 28.77, 27.87, -999
24/07/16 19, 2.12, 1.24, 4.26, 3.23, 1.95, 5.50, 2.12, 120.98, 1.00, 0.00, 0.00, 0.00, 0.00, 0.00, 0.00, 0.00, 0.00, 0.00, 0.00, 49.86, 1.00, 34.83, 1.00, 0.00, 0.00, 30.17, 1.00, 0.00, 0.00, 70.89, 1.00, 2.99, 21.18, 26.42, 68.82, 26.38, 83.99, 17.84, 80.10, 17.73, 67.17, 28.89, 27.99, -999
24/07/16 20, 1.66, 1.45, 3.77, 3.07, 2.23, 5.50, 2.09, 121.45, 1.00, 0.00, 0.00, 0.00, 0.00, 0.00, 0.00, 0.00, 0.00, 0.00, 0.00, 49.51, 1.00, 34.62, 1.00, 0.00, 0.00, 30.39, 1.00, 0.00, 0.00, 66.99, 1.00, 2.99, 20.91, 26.52, 68.97, 26.48, 84.78, 17.50, 80.12, 17.39, 66.13, 28.98, 28.08, -999
24/07/16 21, 1.22, 1.62, 3.30, 3.21, 2.50, 5.50, 1.81, 121.85, 1.00, 0.00, 0.00, 0.00, 0.00, 0.00, 0.00, 0.00, 0.00, 0.00, 0.00, 49.96, 1.00, 34.57, 1.00, 0.00, 0.00, 30.33, 1.00, 0.00, 0.00, 63.54, 1.00, 2.99, 20.67, 26.60, 69.44, 26.56, 83.97, 17.23, 79.94, 17.12, 66.05, 29.04, 28.14, -999
24/07/16 22, 0.87, 1.71, 3.13, 3.04, 2.72, 5.50, 1.68, 99.17, 1.00, 99.19, 1.00, 0.00, 0.00, 35.53, 1.00, 0.00, 0.00, 0.00, 0.00, 49.42, 1.00, 34.60, 1.00, 0.00, 0.00, 30.18, 1.00, 0.00, 0.00, 84.31, 1.00, 2.97, 33.41, 26.10, 87.28, 26.17, 84.63, 19.00, 81.65, 18.89, 68.31, 29.08, 28.18, -999
24/07/16 23, 0.72, 1.70, 3.58, 3.16, 3.12, 5.50, 1.97, 99.07, 1.00, 99.09, 1.00, 0.00, 0.00, 34.90, 1.00, 0.00, 0.00, 0.00, 0.00, 49.31, 1.00, 34.32, 1.00, 0.00, 0.00, 29.99, 1.00, 0.00, 0.00, 84.43, 1.00, 2.97, 33.47, 26.10, 88.37, 26.17, 84.84, 19.11, 82.24, 19.00, 69.04, 29.07, 28.17, -999
25/07/16 00, 0.60, 1.70, 4.04, 3.31, 3.57, 5.50, 2.35, 99.90, 1.00, 99.92, 1.00, 0.00, 0.00, 33.49, 1.00, 0.00, 0.00, 0.00, 0.00, 49.43, 1.00, 34.27, 1.00, 0.00, 0.00, 29.75, 1.00, 0.00, 0.00, 80.73, 1.00, 2.97, 33.02, 26.12, 90.75, 26.18, 84.62, 18.69, 81.90, 18.58, 69.40, 29.04, 28.14, -999
25/07/16 01, 0.43, 1.67, 4.57, 3.36, 3.93, 5.50, 2.75, 98.22, 1.00, 98.24, 1.00, 0.00, 0.00, 34.41, 1.00, 0.00, 0.00, 0.00, 0.00, 48.22, 1.00, 34.07, 1.00, 0.00, 0.00, 29.02, 1.00, 0.00, 0.00, 86.91, 1.00, 2.97, 33.93, 26.12, 89.22, 26.18, 86.89, 19.64, 83.18, 19.54, 72.62, 29.08, 28.18, -999
25/07/16 02, 0.52, 1.74, 5.04, 3.90, 3.47, 5.50, 3.75, 97.93, 1.00, 97.95, 1.00, 0.00, 0.00, 33.41, 1.00, 0.00, 0.00, 0.00, 0.00, 48.25, 1.00, 0.00, 0.00, 0.00, 0.00, 30.55, 1.00, 0.00, 0.00, 88.54, 1.00, 2.97, 34.08, 26.23, 90.98, 26.29, 86.95, 25.89, 64.10, 25.78, 73.98, 29.18, 28.28, -999
25/07/16 03, 0.63, 1.88, 5.34, 4.38, 3.01, 5.50, 4.57, 97.47, 1.00, 97.49, 1.00, 0.00, 0.00, 0.00, 0.00, 0.00, 0.00, 0.00, 0.00, 47.96, 1.00, 0.00, 0.00, 0.00, 0.00, 29.66, 1.00, 0.00, 0.00, 83.14, 1.00, 2.97, 34.33, 27.65, 75.59, 27.62, 88.80, 26.27, 63.93, 26.17, 77.26, 30.19, 29.29, -999
25/07/16 04, 0.91, 2.57, 5.08, 3.74, 2.61, 5.32, 4.03, 95.02, 1.00, 95.04, 1.00, 0.00, 0.00, 0.00, 0.00, 0.00, 0.00, 0.00, 0.00, 0.00, 0.00, 0.00, 0.00, 0.00, 0.00, 0.00, 0.00, 0.00, 0.00, 71.81, 1.00, 2.98, 35.65, 31.09, 76.30, 31.09, 69.12, 30.05, 63.51, 30.05, 60.35, 33.39, 32.49, -999
25/07/16 05, 1.26, 3.32, 4.87, 3.02, 2.20, 5.06, 3.01, 93.74, 1.00, 93.76, 1.00, 0.00, 0.00, 0.00, 0.00, 0.00, 0.00, 0.00, 0.00, 0.00, 0.00, 0.00, 0.00, 0.00, 0.00, 0.00, 0.00, 0.00, 0.00, 72.52, 1.00, 2.98, 36.33, 31.91, 75.10, 31.91, 67.37, 30.77, 62.64, 30.77, 59.72, 34.21, 33.31, -999
25/07/16 06, 1.58, 3.80, 4.61, 3.37, 1.70, 4.96, 2.59, 96.52, 1.00, 96.54, 1.00, 0.00, 0.00, 0.00, 0.00, 0.00, 0.00, 0.00, 0.00, 48.95, 1.00, 0.00, 0.00, 0.00, 0.00, 31.31, 1.00, 0.00, 0.00, 77.19, 1.00, 2.98, 34.84, 29.25, 73.74, 29.21, 88.56, 26.93, 62.89, 26.81, 72.47, 31.75, 30.85, -999
25/07/16 07, 1.65, 4.09, 4.29, 4.07, 1.81, 5.37, 3.72, 96.53, 1.00, 96.55, 1.00, 0.00, 0.00, 0.00, 0.00, 0.00, 0.00, 0.00, 0.00, 49.23, 1.00, 34.99, 1.00, 0.00, 0.00, 30.52, 1.00, 0.00, 0.00, 74.62, 1.00, 2.98, 34.84, 29.42, 72.77, 29.38, 88.21, 20.34, 82.33, 20.23, 68.54, 31.91, 31.01, -999
25/07/16 08, 1.68, 4.43, 3.94, 4.25, 2.35, 5.50, 4.03, 96.57, 1.00, 96.59, 1.00, 0.00, 0.00, 0.00, 0.00, 0.00, 0.00, 0.00, 0.00, 0.00, 0.00, 35.28, 1.00, 0.00, 0.00, 30.04, 1.00, 0.00, 0.00, 56.13, 1.00, 2.98, 34.81, 31.66, 70.61, 31.66, 60.22, 20.29, 81.78, 20.19, 70.05, 33.89, 32.99, -999
25/07/16 09, 1.70, 4.92, 3.53, 2.89, 2.75, 5.50, 4.22, 97.84, 1.00, 97.86, 1.00, 0.00, 0.00, 0.00, 0.00, 0.00, 0.00, 0.00, 0.00, 50.84, 1.00, 35.04, 1.00, 0.00, 0.00, 30.15, 1.00, 0.00, 0.00, 65.21, 1.00, 2.97, 34.13, 29.91, 69.44, 29.87, 85.54, 19.87, 81.78, 19.77, 69.29, 32.36, 31.46, -999
25/07/16 10, 1.61, 5.07, 3.08, 3.07, 3.12, 5.50, 4.20, 97.46, 1.00, 97.47, 1.00, 0.00, 0.00, 0.00, 0.00, 0.00, 0.00, 0.00, 0.00, 51.24, 1.00, 35.09, 1.00, 0.00, 0.00, 29.57, 1.00, 0.00, 0.00, 65.35, 1.00, 2.97, 34.34, 30.05, 68.77, 30.00, 84.88, 20.13, 81.94, 20.03, 71.40, 32.50, 31.60, -999
25/07/16 11, 1.55, 4.95, 3.31, 3.01, 3.46, 5.50, 4.64, 97.30, 1.00, 97.32, 1.00, 0.00, 0.00, 35.98, 1.00, 0.00, 0.00, 0.00, 0.00, 50.40, 1.00, 34.40, 1.00, 0.00, 0.00, 29.76, 1.00, 0.00, 0.00, 70.19, 1.00, 2.97, 34.42, 29.11, 89.50, 29.18, 85.73, 20.30, 83.29, 20.20, 70.98, 32.02, 31.12, -999
25/07/16 12, 1.56, 4.79, 3.81, 3.25, 4.00, 5.34, 4.03, 96.62, 1.00, 96.64, 1.00, 0.00, 0.00, 35.82, 1.00, 0.00, 0.00, 0.00, 0.00, 51.16, 1.00, 36.79, 1.00, 0.00, 0.00, 0.00, 0.00, 0.00, 0.00, 74.59, 1.00, 2.98, 34.79, 29.03, 89.69, 29.10, 84.12, 26.12, 84.85, 26.12, 57.41, 31.97, 31.07, -999
25/07/16 13, 1.79, 4.71, 4.30, 2.91, 3.22, 5.03, 2.54, 96.04, 1.00, 96.06, 1.00, 0.00, 0.00, 35.71, 1.00, 0.00, 0.00, 0.00, 0.00, 50.76, 1.00, 0.00, 0.00, 0.00, 0.00, 32.93, 1.00, 0.00, 0.00, 78.08, 1.00, 2.98, 35.10, 29.02, 89.89, 29.09, 84.93, 27.00, 61.74, 26.87, 66.79, 31.98, 31.08, -999
25/07/16 14, 1.93, 4.63, 4.79, 2.98, 2.40, 5.10, 2.18, 96.72, 1.00, 96.74, 1.00, 0.00, 0.00, 34.87, 1.00, 0.00, 0.00, 0.00, 0.00, 50.06, 1.00, 0.00, 0.00, 0.00, 0.00, 32.57, 1.00, 0.00, 0.00, 76.15, 1.00, 2.98, 34.73, 28.96, 91.27, 29.02, 86.24, 26.86, 61.67, 26.73, 67.97, 31.88, 30.98, -999
25/07/16 15, 2.01, 4.54, 5.30, 3.34, 1.69, 5.30, 2.36, 96.77, 1.00, 96.79, 1.00, 0.00, 0.00, 35.28, 1.00, 0.00, 0.00, 0.00, 0.00, 50.26, 1.00, 0.00, 0.00, 0.00, 0.00, 32.41, 1.00, 0.00, 0.00, 76.86, 1.00, 2.98, 34.71, 28.86, 90.48, 28.93, 85.75, 26.91, 60.19, 26.79, 68.60, 31.80, 30.90, -999
25/07/16 16, 1.98, 4.76, 4.92, 3.54, 1.76, 5.50, 2.60, 97.16, 1.00, 97.18, 1.00, 0.00, 0.00, 0.00, 0.00, 0.00, 0.00, 0.00, 0.00, 50.39, 1.00, 35.32, 1.00, 0.00, 0.00, 30.94, 1.00, 0.00, 0.00, 69.38, 1.00, 2.97, 34.50, 29.88, 72.63, 29.84, 86.42, 20.06, 81.48, 19.95, 66.86, 32.35, 31.45, -999
25/07/16 17, 1.91, 4.96, 4.54, 3.81, 2.18, 5.50, 2.58, 96.78, 1.00, 96.80, 1.00, 0.00, 0.00, 0.00, 0.00, 0.00, 0.00, 0.00, 0.00, 50.44, 1.00, 35.45, 1.00, 0.00, 0.00, 30.30, 1.00, 0.00, 0.00, 69.12, 1.00, 2.98, 34.70, 30.06, 74.33, 30.02, 86.50, 20.31, 81.50, 20.20, 69.24, 32.53, 31.63, -999
25/07/16 18, 1.88, 5.15, 4.26, 4.04, 2.55, 5.50, 2.86, 96.80, 1.00, 96.82, 1.00, 0.00, 0.00, 0.00, 0.00, 0.00, 0.00, 0.00, 0.00, 50.39, 1.00, 35.08, 1.00, 0.00, 0.00, 30.13, 1.00, 0.00, 0.00, 67.62, 1.00, 2.98, 34.69, 30.22, 71.41, 30.17, 86.74, 20.41, 82.24, 20.30, 69.89, 32.68, 31.78, -999
25/07/16 19, 1.86, 5.33, 3.86, 4.27, 2.99, 5.50, 3.23, 98.49, 1.00, 98.51, 1.00, 0.00, 0.00, 0.00, 0.00, 0.00, 0.00, 0.00, 0.00, 50.62, 1.00, 34.86, 1.00, 0.00, 0.00, 30.26, 1.00, 0.00, 0.00, 59.79, 1.00, 2.97, 33.78, 30.22, 68.35, 30.18, 86.29, 19.61, 81.81, 19.50, 68.66, 32.64, 31.74, -999
25/07/16 20, 1.71, 5.42, 3.37, 4.35, 3.35, 5.50, 3.27, 97.24, 1.00, 97.26, 1.00, 0.00, 0.00, 0.00, 0.00, 0.00, 0.00, 0.00, 0.00, 50.72, 1.00, 35.14, 1.00, 0.00, 0.00, 30.38, 1.00, 0.00, 0.00, 63.66, 1.00, 2.97, 34.46, 30.38, 69.85, 30.34, 86.26, 20.05, 81.78, 19.94, 68.71, 32.82, 31.92, -999
25/07/16 21, 1.73, 5.39, 2.94, 4.39, 3.64, 5.50, 3.32, 94.73, 1.00, 94.74, 1.00, 0.00, 0.00, 35.58, 1.00, 0.00, 0.00, 0.00, 0.00, 48.80, 1.00, 35.59, 1.00, 0.00, 0.00, 30.27, 1.00, 0.00, 0.00, 0.00, 0.00, 2.98, 35.80, 25.06, 87.02, 25.13, 84.77, 20.73, 81.67, 20.62, 69.76, 38.51, 26.84, -999
25/07/16 22, 1.92, 4.50, 3.39, 4.27, 3.82, 5.50, 3.56, 94.92, 1.00, 94.94, 1.00, 0.00, 0.00, 34.44, 1.00, 0.00, 0.00, 0.00, 0.00, 48.49, 1.00, 35.31, 1.00, 0.00, 0.00, 30.42, 1.00, 0.00, 0.00, 0.00, 0.00, 2.98, 35.70, 24.32, 87.37, 24.39, 84.60, 20.75, 82.19, 20.65, 69.28, 38.46, 26.09, -999
25/07/16 23, 2.13, 3.62, 3.83, 4.19, 3.79, 5.50, 3.69, 92.99, 1.00, 93.01, 1.00, 0.00, 0.00, 34.49, 1.00, 0.00, 0.00, 0.00, 0.00, 48.18, 1.00, 0.00, 0.00, 0.00, 0.00, 32.37, 1.00, 0.00, 0.00, 0.00, 0.00, 2.98, 36.72, 23.47, 86.43, 23.54, 84.32, 28.65, 62.27, 28.52, 70.50, 39.95, 25.24, -999
26/07/16 00, 2.47, 2.75, 4.23, 4.09, 2.97, 5.50, 3.82, 92.52, 1.00, 92.54, 1.00, 0.00, 0.00, 32.96, 1.00, 0.00, 0.00, 0.00, 0.00, 47.49, 1.00, 0.00, 0.00, 0.00, 0.00, 31.89, 1.00, 0.00, 0.00, 0.00, 0.00, 2.98, 36.97, 22.86, 88.33, 22.92, 84.97, 29.09, 61.62, 28.98, 72.63, 40.32, 24.59, -999
26/07/16 01, 2.82, 1.90, 4.68, 4.26, 2.18, 5.50, 4.34, 89.41, 1.00, 89.42, 1.00, 0.00, 0.00, 32.93, 1.00, 0.00, 0.00, 0.00, 0.00, 46.39, 1.00, 0.00, 0.00, 0.00, 0.00, 31.94, 1.00, 0.00, 0.00, 0.00, 0.00, 2.98, 38.61, 22.13, 87.66, 22.19, 86.19, 30.74, 62.21, 30.63, 74.12, 42.28, 23.85, -999
26/07/16 02, 3.31, 1.29, 5.11, 3.97, 1.59, 5.41, 4.40, 87.11, 1.00, 87.12, 1.00, 0.00, 0.00, 32.48, 1.00, 0.00, 0.00, 0.00, 0.00, 0.00, 0.00, 0.00, 0.00, 0.00, 0.00, 0.00, 0.00, 0.00, 0.00, 0.00, 0.00, 2.98, 39.80, 25.30, 91.54, 25.39, 67.04, 35.11, 61.98, 35.11, 59.30, 44.18, 26.66, -999
26/07/16 03, 3.77, 1.11, 5.24, 2.90, 2.00, 5.09, 3.00, 88.10, 1.00, 88.12, 1.00, 0.00, 0.00, 0.00, 0.00, 0.00, 0.00, 0.00, 0.00, 47.06, 1.00, 37.80, 1.00, 0.00, 0.00, 0.00, 0.00, 0.00, 0.00, 0.00, 0.00, 2.98, 39.29, 24.34, 75.97, 24.30, 87.13, 30.92, 87.78, 30.92, 58.64, 43.22, 25.69, -999
26/07/16 04, 4.16, 0.62, 5.01, 3.60, 2.76, 5.09, 2.73, 88.47, 1.00, 88.49, 1.00, 0.00, 0.00, 0.00, 0.00, 0.00, 0.00, 0.00, 0.00, 46.38, 1.00, 35.40, 1.00, 0.00, 0.00, 31.07, 1.00, 0.00, 0.00, 0.00, 0.00, 2.98, 39.10, 23.89, 76.27, 23.85, 87.85, 24.74, 86.02, 24.63, 71.10, 42.76, 25.24, -999
26/07/16 05, 4.18, 0.96, 4.80, 4.39, 3.52, 5.46, 3.63, 93.78, 1.00, 93.80, 1.00, 0.00, 0.00, 0.00, 0.00, 0.00, 0.00, 0.00, 0.00, 47.15, 1.00, 34.27, 1.00, 0.00, 0.00, 30.52, 1.00, 0.00, 0.00, 102.67, 1.00, 2.98, 36.30, 27.98, 76.19, 27.94, 90.60, 23.12, 86.34, 23.01, 71.32, 30.64, 29.74, -999
26/07/16 06, 4.26, 1.82, 4.61, 3.91, 3.88, 5.50, 4.87, 92.54, 1.00, 92.56, 1.00, 0.00, 0.00, 0.00, 0.00, 0.00, 0.00, 0.00, 0.00, 0.00, 0.00, 0.00, 0.00, 0.00, 0.00, 0.00, 0.00, 0.00, 0.00, 85.40, 1.00, 2.98, 36.96, 31.68, 74.68, 31.68, 68.41, 32.67, 64.46, 32.67, 58.88, 34.06, 33.16, -999
26/07/16 07, 4.50, 2.71, 4.34, 3.04, 3.40, 5.14, 3.21, 113.18, 1.00, 0.00, 0.00, 0.00, 0.00, 0.00, 0.00, 0.00, 0.00, 0.00, 0.00, 0.00, 0.00, 0.00, 0.00, 0.00, 0.00, 0.00, 0.00, 0.00, 0.00, 73.40, 1.00, 2.99, 25.66, 31.38, 75.06, 31.38, 66.60, 31.82, 63.78, 31.82, 58.50, 33.69, 32.79, -999
26/07/16 08, 4.30, 3.21, 4.10, 3.28, 2.88, 5.12, 2.82, 113.81, 1.00, 0.00, 0.00, 0.00, 0.00, 0.00, 0.00, 0.00, 0.00, 0.00, 0.00, 49.22, 1.00, 0.00, 0.00, 0.00, 0.00, 32.67, 1.00, 0.00, 0.00, 86.62, 1.00, 2.99, 25.30, 29.08, 70.02, 29.04, 87.89, 28.60, 62.55, 28.47, 69.36, 31.64, 30.74, -999
26/07/16 09, 4.09, 3.59, 3.66, 3.89, 2.24, 5.39, 3.21, 116.48, 1.00, 0.00, 0.00, 0.00, 0.00, 0.00, 0.00, 0.00, 0.00, 0.00, 0.00, 49.81, 1.00, 0.00, 0.00, 0.00, 0.00, 32.62, 1.00, 0.00, 0.00, 75.62, 1.00, 2.99, 23.77, 28.94, 67.30, 28.90, 86.61, 27.16, 61.40, 27.04, 68.10, 31.44, 30.54, -999
26/07/16 10, 3.75, 3.85, 3.14, 4.19, 1.51, 5.50, 3.22, 116.32, 1.00, 0.00, 0.00, 0.00, 0.00, 0.00, 0.00, 0.00, 0.00, 0.00, 0.00, 50.37, 1.00, 0.00, 0.00, 0.00, 0.00, 31.59, 1.00, 0.00, 0.00, 74.37, 1.00, 2.99, 23.87, 29.13, 69.85, 29.09, 85.70, 27.35, 60.25, 27.23, 71.91, 31.63, 30.73, -999
26/07/16 11, 3.33, 3.79, 3.31, 4.17, 1.86, 5.50, 3.58, 118.55, 1.00, 0.00, 0.00, 0.00, 0.00, 35.87, 1.00, 0.00, 0.00, 0.00, 0.00, 49.85, 1.00, 35.19, 1.00, 0.00, 0.00, 28.93, 1.00, 0.00, 0.00, 67.89, 1.00, 2.99, 22.59, 27.91, 88.51, 27.98, 85.61, 19.68, 81.32, 19.58, 72.93, 30.80, 29.90, -999
26/07/16 12, 2.90, 3.60, 3.78, 4.20, 2.26, 5.50, 4.40, 118.58, 1.00, 0.00, 0.00, 0.00, 0.00, 35.25, 1.00, 0.00, 0.00, 0.00, 0.00, 49.82, 1.00, 35.01, 1.00, 0.00, 0.00, 29.55, 1.00, 0.00, 0.00, 68.55, 1.00, 2.99, 22.57, 27.77, 89.43, 27.83, 85.53, 19.52, 81.48, 19.42, 70.86, 30.65, 29.75, -999
26/07/16 13, 2.50, 3.42, 4.27, 4.21, 2.66, 5.50, 4.71, 118.73, 1.00, 0.00, 0.00, 0.00, 0.00, 35.26, 1.00, 0.00, 0.00, 0.00, 0.00, 48.77, 1.00, 35.14, 1.00, 0.00, 0.00, 30.02, 1.00, 0.00, 0.00, 68.55, 1.00, 2.99, 22.48, 27.63, 89.27, 27.69, 87.40, 19.24, 80.97, 19.13, 69.06, 30.50, 29.60, -999
26/07/16 14, 2.14, 3.37, 4.74, 4.25, 2.92, 5.50, 4.54, 118.40, 1.00, 0.00, 0.00, 0.00, 0.00, 35.19, 1.00, 0.00, 0.00, 0.00, 0.00, 0.00, 0.00, 34.65, 1.00, 0.00, 0.00, 29.06, 1.00, 0.00, 0.00, 62.78, 1.00, 2.99, 22.67, 28.76, 90.54, 28.87, 63.33, 19.76, 82.32, 19.65, 72.62, 31.22, 30.32, -999
26/07/16 15, 1.87, 3.59, 5.23, 3.03, 3.41, 5.34, 4.08, 118.76, 1.00, 0.00, 0.00, 0.00, 0.00, 34.74, 1.00, 0.00, 0.00, 0.00, 0.00, 49.84, 1.00, 36.34, 1.00, 0.00, 0.00, 0.00, 0.00, 0.00, 0.00, 67.83, 1.00, 2.99, 22.46, 27.76, 90.29, 27.82, 85.47, 25.03, 84.58, 25.03, 56.70, 30.63, 29.73, -999
26/07/16 16, 1.58, 3.65, 5.07, 3.28, 3.88, 5.02, 2.51, 119.30, 1.00, 0.00, 0.00, 0.00, 0.00, 0.00, 0.00, 0.00, 0.00, 0.00, 0.00, 49.73, 1.00, 34.26, 1.00, 0.00, 0.00, 30.31, 1.00, 0.00, 0.00, 59.21, 1.00, 2.99, 22.15, 28.55, 73.51, 28.51, 86.37, 18.93, 82.15, 18.82, 67.80, 30.96, 30.06, -999
26/07/16 17, 1.33, 3.77, 4.73, 3.64, 3.68, 5.26, 2.87, 118.63, 1.00, 0.00, 0.00, 0.00, 0.00, 0.00, 0.00, 0.00, 0.00, 0.00, 0.00, 49.84, 1.00, 0.00, 0.00, 0.00, 0.00, 31.89, 1.00, 0.00, 0.00, 62.44, 1.00, 2.99, 22.54, 28.73, 73.07, 28.69, 86.35, 25.60, 62.44, 25.48, 69.15, 31.16, 30.26, -999
26/07/16 18, 1.13, 3.89, 4.37, 3.93, 2.90, 5.50, 3.30, 119.02, 1.00, 0.00, 0.00, 0.00, 0.00, 0.00, 0.00, 0.00, 0.00, 0.00, 0.00, 50.12, 1.00, 0.00, 0.00, 0.00, 0.00, 31.50, 1.00, 0.00, 0.00, 59.42, 1.00, 2.99, 22.31, 28.79, 71.12, 28.75, 85.85, 25.42, 61.91, 25.30, 70.32, 31.21, 30.31, -999
26/07/16 19, 1.00, 4.02, 3.96, 4.04, 2.15, 5.50, 3.54, 98.83, 1.00, 98.85, 1.00, 0.00, 0.00, 0.00, 0.00, 0.00, 0.00, 0.00, 0.00, 50.76, 1.00, 0.00, 0.00, 0.00, 0.00, 31.83, 1.00, 0.00, 0.00, 66.98, 1.00, 2.97, 33.60, 29.05, 71.55, 29.01, 84.84, 25.68, 61.58, 25.56, 69.42, 31.52, 30.62, -999
26/07/16 20, 1.02, 4.19, 3.58, 3.74, 1.47, 5.50, 3.53, 98.63, 1.00, 98.65, 1.00, 0.00, 0.00, 0.00, 0.00, 0.00, 0.00, 0.00, 0.00, 50.63, 1.00, 35.39, 1.00, 0.00, 0.00, 30.38, 1.00, 0.00, 0.00, 65.63, 1.00, 2.97, 33.71, 29.19, 69.39, 29.15, 85.25, 19.03, 80.34, 18.93, 67.69, 31.65, 30.75, -999
26/07/16 21, 0.92, 4.34, 3.13, 3.69, 1.78, 5.50, 3.28, 98.22, 1.00, 98.24, 1.00, 0.00, 0.00, 0.00, 0.00, 0.00, 0.00, 0.00, 0.00, 50.58, 1.00, 35.58, 1.00, 0.00, 0.00, 30.39, 1.00, 0.00, 0.00, 65.73, 1.00, 2.97, 33.93, 29.35, 68.51, 29.31, 85.50, 19.12, 80.09, 19.01, 67.76, 31.80, 30.90, -999
26/07/16 22, 0.86, 4.25, 3.31, 3.72, 2.00, 5.50, 3.10, 99.13, 1.00, 99.15, 1.00, 0.00, 0.00, 36.66, 1.00, 0.00, 0.00, 0.00, 0.00, 50.08, 1.00, 35.40, 1.00, 0.00, 0.00, 30.51, 1.00, 0.00, 0.00, 66.84, 1.00, 2.97, 33.44, 28.29, 87.47, 28.36, 85.54, 18.69, 79.97, 18.58, 66.92, 31.19, 30.29, -999
26/07/16 23, 0.74, 4.04, 3.75, 3.81, 2.20, 5.50, 2.76, 98.53, 1.00, 98.55, 1.00, 0.00, 0.00, 36.67, 1.00, 0.00, 0.00, 0.00, 0.00, 50.11, 1.00, 34.95, 1.00, 0.00, 0.00, 30.21, 1.00, 0.00, 0.00, 70.10, 1.00, 2.97, 33.76, 28.17, 87.32, 28.25, 85.37, 19.11, 81.17, 19.01, 68.34, 31.09, 30.19, -999
27/07/16 00, 0.67, 3.87, 4.17, 3.84, 2.57, 5.50, 2.84, 98.45, 1.00, 98.47, 1.00, 0.00, 0.00, 35.48, 1.00, 0.00, 0.00, 0.00, 0.00, 49.72, 1.00, 34.39, 1.00, 0.00, 0.00, 29.71, 1.00, 0.00, 0.00, 71.16, 1.00, 2.97, 33.80, 28.09, 89.36, 28.16, 86.04, 19.38, 82.39, 19.27, 70.19, 30.99, 30.09, -999
27/07/16 01, 0.62, 3.72, 4.64, 4.05, 3.09, 5.50, 3.29, 97.97, 1.00, 97.99, 1.00, 0.00, 0.00, 35.16, 1.00, 0.00, 0.00, 0.00, 0.00, 48.64, 1.00, 33.61, 1.00, 0.00, 0.00, 29.53, 1.00, 0.00, 0.00, 73.44, 1.00, 2.97, 34.06, 28.03, 89.86, 28.10, 88.05, 19.77, 84.08, 19.66, 71.15, 30.93, 30.03, -999
27/07/16 02, 0.63, 3.71, 5.12, 4.27, 3.79, 5.50, 3.84, 97.43, 1.00, 97.45, 1.00, 0.00, 0.00, 34.27, 1.00, 0.00, 0.00, 0.00, 0.00, 0.00, 0.00, 33.83, 1.00, 0.00, 0.00, 28.72, 1.00, 0.00, 0.00, 67.78, 1.00, 2.97, 34.35, 29.38, 92.72, 29.48, 66.43, 20.10, 84.03, 20.00, 73.99, 31.85, 30.95, -999
27/07/16 03, 0.79, 4.24, 5.13, 3.08, 3.85, 5.49, 4.73, 94.65, 1.00, 94.67, 1.00, 0.00, 0.00, 0.00, 0.00, 0.00, 0.00, 0.00, 0.00, 0.00, 0.00, 0.00, 0.00, 0.00, 0.00, 0.00, 0.00, 0.00, 0.00, 64.62, 1.00, 2.98, 35.84, 32.14, 75.61, 32.14, 67.69, 30.20, 64.43, 30.20, 60.74, 34.40, 33.50, -999
27/07/16 04, 1.12, 4.59, 4.88, 3.72, 3.37, 5.24, 3.64, 94.87, 1.00, 94.89, 1.00, 0.00, 0.00, 0.00, 0.00, 0.00, 0.00, 0.00, 0.00, 48.85, 1.00, 0.00, 0.00, 0.00, 0.00, 0.00, 0.00, 0.00, 0.00, 79.25, 1.00, 2.98, 35.72, 30.13, 76.19, 30.09, 89.62, 30.17, 64.34, 30.17, 59.71, 32.64, 31.74, -999
27/07/16 05, 1.46, 4.91, 4.68, 4.51, 2.98, 4.96, 2.53, 93.85, 1.00, 93.87, 1.00, 0.00, 0.00, 0.00, 0.00, 0.00, 0.00, 0.00, 0.00, 0.00, 0.00, 0.00, 0.00, 0.00, 0.00, 0.00, 0.00, 0.00, 0.00, 64.57, 1.00, 2.98, 36.27, 32.80, 75.65, 32.80, 67.63, 30.86, 63.33, 30.86, 57.38, 35.06, 34.16, -999
27/07/16 06, 1.72, 5.54, 4.46, 3.45, 2.46, 5.24, 3.04, 91.26, 1.00, 91.27, 1.00, 0.00, 0.00, 0.00, 0.00, 0.00, 0.00, 0.00, 0.00, 0.00, 0.00, 0.00, 0.00, 0.00, 0.00, 32.51, 1.00, 0.00, 0.00, 0.00, 0.00, 2.98, 37.64, 30.54, 75.22, 30.54, 66.44, 29.29, 62.70, 29.17, 70.62, 40.90, 31.73, -999
27/07/16 07, 2.15, 5.23, 4.22, 3.34, 1.91, 5.50, 3.76, 90.80, 1.00, 90.82, 1.00, 0.00, 0.00, 0.00, 0.00, 0.00, 0.00, 0.00, 0.00, 49.22, 1.00, 0.00, 0.00, 0.00, 0.00, 31.52, 1.00, 0.00, 0.00, 0.00, 0.00, 2.98, 37.88, 28.30, 73.06, 28.26, 87.11, 29.85, 60.72, 29.73, 74.68, 41.29, 29.67, -999
27/07/16 08, 2.52, 4.71, 3.89, 3.84, 1.69, 5.50, 4.53, 92.96, 1.00, 92.98, 1.00, 0.00, 0.00, 0.00, 0.00, 0.00, 0.00, 0.00, 0.00, 49.38, 1.00, 36.04, 1.00, 0.00, 0.00, 29.52, 1.00, 0.00, 0.00, 0.00, 0.00, 2.98, 36.74, 27.77, 72.31, 27.73, 86.26, 22.02, 82.16, 21.92, 73.45, 39.73, 29.14, -999
27/07/16 09, 2.83, 4.19, 3.54, 4.12, 2.17, 5.30, 3.86, 92.38, 1.00, 92.40, 1.00, 0.00, 0.00, 0.00, 0.00, 0.00, 0.00, 0.00, 0.00, 49.10, 1.00, 37.99, 1.00, 0.00, 0.00, 0.00, 0.00, 0.00, 0.00, 0.00, 0.00, 2.98, 37.04, 27.27, 69.65, 27.23, 86.30, 28.39, 84.91, 28.39, 53.51, 40.43, 28.64, -999
27/07/16 10, 3.09, 3.67, 3.10, 4.38, 2.64, 5.04, 2.35, 93.25, 1.00, 93.27, 1.00, 0.00, 0.00, 0.00, 0.00, 0.00, 0.00, 0.00, 0.00, 49.29, 1.00, 35.85, 1.00, 0.00, 0.00, 31.35, 1.00, 0.00, 0.00, 0.00, 0.00, 2.98, 36.59, 26.73, 69.97, 26.69, 85.41, 21.70, 82.19, 21.58, 67.11, 39.73, 28.10, -999
27/07/16 11, 3.27, 2.97, 3.12, 4.36, 2.99, 5.19, 2.37, 92.46, 1.00, 92.48, 1.00, 0.00, 0.00, 33.83, 1.00, 0.00, 0.00, 0.00, 0.00, 47.38, 1.00, 35.65, 1.00, 0.00, 0.00, 31.23, 1.00, 0.00, 0.00, 0.00, 0.00, 2.98, 37.00, 22.99, 87.05, 23.05, 85.31, 22.25, 83.08, 22.13, 68.08, 40.22, 24.73, -999
27/07/16 12, 3.49, 2.26, 3.57, 4.08, 3.43, 5.42, 2.68, 90.49, 1.00, 90.51, 1.00, 0.00, 0.00, 34.56, 1.00, 0.00, 0.00, 0.00, 0.00, 0.00, 0.00, 36.03, 1.00, 0.00, 0.00, 31.18, 1.00, 0.00, 0.00, 0.00, 0.00, 2.98, 38.04, 26.15, 89.00, 26.25, 61.95, 23.24, 83.42, 23.13, 69.22, 41.40, 27.54, -999
27/07/16 13, 3.79, 1.72, 4.04, 3.00, 3.82, 5.50, 3.40, 90.08, 1.00, 90.09, 1.00, 0.00, 0.00, 32.47, 1.00, 0.00, 0.00, 0.00, 0.00, 47.18, 1.00, 35.12, 1.00, 0.00, 0.00, 31.46, 1.00, 0.00, 0.00, 0.00, 0.00, 2.98, 38.26, 21.92, 88.19, 21.98, 84.58, 23.74, 85.50, 23.62, 68.77, 41.73, 23.65, -999
27/07/16 14, 4.19, 0.88, 4.50, 3.33, 3.65, 5.50, 3.43, 90.17, 1.00, 90.19, 1.00, 0.00, 0.00, 32.50, 1.00, 0.00, 0.00, 0.00, 0.00, 47.33, 1.00, 0.00, 0.00, 0.00, 0.00, 32.47, 1.00, 0.00, 0.00, 0.00, 0.00, 2.98, 38.21, 21.06, 87.27, 21.12, 83.45, 30.87, 63.85, 30.74, 72.33, 42.13, 22.79, -999
27/07/16 15, 4.31, 0.61, 4.94, 3.38, 3.10, 5.50, 3.89, 95.68, 1.00, 95.70, 1.00, 0.00, 0.00, 33.97, 1.00, 0.00, 0.00, 0.00, 0.00, 48.95, 1.00, 0.00, 0.00, 0.00, 0.00, 31.92, 1.00, 0.00, 0.00, 109.84, 1.00, 2.98, 35.29, 25.61, 89.45, 25.67, 85.03, 28.70, 62.43, 28.58, 72.13, 28.73, 27.83, -999
27/07/16 16, 4.16, 0.89, 5.40, 3.56, 2.40, 5.50, 4.30, 94.59, 1.00, 94.61, 1.00, 0.00, 0.00, 0.00, 0.00, 0.00, 0.00, 0.00, 0.00, 49.58, 1.00, 0.00, 0.00, 0.00, 0.00, 32.14, 1.00, 0.00, 0.00, 102.30, 1.00, 2.98, 35.87, 27.70, 73.06, 27.66, 85.82, 29.03, 62.07, 28.91, 71.68, 30.37, 29.47, -999
27/07/16 17, 4.15, 1.44, 5.02, 3.80, 1.75, 5.50, 4.55, 94.73, 1.00, 94.75, 1.00, 0.00, 0.00, 0.00, 0.00, 0.00, 0.00, 0.00, 0.00, 49.21, 1.00, 0.00, 0.00, 0.00, 0.00, 31.49, 1.00, 0.00, 0.00, 99.37, 1.00, 2.98, 35.80, 28.07, 72.82, 28.03, 86.90, 29.07, 61.54, 28.95, 73.98, 30.72, 29.82, -999
27/07/16 18, 4.13, 1.96, 4.65, 4.21, 1.74, 5.29, 3.79, 94.74, 1.00, 94.76, 1.00, 0.00, 0.00, 0.00, 0.00, 0.00, 0.00, 0.00, 0.00, 49.68, 1.00, 38.11, 1.00, 0.00, 0.00, 0.00, 0.00, 0.00, 0.00, 96.93, 1.00, 2.98, 35.80, 28.40, 73.38, 28.36, 86.32, 28.14, 84.41, 28.14, 55.99, 31.04, 30.14, -999
27/07/16 19, 4.05, 2.45, 4.31, 4.40, 2.20, 5.06, 2.51, 96.37, 1.00, 96.39, 1.00, 0.00, 0.00, 0.00, 0.00, 0.00, 0.00, 0.00, 0.00, 50.15, 1.00, 35.54, 1.00, 0.00, 0.00, 31.40, 1.00, 0.00, 0.00, 89.30, 1.00, 2.98, 34.92, 28.41, 71.31, 28.37, 85.41, 21.14, 82.18, 21.03, 66.38, 30.99, 30.09, -999
27/07/16 20, 3.82, 2.85, 3.90, 4.28, 2.63, 5.12, 2.19, 96.12, 1.00, 96.14, 1.00, 0.00, 0.00, 0.00, 0.00, 0.00, 0.00, 0.00, 0.00, 50.41, 1.00, 35.54, 1.00, 0.00, 0.00, 31.23, 1.00, 0.00, 0.00, 87.69, 1.00, 2.98, 35.05, 28.71, 72.58, 28.67, 85.21, 21.26, 82.31, 21.15, 67.09, 31.29, 30.39, -999
27/07/16 21, 3.63, 3.24, 3.57, 4.09, 3.02, 5.28, 2.25, 96.73, 1.00, 96.75, 1.00, 0.00, 0.00, 0.00, 0.00, 0.00, 0.00, 0.00, 0.00, 50.46, 1.00, 35.66, 1.00, 0.00, 0.00, 31.37, 1.00, 0.00, 0.00, 83.45, 1.00, 2.98, 34.73, 28.88, 67.12, 28.84, 85.27, 20.78, 81.60, 20.66, 66.13, 31.43, 30.53, -999
27/07/16 22, 3.42, 3.57, 3.05, 3.97, 3.27, 5.27, 1.86, 96.38, 1.00, 96.40, 1.00, 0.00, 0.00, 0.00, 0.00, 0.00, 0.00, 0.00, 0.00, 50.61, 1.00, 35.39, 1.00, 0.00, 0.00, 31.34, 1.00, 0.00, 0.00, 82.36, 1.00, 2.98, 34.92, 29.16, 70.20, 29.12, 85.25, 20.97, 82.27, 20.86, 66.41, 31.71, 30.81, -999
27/07/16 23, 3.24, 3.66, 3.31, 3.85, 3.60, 5.35, 1.72, 96.77, 1.00, 96.79, 1.00, 0.00, 0.00, 36.58, 1.00, 0.00, 0.00, 0.00, 0.00, 49.94, 1.00, 35.31, 1.00, 0.00, 0.00, 31.21, 1.00, 0.00, 0.00, 85.45, 1.00, 2.98, 34.71, 28.03, 87.34, 28.10, 85.56, 20.75, 82.19, 20.64, 66.64, 31.03, 30.13, -999
28/07/16 00, 3.05, 3.64, 3.74, 3.94, 3.89, 5.46, 1.72, 96.28, 1.00, 96.30, 1.00, 0.00, 0.00, 34.86, 1.00, 0.00, 0.00, 0.00, 0.00, 49.13, 1.00, 34.80, 1.00, 0.00, 0.00, 31.15, 1.00, 0.00, 0.00, 87.06, 1.00, 2.98, 34.97, 28.06, 90.40, 28.13, 87.15, 21.09, 83.41, 20.98, 67.18, 31.04, 30.14, -999
28/07/16 01, 3.03, 3.69, 4.26, 4.37, 3.49, 5.50, 2.13, 96.54, 1.00, 96.56, 1.00, 0.00, 0.00, 34.06, 1.00, 0.00, 0.00, 0.00, 0.00, 48.41, 1.00, 0.00, 0.00, 0.00, 0.00, 31.53, 1.00, 0.00, 0.00, 86.82, 1.00, 2.98, 34.83, 28.14, 91.83, 28.20, 88.56, 27.78, 62.80, 27.66, 72.58, 31.10, 30.20, -999
28/07/16 02, 3.02, 4.05, 4.82, 3.70, 2.79, 5.50, 2.91, 94.67, 1.00, 94.69, 1.00, 0.00, 0.00, 34.63, 1.00, 0.00, 0.00, 0.00, 0.00, 0.00, 0.00, 0.00, 0.00, 0.00, 0.00, 31.17, 1.00, 0.00, 0.00, 80.08, 1.00, 2.98, 35.83, 30.36, 93.09, 30.47, 66.48, 28.46, 63.27, 28.34, 74.49, 32.90, 32.00, -999
28/07/16 03, 3.15, 4.37, 5.38, 3.21, 2.29, 5.50, 3.87, 94.45, 1.00, 94.47, 1.00, 0.00, 0.00, 0.00, 0.00, 0.00, 0.00, 0.00, 0.00, 49.27, 1.00, 0.00, 0.00, 0.00, 0.00, 30.50, 1.00, 0.00, 0.00, 83.57, 1.00, 2.98, 35.95, 30.09, 76.17, 30.05, 88.80, 28.70, 63.16, 28.59, 76.95, 32.63, 31.73, -999
28/07/16 04, 3.29, 4.73, 5.14, 3.94, 1.88, 5.49, 4.94, 93.48, 1.00, 93.49, 1.00, 0.00, 0.00, 0.00, 0.00, 0.00, 0.00, 0.00, 0.00, 48.22, 1.00, 0.00, 0.00, 0.00, 0.00, 0.00, 0.00, 0.00, 0.00, 85.90, 1.00, 2.98, 36.47, 30.63, 76.73, 30.59, 91.31, 31.79, 62.54, 31.79, 60.73, 33.18, 32.28, -999
28/07/16 05, 3.58, 5.28, 4.97, 4.22, 1.42, 5.24, 3.79, 92.79, 1.00, 92.81, 1.00, 0.00, 0.00, 0.00, 0.00, 0.00, 0.00, 0.00, 0.00, 0.00, 0.00, 37.62, 1.00, 0.00, 0.00, 0.00, 0.00, 0.00, 0.00, 66.94, 1.00, 2.98, 36.83, 33.38, 75.54, 33.38, 66.28, 28.64, 85.87, 28.64, 58.83, 35.65, 34.75, -999
28/07/16 06, 3.97, 5.50, 4.72, 3.03, 2.13, 4.91, 2.41, 89.07, 1.00, 89.08, 1.00, 0.00, 0.00, 0.00, 0.00, 0.00, 0.00, 0.00, 0.00, 0.00, 0.00, 35.57, 1.00, 0.00, 0.00, 31.50, 1.00, 0.00, 0.00, 0.00, 0.00, 2.98, 38.79, 30.50, 75.68, 30.50, 66.62, 24.21, 85.20, 24.09, 69.30, 42.36, 31.69, -999
28/07/16 07, 4.31, 4.99, 4.50, 3.63, 2.87, 5.21, 3.00, 89.44, 1.00, 89.46, 1.00, 0.00, 0.00, 0.00, 0.00, 0.00, 0.00, 0.00, 0.00, 49.08, 1.00, 36.32, 1.00, 0.00, 0.00, 31.46, 1.00, 0.00, 0.00, 0.00, 0.00, 2.98, 38.59, 28.07, 73.31, 28.04, 87.15, 23.96, 83.61, 23.84, 68.98, 42.22, 29.44, -999
28/07/16 08, 4.53, 4.48, 4.17, 4.11, 3.31, 5.47, 3.38, 112.63, 1.00, 0.00, 0.00, 0.00, 0.00, 0.00, 0.00, 0.00, 0.00, 0.00, 0.00, 48.63, 1.00, 35.67, 1.00, 0.00, 0.00, 31.52, 1.00, 0.00, 0.00, 0.00, 0.00, 2.99, 25.97, 27.59, 70.59, 27.55, 87.50, 22.28, 83.09, 22.16, 67.11, 38.50, 28.95, -999
28/07/16 09, 4.41, 3.96, 3.74, 4.60, 3.71, 5.50, 3.11, 112.76, 1.00, 0.00, 0.00, 0.00, 0.00, 0.00, 0.00, 0.00, 0.00, 0.00, 0.00, 0.00, 0.00, 35.99, 1.00, 0.00, 0.00, 30.30, 1.00, 0.00, 0.00, 0.00, 0.00, 2.99, 25.90, 28.96, 69.12, 28.96, 59.86, 22.41, 82.65, 22.30, 71.32, 38.41, 30.15, -999
28/07/16 10, 4.29, 3.96, 3.28, 2.74, 3.97, 5.50, 3.65, 114.48, 1.00, 0.00, 0.00, 0.00, 0.00, 0.00, 0.00, 0.00, 0.00, 0.00, 0.00, 48.81, 1.00, 35.34, 1.00, 0.00, 0.00, 30.79, 1.00, 0.00, 0.00, 0.00, 0.00, 2.99, 24.92, 27.06, 69.89, 27.02, 86.65, 21.53, 82.91, 21.42, 68.84, 37.57, 28.43, -999
28/07/16 11, 4.18, 3.33, 3.14, 3.27, 3.44, 5.50, 3.70, 112.98, 1.00, 0.00, 0.00, 0.00, 0.00, 34.24, 1.00, 0.00, 0.00, 0.00, 0.00, 48.06, 1.00, 0.00, 0.00, 0.00, 0.00, 31.94, 1.00, 0.00, 0.00, 0.00, 0.00, 2.99, 25.77, 23.22, 86.60, 23.29, 84.30, 28.96, 62.28, 28.84, 72.33, 38.35, 24.98, -999
28/07/16 12, 4.19, 2.46, 3.57, 3.42, 2.67, 5.50, 4.18, 112.59, 1.00, 0.00, 0.00, 0.00, 0.00, 34.22, 1.00, 0.00, 0.00, 0.00, 0.00, 48.24, 1.00, 0.00, 0.00, 0.00, 0.00, 30.35, 1.00, 0.00, 0.00, 0.00, 0.00, 2.99, 26.00, 22.33, 85.75, 22.40, 83.08, 29.32, 62.10, 29.21, 78.08, 38.52, 24.09, -999
28/07/16 13, 4.32, 1.58, 3.95, 3.15, 1.98, 5.38, 4.22, 110.36, 1.00, 0.00, 0.00, 0.00, 0.00, 32.67, 1.00, 0.00, 0.00, 0.00, 0.00, 46.67, 1.00, 0.00, 0.00, 0.00, 0.00, 0.00, 0.00, 0.00, 0.00, 0.00, 0.00, 2.99, 27.25, 21.82, 87.76, 21.87, 85.37, 32.77, 60.72, 32.77, 59.32, 39.78, 23.54, -999
28/07/16 14, 4.53, 0.75, 4.40, 3.61, 1.57, 5.06, 2.87, 112.46, 1.00, 0.00, 0.00, 0.00, 0.00, 32.13, 1.00, 0.00, 0.00, 0.00, 0.00, 47.26, 1.00, 38.53, 1.00, 0.00, 0.00, 0.00, 0.00, 0.00, 0.00, 0.00, 0.00, 2.99, 26.07, 20.98, 87.76, 21.03, 83.49, 28.38, 83.86, 28.38, 53.44, 38.68, 22.69, -999
28/07/16 15, 4.12, 0.56, 4.86, 3.62, 1.89, 5.05, 2.27, 118.29, 1.00, 0.00, 0.00, 0.00, 0.00, 33.63, 1.00, 0.00, 0.00, 0.00, 0.00, 48.57, 1.00, 34.82, 1.00, 0.00, 0.00, 30.54, 1.00, 0.00, 0.00, 92.61, 1.00, 2.99, 22.73, 25.09, 89.49, 25.15, 85.23, 19.64, 81.91, 19.53, 67.78, 28.08, 27.18, -999
28/07/16 16, 3.64, 0.68, 5.28, 3.83, 2.39, 5.27, 2.60, 118.53, 1.00, 0.00, 0.00, 0.00, 0.00, 0.00, 0.00, 0.00, 0.00, 0.00, 0.00, 49.29, 1.00, 35.09, 1.00, 0.00, 0.00, 30.71, 1.00, 0.00, 0.00, 84.14, 1.00, 2.99, 22.59, 26.42, 73.17, 26.38, 85.08, 19.31, 81.12, 19.20, 66.87, 28.97, 28.07, -999
28/07/16 17, 3.18, 1.03, 4.91, 3.89, 2.71, 5.39, 2.53, 118.26, 1.00, 0.00, 0.00, 0.00, 0.00, 0.00, 0.00, 0.00, 0.00, 0.00, 0.00, 48.75, 1.00, 34.73, 1.00, 0.00, 0.00, 30.70, 1.00, 0.00, 0.00, 82.56, 1.00, 2.99, 22.75, 26.73, 71.75, 26.69, 86.42, 19.53, 81.97, 19.42, 67.12, 29.26, 28.36, -999
28/07/16 18, 2.77, 1.38, 4.50, 4.24, 3.14, 5.50, 2.59, 118.97, 1.00, 0.00, 0.00, 0.00, 0.00, 0.00, 0.00, 0.00, 0.00, 0.00, 0.00, 49.17, 1.00, 34.46, 1.00, 0.00, 0.00, 29.65, 1.00, 0.00, 0.00, 77.94, 1.00, 2.99, 22.34, 26.85, 73.31, 26.81, 85.75, 19.38, 82.28, 19.27, 70.40, 29.36, 28.46, -999
28/07/16 19, 2.36, 1.67, 4.17, 4.37, 3.58, 5.50, 3.12, 120.44, 1.00, 0.00, 0.00, 0.00, 0.00, 0.00, 0.00, 0.00, 0.00, 0.00, 0.00, 49.45, 1.00, 34.43, 1.00, 0.00, 0.00, 28.83, 1.00, 0.00, 0.00, 70.28, 1.00, 2.99, 21.49, 26.85, 71.74, 26.81, 85.21, 18.63, 81.58, 18.53, 72.18, 29.32, 28.42, -999
28/07/16 20, 1.91, 1.88, 3.78, 4.31, 3.88, 5.50, 3.91, 120.43, 1.00, 0.00, 0.00, 0.00, 0.00, 0.00, 0.00, 0.00, 0.00, 0.00, 0.00, 48.78, 1.00, 34.07, 1.00, 0.00, 0.00, 30.00, 1.00, 0.00, 0.00, 68.28, 1.00, 2.99, 21.50, 27.02, 71.20, 26.98, 86.66, 18.40, 81.95, 18.29, 68.31, 29.47, 28.57, -999
28/07/16 21, 1.57, 2.20, 3.39, 4.22, 3.68, 5.50, 3.83, 118.66, 1.00, 0.00, 0.00, 0.00, 0.00, 0.00, 0.00, 0.00, 0.00, 0.00, 0.00, 0.00, 0.00, 0.00, 0.00, 0.00, 0.00, 31.59, 1.00, 0.00, 0.00, 57.04, 1.00, 2.99, 22.52, 29.50, 68.70, 29.50, 61.41, 25.70, 62.32, 25.58, 70.29, 31.72, 30.82, -999
28/07/16 22, 1.34, 2.69, 2.93, 2.95, 2.88, 5.50, 3.96, 120.20, 1.00, 0.00, 0.00, 0.00, 0.00, 36.03, 1.00, 0.00, 0.00, 0.00, 0.00, 49.88, 1.00, 0.00, 0.00, 0.00, 0.00, 31.15, 1.00, 0.00, 0.00, 68.39, 1.00, 2.99, 21.63, 26.82, 87.12, 26.89, 84.46, 24.84, 60.39, 24.73, 70.94, 29.71, 28.81, -999
28/07/16 23, 1.03, 2.50, 3.37, 3.00, 1.94, 5.50, 4.23, 120.60, 1.00, 0.00, 0.00, 0.00, 0.00, 36.07, 1.00, 0.00, 0.00, 0.00, 0.00, 49.93, 1.00, 0.00, 0.00, 0.00, 0.00, 31.34, 1.00, 0.00, 0.00, 67.77, 1.00, 2.99, 21.40, 26.61, 86.85, 26.68, 84.17, 24.54, 60.03, 24.42, 69.99, 29.50, 28.60, -999
29/07/16 00, 0.87, 2.40, 3.79, 2.95, 1.64, 5.50, 4.19, 98.81, 1.00, 98.83, 1.00, 0.00, 0.00, 35.29, 1.00, 0.00, 0.00, 0.00, 0.00, 49.79, 1.00, 34.88, 1.00, 0.00, 0.00, 29.27, 1.00, 0.00, 0.00, 80.73, 1.00, 2.97, 33.61, 26.78, 88.38, 26.85, 84.59, 19.33, 81.50, 19.23, 71.53, 29.73, 28.83, -999
29/07/16 01, 0.75, 2.36, 4.25, 3.04, 2.12, 5.50, 4.67, 97.79, 1.00, 97.81, 1.00, 0.00, 0.00, 34.22, 1.00, 0.00, 0.00, 0.00, 0.00, 48.60, 1.00, 34.58, 1.00, 0.00, 0.00, 29.34, 1.00, 0.00, 0.00, 84.50, 1.00, 2.97, 34.16, 26.79, 90.21, 26.85, 86.87, 19.78, 82.47, 19.68, 71.77, 29.73, 28.83, -999
29/07/16 02, 0.80, 2.39, 4.75, 3.60, 2.71, 5.32, 4.04, 97.68, 1.00, 97.70, 1.00, 0.00, 0.00, 33.50, 1.00, 0.00, 0.00, 0.00, 0.00, 48.54, 1.00, 36.22, 1.00, 0.00, 0.00, 0.00, 0.00, 0.00, 0.00, 85.50, 1.00, 2.97, 34.22, 26.84, 91.44, 26.90, 87.02, 25.37, 85.13, 25.37, 59.21, 29.78, 28.88, -999
29/07/16 03, 0.88, 2.42, 5.28, 4.10, 3.33, 5.01, 2.70, 96.99, 1.00, 97.01, 1.00, 0.00, 0.00, 32.75, 1.00, 0.00, 0.00, 0.00, 0.00, 47.55, 1.00, 35.84, 1.00, 0.00, 0.00, 0.00, 0.00, 0.00, 0.00, 88.03, 1.00, 2.98, 34.59, 26.94, 92.75, 27.00, 88.93, 25.75, 86.20, 25.75, 58.68, 29.87, 28.97, -999
29/07/16 04, 0.95, 2.81, 5.18, 4.46, 3.98, 5.21, 3.08, 96.49, 1.00, 96.51, 1.00, 0.00, 0.00, 0.00, 0.00, 0.00, 0.00, 0.00, 0.00, 0.00, 0.00, 33.41, 1.00, 0.00, 0.00, 29.56, 1.00, 0.00, 0.00, 63.79, 1.00, 2.98, 34.86, 30.64, 76.71, 30.64, 68.60, 20.55, 85.19, 20.44, 71.85, 32.89, 31.99, -999
29/07/16 05, 1.16, 3.50, 4.99, 3.53, 3.90, 5.50, 4.41, 95.04, 1.00, 95.06, 1.00, 0.00, 0.00, 0.00, 0.00, 0.00, 0.00, 0.00, 0.00, 0.00, 0.00, 0.00, 0.00, 0.00, 0.00, 29.54, 1.00, 0.00, 0.00, 66.24, 1.00, 2.98, 35.64, 31.54, 76.55, 31.54, 68.34, 27.63, 64.01, 27.53, 78.98, 33.80, 32.90, -999
29/07/16 06, 1.47, 4.09, 4.81, 3.29, 3.33, 5.38, 4.44, 95.41, 1.00, 95.43, 1.00, 0.00, 0.00, 0.00, 0.00, 0.00, 0.00, 0.00, 0.00, 49.19, 1.00, 0.00, 0.00, 0.00, 0.00, 0.00, 0.00, 0.00, 0.00, 80.62, 1.00, 2.98, 35.44, 29.68, 73.69, 29.64, 88.55, 30.11, 63.30, 30.11, 60.97, 32.20, 31.30, -999
29/07/16 07, 1.75, 4.43, 4.48, 3.99, 2.74, 5.16, 3.50, 95.97, 1.00, 95.99, 1.00, 0.00, 0.00, 0.00, 0.00, 0.00, 0.00, 0.00, 0.00, 49.95, 1.00, 0.00, 0.00, 0.00, 0.00, 0.00, 0.00, 0.00, 0.00, 77.30, 1.00, 2.98, 35.14, 29.83, 73.16, 29.79, 87.22, 30.06, 62.57, 30.06, 56.50, 32.34, 31.44, -999
29/07/16 08, 1.96, 4.70, 4.14, 4.35, 2.12, 4.90, 2.19, 96.91, 1.00, 96.93, 1.00, 0.00, 0.00, 0.00, 0.00, 0.00, 0.00, 0.00, 0.00, 49.10, 1.00, 0.00, 0.00, 0.00, 0.00, 32.96, 1.00, 0.00, 0.00, 71.02, 1.00, 2.98, 34.63, 29.92, 71.77, 29.88, 88.95, 26.75, 60.28, 26.62, 66.45, 32.39, 31.49, -999
29/07/16 09, 2.04, 5.21, 3.76, 3.71, 1.58, 4.93, 1.78, 96.61, 1.00, 96.63, 1.00, 0.00, 0.00, 0.00, 0.00, 0.00, 0.00, 0.00, 0.00, 0.00, 0.00, 35.72, 1.00, 0.00, 0.00, 31.07, 1.00, 0.00, 0.00, 52.36, 1.00, 2.98, 34.79, 32.17, 70.72, 32.17, 56.32, 20.10, 80.81, 19.98, 66.45, 34.38, 33.48, -999
29/07/16 10, 1.99, 5.49, 3.36, 2.79, 1.91, 5.05, 1.76, 96.85, 1.00, 96.87, 1.00, 0.00, 0.00, 0.00, 0.00, 0.00, 0.00, 0.00, 0.00, 51.46, 1.00, 35.38, 1.00, 0.00, 0.00, 31.08, 1.00, 0.00, 0.00, 65.50, 1.00, 2.98, 34.66, 30.47, 71.77, 30.43, 84.86, 20.13, 81.44, 20.02, 66.45, 32.93, 32.03, -999
29/07/16 11, 2.15, 5.13, 3.01, 2.76, 2.31, 5.17, 1.74, 93.45, 1.00, 93.47, 1.00, 0.00, 0.00, 0.00, 0.00, 0.00, 0.00, 0.00, 0.00, 50.36, 1.00, 35.54, 1.00, 0.00, 0.00, 30.97, 1.00, 0.00, 0.00, 0.00, 0.00, 2.98, 36.48, 28.11, 69.19, 28.07, 84.71, 21.37, 82.40, 21.26, 68.06, 39.34, 29.49, -999
29/07/16 12, 2.38, 4.24, 3.41, 2.80, 2.76, 5.41, 2.19, 93.56, 1.00, 93.58, 1.00, 0.00, 0.00, 34.02, 1.00, 0.00, 0.00, 0.00, 0.00, 48.92, 1.00, 35.05, 1.00, 0.00, 0.00, 31.06, 1.00, 0.00, 0.00, 0.00, 0.00, 2.98, 36.42, 24.06, 87.82, 24.13, 83.53, 21.52, 83.42, 21.41, 67.93, 39.35, 25.83, -999
29/07/16 13, 2.60, 3.36, 3.87, 2.77, 3.31, 5.50, 2.62, 92.14, 1.00, 92.16, 1.00, 0.00, 0.00, 34.08, 1.00, 0.00, 0.00, 0.00, 0.00, 48.26, 1.00, 35.55, 1.00, 0.00, 0.00, 30.36, 1.00, 0.00, 0.00, 0.00, 0.00, 2.98, 37.17, 23.25, 86.91, 23.32, 83.95, 22.38, 83.39, 22.27, 71.12, 40.22, 25.01, -999
29/07/16 14, 2.87, 2.49, 4.28, 2.93, 3.75, 5.50, 3.21, 93.30, 1.00, 93.32, 1.00, 0.00, 0.00, 31.98, 1.00, 0.00, 0.00, 0.00, 0.00, 48.13, 1.00, 35.37, 1.00, 0.00, 0.00, 30.11, 1.00, 0.00, 0.00, 0.00, 0.00, 2.98, 36.56, 22.64, 89.66, 22.69, 83.57, 22.02, 83.35, 21.92, 71.57, 39.65, 24.37, -999
29/07/16 15, 3.11, 1.64, 4.78, 2.98, 3.87, 5.50, 3.83, 92.12, 1.00, 92.14, 1.00, 0.00, 0.00, 32.40, 1.00, 0.00, 0.00, 0.00, 0.00, 47.34, 1.00, 0.00, 0.00, 0.00, 0.00, 32.21, 1.00, 0.00, 0.00, 0.00, 0.00, 2.98, 37.18, 21.83, 88.19, 21.89, 84.20, 29.51, 63.15, 29.39, 71.93, 40.72, 23.56, -999
29/07/16 16, 3.44, 0.80, 5.21, 3.23, 3.16, 5.50, 4.20, 90.68, 1.00, 90.70, 1.00, 0.00, 0.00, 31.92, 1.00, 0.00, 0.00, 0.00, 0.00, 47.39, 1.00, 0.00, 0.00, 0.00, 0.00, 32.38, 1.00, 0.00, 0.00, 0.00, 0.00, 2.98, 37.94, 21.04, 88.15, 21.09, 83.32, 30.32, 61.72, 30.19, 72.11, 41.65, 22.76, -999
29/07/16 17, 3.60, 0.75, 5.02, 3.29, 2.35, 5.50, 4.50, 95.55, 1.00, 95.57, 1.00, 0.00, 0.00, 0.00, 0.00, 0.00, 0.00, 0.00, 0.00, 49.23, 1.00, 0.00, 0.00, 0.00, 0.00, 31.55, 1.00, 0.00, 0.00, 99.69, 1.00, 2.98, 35.36, 27.40, 73.95, 27.36, 86.18, 28.46, 61.91, 28.34, 73.18, 30.05, 29.15, -999
29/07/16 18, 3.60, 1.28, 4.69, 3.66, 1.69, 5.40, 4.44, 95.40, 1.00, 95.42, 1.00, 0.00, 0.00, 0.00, 0.00, 0.00, 0.00, 0.00, 0.00, 49.75, 1.00, 0.00, 0.00, 0.00, 0.00, 0.00, 0.00, 0.00, 0.00, 98.23, 1.00, 2.98, 35.44, 27.79, 72.66, 27.75, 85.59, 31.22, 60.84, 31.22, 58.11, 30.44, 29.54, -999
29/07/16 19, 3.58, 1.77, 4.33, 3.82, 1.87, 5.04, 2.77, 95.70, 1.00, 95.72, 1.00, 0.00, 0.00, 0.00, 0.00, 0.00, 0.00, 0.00, 0.00, 50.11, 1.00, 38.15, 1.00, 0.00, 0.00, 0.00, 0.00, 0.00, 0.00, 94.62, 1.00, 2.98, 35.28, 28.04, 71.99, 28.00, 85.11, 27.46, 83.67, 27.46, 53.94, 30.66, 29.76, -999
29/07/16 20, 3.41, 2.21, 3.95, 3.78, 2.19, 5.08, 2.35, 97.12, 1.00, 97.14, 1.00, 0.00, 0.00, 0.00, 0.00, 0.00, 0.00, 0.00, 0.00, 50.25, 1.00, 35.91, 1.00, 0.00, 0.00, 31.01, 1.00, 0.00, 0.00, 87.29, 1.00, 2.97, 34.52, 28.06, 70.82, 28.02, 84.87, 20.50, 80.88, 20.39, 67.05, 30.64, 29.74, -999
29/07/16 21, 3.18, 2.60, 3.54, 3.67, 2.43, 5.23, 2.39, 97.28, 1.00, 97.29, 1.00, 0.00, 0.00, 0.00, 0.00, 0.00, 0.00, 0.00, 0.00, 50.28, 1.00, 36.02, 1.00, 0.00, 0.00, 31.08, 1.00, 0.00, 0.00, 84.43, 1.00, 2.97, 34.44, 28.30, 68.84, 28.26, 85.04, 20.30, 80.49, 20.18, 66.62, 30.86, 29.96, -999
29/07/16 22, 2.97, 2.95, 3.07, 3.63, 2.56, 5.33, 2.23, 97.09, 1.00, 97.11, 1.00, 0.00, 0.00, 0.00, 0.00, 0.00, 0.00, 0.00, 0.00, 50.55, 1.00, 35.59, 1.00, 0.00, 0.00, 31.02, 1.00, 0.00, 0.00, 82.81, 1.00, 2.97, 34.53, 28.56, 68.77, 28.52, 84.78, 20.45, 81.41, 20.34, 66.99, 31.11, 30.21, -999
29/07/16 23, 2.77, 3.01, 3.36, 3.47, 2.85, 5.47, 2.25, 97.69, 1.00, 97.71, 1.00, 0.00, 0.00, 35.60, 1.00, 0.00, 0.00, 0.00, 0.00, 50.27, 1.00, 35.28, 1.00, 0.00, 0.00, 30.58, 1.00, 0.00, 0.00, 85.32, 1.00, 2.97, 34.21, 27.39, 88.45, 27.46, 84.26, 20.24, 81.72, 20.13, 68.24, 30.38, 29.48, -999
30/07/16 00, 2.57, 3.00, 3.84, 3.26, 3.18, 5.50, 2.88, 96.50, 1.00, 96.52, 1.00, 0.00, 0.00, 35.09, 1.00, 0.00, 0.00, 0.00, 0.00, 49.74, 1.00, 35.23, 1.00, 0.00, 0.00, 30.24, 1.00, 0.00, 0.00, 89.57, 1.00, 2.98, 34.85, 27.42, 89.37, 27.49, 85.33, 20.90, 82.47, 20.79, 70.01, 30.42, 29.52, -999
30/07/16 01, 2.46, 3.04, 4.32, 3.44, 3.56, 5.50, 3.25, 96.20, 1.00, 96.22, 1.00, 0.00, 0.00, 34.12, 1.00, 0.00, 0.00, 0.00, 0.00, 48.46, 1.00, 34.40, 1.00, 0.00, 0.00, 29.57, 1.00, 0.00, 0.00, 89.94, 1.00, 2.98, 35.01, 27.53, 91.11, 27.59, 87.87, 21.36, 84.36, 21.26, 72.61, 30.50, 29.60, -999
30/07/16 02, 2.43, 3.12, 4.85, 4.09, 3.90, 5.50, 4.05, 95.75, 1.00, 95.76, 1.00, 0.00, 0.00, 33.12, 1.00, 0.00, 0.00, 0.00, 0.00, 48.50, 1.00, 0.00, 0.00, 0.00, 0.00, 30.47, 1.00, 0.00, 0.00, 91.52, 1.00, 2.98, 35.26, 27.66, 92.88, 27.72, 87.91, 27.80, 64.46, 27.69, 76.16, 30.63, 29.73, -999
30/07/16 03, 2.57, 3.34, 5.42, 4.24, 3.42, 5.43, 4.51, 93.84, 1.00, 93.86, 1.00, 0.00, 0.00, 0.00, 0.00, 0.00, 0.00, 0.00, 0.00, 0.00, 0.00, 0.00, 0.00, 0.00, 0.00, 0.00, 0.00, 0.00, 0.00, 73.45, 1.00, 2.98, 36.27, 32.01, 75.93, 32.01, 67.63, 31.35, 64.04, 31.35, 59.77, 34.32, 33.42, -999
30/07/16 04, 2.87, 4.11, 5.17, 3.21, 2.95, 5.14, 3.20, 92.64, 1.00, 92.66, 1.00, 0.00, 0.00, 0.00, 0.00, 0.00, 0.00, 0.00, 0.00, 0.00, 0.00, 0.00, 0.00, 0.00, 0.00, 0.00, 0.00, 0.00, 0.00, 73.73, 1.00, 2.98, 36.91, 32.81, 76.60, 32.81, 67.46, 32.01, 63.74, 32.01, 59.57, 35.12, 34.22, -999
30/07/16 05, 3.14, 4.60, 4.98, 3.59, 2.52, 5.02, 2.68, 94.51, 1.00, 94.53, 1.00, 0.00, 0.00, 0.00, 0.00, 0.00, 0.00, 0.00, 0.00, 49.72, 1.00, 0.00, 0.00, 0.00, 0.00, 32.32, 1.00, 0.00, 0.00, 82.17, 1.00, 2.98, 35.91, 30.22, 75.68, 30.18, 88.07, 28.42, 63.00, 28.29, 70.44, 32.76, 31.86, -999
30/07/16 06, 3.28, 4.94, 4.74, 4.15, 2.02, 5.36, 3.38, 94.88, 1.00, 94.90, 1.00, 0.00, 0.00, 0.00, 0.00, 0.00, 0.00, 0.00, 0.00, 49.59, 1.00, 0.00, 0.00, 0.00, 0.00, 32.25, 1.00, 0.00, 0.00, 79.25, 1.00, 2.98, 35.72, 30.44, 74.46, 30.40, 88.54, 28.36, 62.54, 28.23, 70.63, 32.96, 32.06, -999
30/07/16 07, 3.39, 5.34, 4.45, 4.29, 1.53, 5.50, 4.18, 93.83, 1.00, 93.84, 1.00, 0.00, 0.00, 0.00, 0.00, 0.00, 0.00, 0.00, 0.00, 0.00, 0.00, 0.00, 0.00, 0.00, 0.00, 31.55, 1.00, 0.00, 0.00, 63.52, 1.00, 2.98, 36.28, 33.15, 73.98, 33.15, 65.63, 28.96, 61.40, 28.84, 73.68, 35.40, 34.50, -999
30/07/16 08, 3.62, 5.50, 4.15, 3.01, 2.03, 5.50, 4.71, 92.06, 1.00, 92.08, 1.00, 0.00, 0.00, 0.00, 0.00, 0.00, 0.00, 0.00, 0.00, 0.00, 0.00, 36.21, 1.00, 0.00, 0.00, 30.18, 1.00, 0.00, 0.00, 0.00, 0.00, 2.98, 37.21, 30.50, 72.35, 30.50, 62.45, 22.73, 82.57, 22.62, 72.04, 40.55, 31.69, -999
30/07/16 09, 3.93, 4.97, 3.79, 3.21, 2.51, 5.22, 3.47, 90.25, 1.00, 90.26, 1.00, 0.00, 0.00, 0.00, 0.00, 0.00, 0.00, 0.00, 0.00, 50.12, 1.00, 38.27, 1.00, 0.00, 0.00, 0.00, 0.00, 0.00, 0.00, 0.00, 0.00, 2.98, 38.17, 27.97, 70.79, 27.93, 85.03, 29.85, 85.81, 29.85, 57.38, 41.96, 29.35, -999
30/07/16 10, 4.23, 4.44, 3.39, 3.30, 3.02, 5.09, 2.64, 92.11, 1.00, 92.13, 1.00, 0.00, 0.00, 0.00, 0.00, 0.00, 0.00, 0.00, 0.00, 50.16, 1.00, 36.01, 1.00, 0.00, 0.00, 31.65, 1.00, 0.00, 0.00, 0.00, 0.00, 2.98, 37.19, 27.44, 69.61, 27.40, 84.43, 22.63, 82.83, 22.51, 67.01, 40.70, 28.82, -999
30/07/16 11, 4.40, 3.91, 2.96, 3.21, 3.38, 5.22, 2.50, 91.55, 1.00, 91.57, 1.00, 0.00, 0.00, 34.93, 1.00, 0.00, 0.00, 0.00, 0.00, 48.31, 1.00, 35.90, 1.00, 0.00, 0.00, 31.54, 1.00, 0.00, 0.00, 0.00, 0.00, 2.98, 37.48, 23.71, 86.59, 23.78, 84.33, 23.03, 83.44, 22.92, 67.77, 41.05, 25.48, -999
30/07/16 12, 4.44, 3.03, 3.39, 3.34, 3.79, 5.41, 2.65, 112.90, 1.00, 0.00, 0.00, 0.00, 0.00, 34.28, 1.00, 0.00, 0.00, 0.00, 0.00, 48.22, 1.00, 35.52, 1.00, 0.00, 0.00, 31.26, 1.00, 0.00, 0.00, 0.00, 0.00, 2.99, 25.82, 22.90, 86.23, 22.97, 83.69, 22.23, 83.30, 22.11, 67.95, 38.35, 24.67, -999
30/07/16 13, 4.35, 2.16, 3.79, 3.31, 3.88, 5.50, 2.99, 112.68, 1.00, 0.00, 0.00, 0.00, 0.00, 33.65, 1.00, 0.00, 0.00, 0.00, 0.00, 47.93, 1.00, 0.00, 0.00, 0.00, 0.00, 32.07, 1.00, 0.00, 0.00, 0.00, 0.00, 2.99, 25.94, 22.14, 86.51, 22.20, 83.44, 29.13, 63.63, 29.01, 72.01, 38.54, 23.89, -999
30/07/16 14, 4.36, 1.30, 4.20, 3.25, 3.25, 5.50, 3.52, 112.12, 1.00, 0.00, 0.00, 0.00, 0.00, 32.93, 1.00, 0.00, 0.00, 0.00, 0.00, 47.23, 1.00, 0.00, 0.00, 0.00, 0.00, 31.84, 1.00, 0.00, 0.00, 0.00, 0.00, 2.99, 26.26, 21.44, 86.97, 21.50, 84.01, 29.35, 63.02, 29.23, 73.04, 38.77, 23.17, -999
30/07/16 15, 4.43, 0.45, 4.61, 3.42, 2.62, 5.50, 4.14, 116.37, 1.00, 0.00, 0.00, 0.00, 0.00, 33.75, 1.00, 0.00, 0.00, 0.00, 0.00, 48.43, 1.00, 0.00, 0.00, 0.00, 0.00, 31.07, 1.00, 0.00, 0.00, 101.42, 1.00, 2.99, 23.84, 25.19, 89.39, 25.25, 85.58, 27.48, 62.02, 27.37, 73.86, 28.24, 27.34, -999
30/07/16 16, 4.05, 0.64, 5.08, 3.74, 1.93, 5.50, 4.85, 115.30, 1.00, 0.00, 0.00, 0.00, 0.00, 34.08, 1.00, 0.00, 0.00, 0.00, 0.00, 48.28, 1.00, 0.00, 0.00, 0.00, 0.00, 0.00, 0.00, 0.00, 0.00, 104.34, 1.00, 2.99, 24.45, 25.47, 89.12, 25.53, 86.14, 30.63, 61.08, 30.63, 58.64, 28.54, 27.64, -999
30/07/16 17, 3.78, 1.00, 5.10, 4.12, 1.51, 5.13, 3.15, 116.99, 1.00, 0.00, 0.00, 0.00, 0.00, 0.00, 0.00, 0.00, 0.00, 0.00, 0.00, 48.98, 1.00, 37.40, 1.00, 0.00, 0.00, 0.00, 0.00, 0.00, 0.00, 88.23, 1.00, 2.99, 23.48, 26.97, 73.17, 26.93, 86.23, 26.14, 83.74, 26.14, 56.92, 29.54, 28.64, -999
30/07/16 18, 3.37, 1.37, 4.74, 4.38, 1.97, 5.04, 2.43, 117.82, 1.00, 0.00, 0.00, 0.00, 0.00, 0.00, 0.00, 0.00, 0.00, 0.00, 0.00, 48.56, 1.00, 35.03, 1.00, 0.00, 0.00, 30.59, 1.00, 0.00, 0.00, 82.20, 1.00, 2.99, 23.01, 27.06, 73.18, 27.02, 87.11, 19.77, 81.69, 19.66, 67.75, 29.59, 28.69, -999
30/07/16 19, 3.00, 1.89, 4.39, 3.96, 2.42, 5.26, 2.71, 118.33, 1.00, 0.00, 0.00, 0.00, 0.00, 0.00, 0.00, 0.00, 0.00, 0.00, 0.00, 0.00, 0.00, 34.74, 1.00, 0.00, 0.00, 30.57, 1.00, 0.00, 0.00, 60.07, 1.00, 2.99, 22.71, 29.43, 71.52, 29.43, 62.85, 19.49, 81.91, 19.38, 67.53, 31.66, 30.76, -999
30/07/16 20, 2.61, 2.42, 3.99, 2.85, 2.87, 5.44, 2.85, 119.98, 1.00, 0.00, 0.00, 0.00, 0.00, 0.00, 0.00, 0.00, 0.00, 0.00, 0.00, 50.42, 1.00, 34.58, 1.00, 0.00, 0.00, 30.32, 1.00, 0.00, 0.00, 67.28, 1.00, 2.99, 21.76, 27.47, 70.77, 27.43, 83.95, 18.53, 81.22, 18.42, 67.38, 29.93, 29.03, -999
30/07/16 21, 2.17, 2.58, 3.58, 2.72, 3.21, 5.50, 3.04, 120.28, 1.00, 0.00, 0.00, 0.00, 0.00, 0.00, 0.00, 0.00, 0.00, 0.00, 0.00, 50.55, 1.00, 34.79, 1.00, 0.00, 0.00, 30.56, 1.00, 0.00, 0.00, 64.29, 1.00, 2.99, 21.59, 27.56, 68.77, 27.52, 83.77, 18.19, 80.53, 18.08, 66.26, 30.01, 29.11, -999
30/07/16 22, 1.75, 2.71, 3.11, 2.54, 3.38, 5.46, 2.51, 121.01, 1.00, 0.00, 0.00, 0.00, 0.00, 0.00, 0.00, 0.00, 0.00, 0.00, 0.00, 50.85, 1.00, 34.56, 1.00, 0.00, 0.00, 30.46, 1.00, 0.00, 0.00, 59.34, 1.00, 2.99, 21.16, 27.59, 67.30, 27.55, 83.20, 17.77, 80.50, 17.66, 66.18, 30.02, 29.12, -999
30/07/16 23, 1.31, 2.53, 3.30, 2.14, 3.54, 5.47, 2.16, 121.50, 1.00, 0.00, 0.00, 0.00, 0.00, 35.28, 1.00, 0.00, 0.00, 0.00, 0.00, 50.06, 1.00, 33.89, 1.00, 0.00, 0.00, 30.34, 1.00, 0.00, 0.00, 62.54, 1.00, 2.99, 20.88, 26.50, 88.12, 26.57, 83.79, 17.62, 81.48, 17.52, 66.41, 29.36, 28.46, -999
31/07/16 00, 0.96, 2.34, 3.77, 2.21, 3.90, 5.50, 2.12, 97.85, 1.00, 97.87, 1.00, 0.00, 0.00, 34.45, 1.00, 0.00, 0.00, 0.00, 0.00, 49.30, 1.00, 34.19, 1.00, 0.00, 0.00, 29.45, 1.00, 0.00, 0.00, 85.07, 1.00, 2.97, 34.12, 26.75, 89.80, 26.82, 85.52, 19.95, 83.30, 19.84, 71.58, 29.71, 28.81, -999
31/07/16 01, 1.02, 2.37, 4.27, 2.64, 3.56, 5.50, 3.02, 97.35, 1.00, 97.37, 1.00, 0.00, 0.00, 33.15, 1.00, 0.00, 0.00, 0.00, 0.00, 48.82, 1.00, 0.00, 0.00, 0.00, 0.00, 30.42, 1.00, 0.00, 0.00, 87.61, 1.00, 2.97, 34.39, 26.84, 92.01, 26.90, 86.51, 26.41, 63.91, 26.30, 74.95, 29.79, 28.89, -999
31/07/16 02, 1.13, 2.43, 4.83, 3.18, 3.04, 5.50, 4.08, 96.88, 1.00, 96.90, 1.00, 0.00, 0.00, 33.16, 1.00, 0.00, 0.00, 0.00, 0.00, 48.41, 1.00, 0.00, 0.00, 0.00, 0.00, 29.95, 1.00, 0.00, 0.00, 89.24, 1.00, 2.98, 34.65, 26.93, 92.09, 26.99, 87.36, 26.72, 63.63, 26.62, 76.78, 29.89, 28.99, -999
31/07/16 03, 1.31, 2.57, 5.26, 3.80, 2.56, 5.40, 4.35, 94.88, 1.00, 94.90, 1.00, 0.00, 0.00, 0.00, 0.00, 0.00, 0.00, 0.00, 0.00, 48.17, 1.00, 0.00, 0.00, 0.00, 0.00, 0.00, 0.00, 0.00, 0.00, 90.12, 1.00, 2.98, 35.72, 28.70, 76.78, 28.66, 89.47, 30.18, 63.67, 30.18, 60.28, 31.27, 30.37, -999
31/07/16 04, 1.63, 3.06, 5.08, 4.39, 2.21, 5.14, 3.22, 93.74, 1.00, 93.76, 1.00, 0.00, 0.00, 0.00, 0.00, 0.00, 0.00, 0.00, 0.00, 0.00, 0.00, 0.00, 0.00, 0.00, 0.00, 0.00, 0.00, 0.00, 0.00, 74.12, 1.00, 2.98, 36.33, 31.79, 76.65, 31.79, 69.79, 30.93, 63.33, 30.93, 60.17, 34.10, 33.20, -999
31/07/16 05, 2.00, 3.84, 4.90, 3.68, 1.86, 4.89, 2.41, 94.38, 1.00, 94.40, 1.00, 0.00, 0.00, 0.00, 0.00, 0.00, 0.00, 0.00, 0.00, 0.00, 0.00, 0.00, 0.00, 0.00, 0.00, 31.73, 1.00, 0.00, 0.00, 67.56, 1.00, 2.98, 35.99, 31.98, 76.49, 31.98, 69.22, 28.01, 62.98, 27.89, 72.17, 34.26, 33.36, -999
31/07/16 06, 2.24, 4.54, 4.72, 3.02, 1.51, 5.30, 3.53, 95.17, 1.00, 95.19, 1.00, 0.00, 0.00, 0.00, 0.00, 0.00, 0.00, 0.00, 0.00, 49.17, 1.00, 0.00, 0.00, 0.00, 0.00, 31.84, 1.00, 0.00, 0.00, 78.66, 1.00, 2.98, 35.56, 30.04, 75.39, 30.00, 88.93, 27.75, 62.26, 27.63, 71.45, 32.55, 31.65, -999
31/07/16 07, 2.31, 4.82, 4.48, 3.79, 1.92, 5.50, 4.39, 96.08, 1.00, 96.10, 1.00, 0.00, 0.00, 0.00, 0.00, 0.00, 0.00, 0.00, 0.00, 49.41, 1.00, 34.99, 1.00, 0.00, 0.00, 28.99, 1.00, 0.00, 0.00, 73.12, 1.00, 2.98, 35.08, 30.10, 74.83, 30.06, 88.54, 21.26, 83.24, 21.16, 74.33, 32.58, 31.68, -999
31/07/16 08, 2.36, 5.08, 4.22, 4.41, 2.57, 5.35, 4.08, 95.85, 1.00, 95.87, 1.00, 0.00, 0.00, 0.00, 0.00, 0.00, 0.00, 0.00, 0.00, 49.69, 1.00, 37.00, 1.00, 0.00, 0.00, 0.00, 0.00, 0.00, 0.00, 73.14, 1.00, 2.98, 35.20, 30.34, 73.21, 30.30, 88.24, 26.82, 85.17, 26.82, 57.76, 32.83, 31.93, -999
31/07/16 09, 2.55, 5.50, 3.90, 3.62, 3.15, 4.97, 2.40, 93.15, 1.00, 93.17, 1.00, 0.00, 0.00, 0.00, 0.00, 0.00, 0.00, 0.00, 0.00, 0.00, 0.00, 35.55, 1.00, 0.00, 0.00, 31.24, 1.00, 0.00, 0.00, 0.00, 0.00, 2.98, 36.64, 30.50, 71.25, 30.50, 63.48, 21.62, 82.63, 21.50, 67.47, 39.62, 31.69, -999
31/07/16 10, 2.77, 5.23, 3.51, 3.03, 3.53, 5.16, 2.55, 93.07, 1.00, 93.09, 1.00, 0.00, 0.00, 0.00, 0.00, 0.00, 0.00, 0.00, 0.00, 50.31, 1.00, 35.58, 1.00, 0.00, 0.00, 31.22, 1.00, 0.00, 0.00, 0.00, 0.00, 2.98, 36.68, 28.22, 70.67, 28.18, 84.91, 21.75, 82.71, 21.64, 67.60, 39.73, 29.60, -999
31/07/16 11, 2.98, 4.70, 3.11, 3.11, 3.86, 5.35, 2.68, 93.00, 1.00, 93.02, 1.00, 0.00, 0.00, 0.00, 0.00, 0.00, 0.00, 0.00, 0.00, 50.14, 1.00, 35.54, 1.00, 0.00, 0.00, 31.41, 1.00, 0.00, 0.00, 0.00, 0.00, 2.98, 36.72, 27.70, 69.75, 27.66, 84.72, 21.84, 82.88, 21.72, 67.03, 39.83, 29.08, -999
31/07/16 12, 3.27, 3.90, 3.32, 3.11, 3.53, 5.49, 2.61, 92.08, 1.00, 92.10, 1.00, 0.00, 0.00, 33.76, 1.00, 0.00, 0.00, 0.00, 0.00, 48.61, 1.00, 0.00, 0.00, 0.00, 0.00, 33.21, 1.00, 0.00, 0.00, 0.00, 0.00, 2.98, 37.20, 23.79, 87.97, 23.86, 83.84, 29.44, 61.73, 29.31, 68.23, 40.77, 25.55, -999
31/07/16 13, 3.59, 3.03, 3.78, 3.12, 2.67, 5.50, 2.85, 91.03, 1.00, 91.05, 1.00, 0.00, 0.00, 33.78, 1.00, 0.00, 0.00, 0.00, 0.00, 48.37, 1.00, 0.00, 0.00, 0.00, 0.00, 32.81, 1.00, 0.00, 0.00, 0.00, 0.00, 2.98, 37.76, 22.95, 87.10, 23.01, 83.46, 30.14, 60.20, 30.02, 70.39, 41.47, 24.70, -999
31/07/16 14, 3.94, 2.16, 4.21, 3.06, 1.73, 5.50, 3.07, 90.77, 1.00, 90.79, 1.00, 0.00, 0.00, 33.50, 1.00, 0.00, 0.00, 0.00, 0.00, 47.81, 1.00, 0.00, 0.00, 0.00, 0.00, 32.44, 1.00, 0.00, 0.00, 0.00, 0.00, 2.98, 37.89, 22.18, 86.78, 22.24, 83.71, 30.47, 60.64, 30.35, 72.04, 41.71, 23.92, -999
31/07/16 15, 4.17, 1.30, 4.61, 3.15, 1.79, 5.50, 3.45, 92.43, 1.00, 92.45, 1.00, 0.00, 0.00, 32.98, 1.00, 0.00, 0.00, 0.00, 0.00, 47.36, 1.00, 36.27, 1.00, 0.00, 0.00, 30.78, 1.00, 0.00, 0.00, 0.00, 0.00, 2.98, 37.02, 21.43, 86.88, 21.49, 83.77, 22.61, 82.35, 22.50, 69.97, 40.51, 23.16, -999
31/07/16 16, 4.30, 0.51, 5.00, 3.28, 2.22, 5.50, 3.67, 96.59, 1.00, 96.61, 1.00, 0.00, 0.00, 35.26, 1.00, 0.00, 0.00, 0.00, 0.00, 49.39, 1.00, 35.94, 1.00, 0.00, 0.00, 30.27, 1.00, 0.00, 0.00, 106.65, 1.00, 2.98, 34.80, 25.31, 86.96, 25.38, 83.90, 21.25, 81.58, 21.14, 70.27, 28.43, 27.53, -999
31/07/16 17, 4.02, 0.74, 5.38, 3.16, 2.54, 5.50, 3.94, 96.87, 1.00, 96.89, 1.00, 0.00, 0.00, 0.00, 0.00, 0.00, 0.00, 0.00, 0.00, 49.75, 1.00, 35.96, 1.00, 0.00, 0.00, 30.71, 1.00, 0.00, 0.00, 96.08, 1.00, 2.98, 34.65, 27.12, 72.39, 27.08, 84.89, 20.89, 81.18, 20.78, 68.46, 29.75, 28.85, -999
31/07/16 18, 3.75, 1.22, 4.97, 3.28, 2.76, 5.50, 3.74, 96.88, 1.00, 96.90, 1.00, 0.00, 0.00, 0.00, 0.00, 0.00, 0.00, 0.00, 0.00, 50.25, 1.00, 35.70, 1.00, 0.00, 0.00, 30.75, 1.00, 0.00, 0.00, 93.55, 1.00, 2.98, 34.65, 27.41, 70.64, 27.37, 84.22, 20.87, 81.62, 20.76, 68.30, 30.03, 29.13, -999
31/07/16 19, 3.50, 1.66, 4.52, 3.12, 3.04, 5.50, 3.55, 96.68, 1.00, 96.70, 1.00, 0.00, 0.00, 0.00, 0.00, 0.00, 0.00, 0.00, 0.00, 50.20, 1.00, 35.55, 1.00, 0.00, 0.00, 30.75, 1.00, 0.00, 0.00, 91.56, 1.00, 2.98, 34.75, 27.75, 70.23, 27.70, 84.65, 20.95, 81.98, 20.84, 68.38, 30.35, 29.45, -999
31/07/16 20, 3.30, 2.09, 4.07, 3.14, 3.35, 5.50, 3.41, 97.49, 1.00, 97.51, 1.00, 0.00, 0.00, 0.00, 0.00, 0.00, 0.00, 0.00, 0.00, 50.34, 1.00, 35.43, 1.00, 0.00, 0.00, 30.79, 1.00, 0.00, 0.00, 86.67, 1.00, 2.97, 34.32, 27.90, 70.17, 27.86, 84.52, 20.43, 81.65, 20.32, 67.73, 30.47, 29.57, -999
31/07/16 21, 3.06, 2.47, 3.63, 3.09, 3.58, 5.50, 3.16, 96.89, 1.00, 96.91, 1.00, 0.00, 0.00, 0.00, 0.00, 0.00, 0.00, 0.00, 0.00, 50.41, 1.00, 35.42, 1.00, 0.00, 0.00, 30.31, 1.00, 0.00, 0.00, 86.21, 1.00, 2.98, 34.64, 28.25, 69.92, 28.21, 84.74, 20.83, 82.07, 20.72, 69.72, 30.82, 29.92, -999
31/07/16 22, 2.88, 2.83, 3.20, 3.11, 3.85, 5.50, 3.42, 96.81, 1.00, 96.83, 1.00, 0.00, 0.00, 0.00, 0.00, 0.00, 0.00, 0.00, 0.00, 50.72, 1.00, 35.08, 1.00, 0.00, 0.00, 30.79, 1.00, 0.00, 0.00, 84.21, 1.00, 2.98, 34.68, 28.50, 70.52, 28.46, 84.38, 20.76, 82.60, 20.65, 68.07, 31.06, 30.16, -999
31/07/16 23, 2.80, 3.11, 3.03, 2.98, 3.61, 5.50, 3.32, 96.51, 1.00, 96.53, 1.00, 0.00, 0.00, 35.69, 1.00, 0.00, 0.00, 0.00, 0.00, 50.18, 1.00, 0.00, 0.00, 0.00, 0.00, 31.68, 1.00, 0.00, 0.00, 90.37, 1.00, 2.98, 34.85, 27.52, 88.42, 27.59, 84.57, 27.62, 62.33, 27.50, 71.89, 30.54, 29.64, -999
01/08/16 00, 2.78, 3.16, 3.51, 3.01, 2.82, 5.50, 3.81, 96.35, 1.00, 96.37, 1.00, 0.00, 0.00, 35.14, 1.00, 0.00, 0.00, 0.00, 0.00, 49.94, 1.00, 0.00, 0.00, 0.00, 0.00, 31.40, 1.00, 0.00, 0.00, 90.43, 1.00, 2.98, 34.93, 27.58, 89.44, 27.65, 85.10, 27.69, 61.49, 27.57, 72.93, 30.59, 29.69, -999
01/08/16 01, 2.79, 3.21, 4.00, 3.18, 2.03, 5.50, 4.40, 95.95, 1.00, 95.97, 1.00, 0.00, 0.00, 34.85, 1.00, 0.00, 0.00, 0.00, 0.00, 49.00, 1.00, 0.00, 0.00, 0.00, 0.00, 30.91, 1.00, 0.00, 0.00, 91.26, 1.00, 2.98, 35.15, 27.68, 90.03, 27.74, 87.01, 27.88, 62.86, 27.77, 74.77, 30.68, 29.78, -999
01/08/16 02, 2.89, 3.31, 4.51, 3.70, 1.61, 5.34, 4.01, 94.91, 1.00, 94.93, 1.00, 0.00, 0.00, 34.12, 1.00, 0.00, 0.00, 0.00, 0.00, 48.85, 1.00, 0.00, 0.00, 0.00, 0.00, 0.00, 0.00, 0.00, 0.00, 95.56, 1.00, 2.98, 35.71, 27.87, 91.46, 27.94, 87.49, 30.97, 61.97, 30.97, 59.74, 30.89, 29.99, -999
01/08/16 03, 2.98, 3.42, 5.04, 4.23, 1.99, 5.05, 2.82, 95.09, 1.00, 95.11, 1.00, 0.00, 0.00, 33.21, 1.00, 0.00, 0.00, 0.00, 0.00, 48.11, 1.00, 36.73, 1.00, 0.00, 0.00, 0.00, 0.00, 0.00, 0.00, 92.91, 1.00, 2.98, 35.61, 27.98, 93.07, 28.04, 88.96, 27.50, 86.35, 27.50, 58.97, 30.96, 30.06, -999
01/08/16 04, 3.02, 3.86, 5.17, 4.06, 2.70, 5.20, 3.05, 94.08, 1.00, 94.10, 1.00, 0.00, 0.00, 0.00, 0.00, 0.00, 0.00, 0.00, 0.00, 0.00, 0.00, 34.86, 1.00, 0.00, 0.00, 30.04, 1.00, 0.00, 0.00, 68.60, 1.00, 2.98, 36.15, 32.10, 75.98, 32.10, 68.23, 22.19, 84.40, 22.08, 71.97, 34.38, 33.48, -999
01/08/16 05, 3.11, 4.58, 4.94, 3.14, 3.37, 5.50, 4.26, 94.13, 1.00, 94.15, 1.00, 0.00, 0.00, 0.00, 0.00, 0.00, 0.00, 0.00, 0.00, 0.00, 0.00, 34.79, 1.00, 0.00, 0.00, 29.16, 1.00, 0.00, 0.00, 65.02, 1.00, 2.98, 36.12, 32.51, 75.59, 32.51, 69.55, 22.43, 84.76, 22.33, 74.97, 34.77, 33.87, -999
01/08/16 06, 3.19, 5.02, 4.70, 3.80, 3.98, 5.43, 4.65, 94.00, 1.00, 94.02, 1.00, 0.00, 0.00, 0.00, 0.00, 0.00, 0.00, 0.00, 0.00, 49.91, 1.00, 0.00, 0.00, 0.00, 0.00, 0.00, 0.00, 0.00, 0.00, 82.92, 1.00, 2.98, 36.19, 30.67, 75.19, 30.63, 88.14, 31.55, 64.99, 31.55, 58.94, 33.21, 32.31, -999
01/08/16 07, 3.44, 5.36, 4.45, 4.33, 3.60, 5.10, 3.11, 94.18, 1.00, 94.19, 1.00, 0.00, 0.00, 0.00, 0.00, 0.00, 0.00, 0.00, 0.00, 49.01, 1.00, 0.00, 0.00, 0.00, 0.00, 0.00, 0.00, 0.00, 0.00, 80.50, 1.00, 2.98, 36.09, 30.95, 71.66, 30.91, 90.16, 31.63, 63.61, 31.63, 57.26, 33.48, 32.58, -999
01/08/16 08, 3.79, 5.54, 4.05, 3.86, 3.01, 5.05, 2.55, 91.08, 1.00, 91.10, 1.00, 0.00, 0.00, 0.00, 0.00, 0.00, 0.00, 0.00, 0.00, 0.00, 0.00, 0.00, 0.00, 0.00, 0.00, 33.35, 1.00, 0.00, 0.00, 0.00, 0.00, 2.98, 37.73, 30.54, 74.68, 30.54, 62.82, 30.12, 62.21, 29.99, 68.36, 41.49, 31.73, -999
01/08/16 09, 4.13, 5.41, 3.81, 2.76, 2.29, 5.26, 2.68, 91.62, 1.00, 91.63, 1.00, 0.00, 0.00, 0.00, 0.00, 0.00, 0.00, 0.00, 0.00, 50.65, 1.00, 0.00, 0.00, 0.00, 0.00, 33.62, 1.00, 0.00, 0.00, 0.00, 0.00, 2.98, 37.45, 28.37, 72.52, 28.33, 84.39, 29.97, 60.62, 29.84, 67.22, 41.26, 29.75, -999
01/08/16 10, 4.41, 4.87, 3.47, 2.74, 1.45, 5.33, 2.32, 91.87, 1.00, 91.89, 1.00, 0.00, 0.00, 0.00, 0.00, 0.00, 0.00, 0.00, 0.00, 49.95, 1.00, 36.54, 1.00, 0.00, 0.00, 31.62, 1.00, 0.00, 0.00, 0.00, 0.00, 2.98, 37.31, 27.89, 69.97, 27.85, 85.28, 22.70, 81.96, 22.58, 67.17, 40.88, 29.26, -999
01/08/16 11, 4.42, 4.34, 3.05, 2.98, 1.84, 5.47, 2.30, 113.07, 1.00, 0.00, 0.00, 0.00, 0.00, 0.00, 0.00, 0.00, 0.00, 0.00, 0.00, 48.73, 1.00, 35.90, 1.00, 0.00, 0.00, 31.38, 1.00, 0.00, 0.00, 0.00, 0.00, 2.99, 25.72, 27.45, 71.30, 27.41, 87.18, 22.01, 82.41, 21.89, 67.32, 38.27, 28.81, -999
01/08/16 12, 4.28, 3.53, 3.40, 3.54, 2.31, 5.50, 2.49, 113.96, 1.00, 0.00, 0.00, 0.00, 0.00, 32.45, 1.00, 0.00, 0.00, 0.00, 0.00, 48.50, 1.00, 35.71, 1.00, 0.00, 0.00, 30.48, 1.00, 0.00, 0.00, 0.00, 0.00, 2.99, 25.22, 23.58, 89.88, 23.64, 83.83, 21.80, 82.53, 21.69, 70.11, 37.82, 25.32, -999
01/08/16 13, 4.09, 2.67, 3.93, 3.44, 2.75, 5.50, 2.92, 113.41, 1.00, 0.00, 0.00, 0.00, 0.00, 32.79, 1.00, 0.00, 0.00, 0.00, 0.00, 47.59, 1.00, 35.73, 1.00, 0.00, 0.00, 29.67, 1.00, 0.00, 0.00, 0.00, 0.00, 2.99, 25.53, 22.79, 88.54, 22.84, 84.71, 22.23, 82.91, 22.12, 73.17, 38.02, 24.52, -999
01/08/16 14, 3.97, 1.82, 4.40, 3.68, 3.18, 5.50, 3.81, 113.80, 1.00, 0.00, 0.00, 0.00, 0.00, 33.44, 1.00, 0.00, 0.00, 0.00, 0.00, 47.71, 1.00, 35.54, 1.00, 0.00, 0.00, 30.20, 1.00, 0.00, 0.00, 0.00, 0.00, 2.99, 25.31, 21.85, 86.56, 21.91, 83.57, 21.92, 82.96, 21.81, 71.15, 37.80, 23.59, -999
01/08/16 15, 3.82, 0.96, 4.78, 3.59, 3.59, 5.50, 4.22, 113.22, 1.00, 0.00, 0.00, 0.00, 0.00, 32.59, 1.00, 0.00, 0.00, 0.00, 0.00, 46.99, 1.00, 35.38, 1.00, 0.00, 0.00, 30.04, 1.00, 0.00, 0.00, 0.00, 0.00, 2.99, 25.64, 21.17, 87.24, 21.23, 84.16, 22.23, 83.54, 22.12, 71.99, 38.01, 22.89, -999
01/08/16 16, 3.57, 0.54, 5.20, 3.77, 4.02, 5.50, 4.69, 117.51, 1.00, 0.00, 0.00, 0.00, 0.00, 33.71, 1.00, 0.00, 0.00, 0.00, 0.00, 48.59, 1.00, 0.00, 0.00, 0.00, 0.00, 31.11, 1.00, 0.00, 0.00, 96.38, 1.00, 2.99, 23.19, 25.15, 89.42, 25.21, 85.25, 26.69, 63.64, 26.58, 72.94, 28.16, 27.26, -999
01/08/16 17, 3.31, 0.94, 5.01, 3.97, 3.37, 5.21, 3.47, 115.69, 1.00, 0.00, 0.00, 0.00, 0.00, 0.00, 0.00, 0.00, 0.00, 0.00, 0.00, 49.15, 1.00, 0.00, 0.00, 0.00, 0.00, 0.00, 0.00, 0.00, 0.00, 92.96, 1.00, 2.99, 24.23, 27.18, 71.70, 27.14, 86.11, 30.25, 62.86, 30.25, 57.08, 29.78, 28.88, -999
01/08/16 18, 3.07, 1.38, 4.60, 4.22, 2.69, 5.10, 2.64, 117.20, 1.00, 0.00, 0.00, 0.00, 0.00, 0.00, 0.00, 0.00, 0.00, 0.00, 0.00, 49.41, 1.00, 0.00, 0.00, 0.00, 0.00, 32.43, 1.00, 0.00, 0.00, 85.23, 1.00, 2.99, 23.36, 27.17, 72.97, 27.13, 85.61, 26.58, 62.36, 26.46, 68.20, 29.73, 28.83, -999
01/08/16 19, 2.77, 1.75, 4.25, 4.30, 2.05, 5.31, 2.80, 118.80, 1.00, 0.00, 0.00, 0.00, 0.00, 0.00, 0.00, 0.00, 0.00, 0.00, 0.00, 49.32, 1.00, 0.00, 0.00, 0.00, 0.00, 32.38, 1.00, 0.00, 0.00, 77.54, 1.00, 2.99, 22.44, 27.19, 71.78, 27.15, 85.80, 25.68, 61.95, 25.55, 67.46, 29.70, 28.80, -999
01/08/16 20, 2.41, 2.03, 3.86, 4.41, 1.44, 5.44, 2.67, 120.57, 1.00, 0.00, 0.00, 0.00, 0.00, 0.00, 0.00, 0.00, 0.00, 0.00, 0.00, 49.52, 1.00, 34.92, 1.00, 0.00, 0.00, 30.50, 1.00, 0.00, 0.00, 67.17, 1.00, 2.99, 21.41, 27.11, 69.93, 27.07, 85.34, 18.01, 80.13, 17.90, 66.27, 29.57, 28.67, -999
01/08/16 21, 1.95, 2.21, 3.42, 4.36, 1.78, 5.46, 2.32, 120.90, 1.00, 0.00, 0.00, 0.00, 0.00, 0.00, 0.00, 0.00, 0.00, 0.00, 0.00, 49.05, 1.00, 35.05, 1.00, 0.00, 0.00, 30.42, 1.00, 0.00, 0.00, 63.88, 1.00, 2.99, 21.22, 27.22, 68.74, 27.18, 86.34, 17.75, 79.64, 17.64, 66.27, 29.65, 28.75, -999
01/08/16 22, 1.52, 2.43, 3.04, 4.17, 2.00, 5.50, 2.10, 121.02, 1.00, 0.00, 0.00, 0.00, 0.00, 36.38, 1.00, 0.00, 0.00, 0.00, 0.00, 0.00, 0.00, 34.97, 1.00, 0.00, 0.00, 30.33, 1.00, 0.00, 0.00, 58.52, 1.00, 2.99, 21.16, 27.61, 87.29, 27.72, 58.06, 17.68, 79.70, 17.57, 66.49, 30.06, 29.16, -999
01/08/16 23, 1.11, 2.53, 3.48, 2.63, 2.20, 5.50, 1.91, 121.21, 1.00, 0.00, 0.00, 0.00, 0.00, 35.90, 1.00, 0.00, 0.00, 0.00, 0.00, 49.74, 1.00, 34.75, 1.00, 0.00, 0.00, 29.88, 1.00, 0.00, 0.00, 63.57, 1.00, 2.99, 21.05, 26.52, 87.06, 26.59, 84.45, 17.69, 80.09, 17.59, 67.96, 29.39, 28.49, -999
02/08/16 00, 0.91, 2.43, 3.90, 2.77, 2.47, 5.50, 2.13, 98.52, 1.00, 98.54, 1.00, 0.00, 0.00, 36.32, 1.00, 0.00, 0.00, 0.00, 0.00, 50.14, 1.00, 34.99, 1.00, 0.00, 0.00, 29.77, 1.00, 0.00, 0.00, 81.86, 1.00, 2.97, 33.77, 26.78, 86.56, 26.85, 83.92, 19.35, 81.34, 19.24, 69.98, 29.76, 28.86, -999
02/08/16 01, 0.82, 2.38, 4.29, 2.69, 2.82, 5.50, 2.66, 98.49, 1.00, 98.51, 1.00, 0.00, 0.00, 32.84, 1.00, 0.00, 0.00, 0.00, 0.00, 48.34, 1.00, 34.11, 1.00, 0.00, 0.00, 29.31, 1.00, 0.00, 0.00, 81.94, 1.00, 2.97, 33.78, 26.83, 92.49, 26.89, 87.39, 19.64, 83.13, 19.54, 71.72, 29.73, 28.83, -999
02/08/16 02, 0.74, 2.38, 4.86, 3.37, 3.42, 5.50, 3.41, 97.85, 1.00, 97.87, 1.00, 0.00, 0.00, 32.93, 1.00, 0.00, 0.00, 0.00, 0.00, 48.25, 1.00, 34.07, 1.00, 0.00, 0.00, 29.06, 1.00, 0.00, 0.00, 83.98, 1.00, 2.97, 34.13, 26.84, 92.37, 26.90, 87.56, 19.93, 83.47, 19.83, 72.78, 29.76, 28.86, -999
02/08/16 03, 0.72, 2.41, 5.41, 3.99, 3.99, 5.50, 4.23, 97.31, 1.00, 97.33, 1.00, 0.00, 0.00, 0.00, 0.00, 0.00, 0.00, 0.00, 0.00, 47.93, 1.00, 33.61, 1.00, 0.00, 0.00, 28.20, 1.00, 0.00, 0.00, 79.85, 1.00, 2.97, 34.42, 28.03, 76.47, 27.99, 89.25, 20.42, 84.73, 20.32, 75.87, 30.54, 29.64, -999
02/08/16 04, 0.94, 2.91, 5.20, 4.21, 3.85, 5.39, 4.33, 94.52, 1.00, 94.54, 1.00, 0.00, 0.00, 0.00, 0.00, 0.00, 0.00, 0.00, 0.00, 0.00, 0.00, 0.00, 0.00, 0.00, 0.00, 0.00, 0.00, 0.00, 0.00, 71.71, 1.00, 2.98, 35.91, 31.43, 76.28, 31.43, 68.17, 30.28, 64.65, 30.28, 61.21, 33.73, 32.83, -999
02/08/16 05, 1.31, 3.67, 4.98, 3.26, 3.42, 5.18, 3.51, 94.02, 1.00, 94.04, 1.00, 0.00, 0.00, 0.00, 0.00, 0.00, 0.00, 0.00, 0.00, 0.00, 0.00, 0.00, 0.00, 0.00, 0.00, 0.00, 0.00, 0.00, 0.00, 70.05, 1.00, 2.98, 36.18, 32.03, 75.28, 32.03, 64.99, 30.69, 64.27, 30.69, 59.98, 34.32, 33.42, -999
02/08/16 06, 1.64, 4.11, 4.72, 3.36, 3.00, 4.91, 2.54, 94.70, 1.00, 94.72, 1.00, 0.00, 0.00, 0.00, 0.00, 0.00, 0.00, 0.00, 0.00, 49.66, 1.00, 0.00, 0.00, 0.00, 0.00, 0.00, 0.00, 0.00, 0.00, 83.43, 1.00, 2.98, 35.82, 29.80, 75.38, 29.76, 87.75, 30.47, 63.94, 30.47, 58.71, 32.34, 31.44, -999
02/08/16 07, 1.86, 4.43, 4.48, 3.91, 2.61, 5.11, 2.91, 96.33, 1.00, 96.35, 1.00, 0.00, 0.00, 0.00, 0.00, 0.00, 0.00, 0.00, 0.00, 50.03, 1.00, 0.00, 0.00, 0.00, 0.00, 31.79, 1.00, 0.00, 0.00, 74.80, 1.00, 2.98, 34.95, 29.74, 72.79, 29.70, 86.98, 27.09, 61.99, 26.97, 70.99, 32.24, 31.34, -999
02/08/16 08, 1.98, 4.69, 4.13, 4.25, 1.92, 5.47, 3.72, 96.48, 1.00, 96.50, 1.00, 0.00, 0.00, 0.00, 0.00, 0.00, 0.00, 0.00, 0.00, 49.75, 1.00, 0.00, 0.00, 0.00, 0.00, 31.92, 1.00, 0.00, 0.00, 72.83, 1.00, 2.98, 34.86, 29.94, 69.68, 29.90, 87.73, 27.08, 61.94, 26.96, 70.50, 32.43, 31.53, -999
02/08/16 09, 2.07, 5.04, 3.67, 4.18, 1.66, 5.50, 4.53, 97.21, 1.00, 97.23, 1.00, 0.00, 0.00, 0.00, 0.00, 0.00, 0.00, 0.00, 0.00, 0.00, 0.00, 35.47, 1.00, 0.00, 0.00, 29.71, 1.00, 0.00, 0.00, 51.84, 1.00, 2.97, 34.47, 31.96, 69.23, 31.96, 60.91, 20.28, 81.44, 20.18, 71.10, 34.17, 33.27, -999
02/08/16 10, 2.01, 5.45, 3.22, 3.00, 2.09, 5.45, 4.55, 97.16, 1.00, 97.18, 1.00, 0.00, 0.00, 0.00, 0.00, 0.00, 0.00, 0.00, 0.00, 51.54, 1.00, 37.49, 1.00, 0.00, 0.00, 0.00, 0.00, 0.00, 0.00, 65.50, 1.00, 2.97, 34.50, 30.42, 70.62, 30.38, 84.64, 26.05, 83.49, 26.05, 57.75, 32.88, 31.98, -999
02/08/16 11, 2.22, 5.07, 3.04, 2.83, 2.50, 5.06, 2.78, 92.51, 1.00, 92.52, 1.00, 0.00, 0.00, 33.64, 1.00, 0.00, 0.00, 0.00, 0.00, 48.97, 1.00, 37.76, 1.00, 0.00, 0.00, 0.00, 0.00, 0.00, 0.00, 0.00, 0.00, 2.98, 36.98, 24.93, 89.30, 24.99, 84.31, 28.11, 85.05, 28.11, 55.61, 40.21, 26.69, -999
02/08/16 12, 2.46, 4.19, 3.55, 2.97, 2.94, 5.15, 2.58, 93.05, 1.00, 93.07, 1.00, 0.00, 0.00, 34.63, 1.00, 0.00, 0.00, 0.00, 0.00, 48.73, 1.00, 34.60, 1.00, 0.00, 0.00, 31.19, 1.00, 0.00, 0.00, 0.00, 0.00, 2.98, 36.69, 23.97, 86.69, 24.03, 83.81, 21.89, 84.56, 21.77, 67.83, 39.66, 25.74, -999
02/08/16 13, 2.70, 3.31, 3.96, 3.00, 3.62, 5.36, 2.78, 93.09, 1.00, 93.11, 1.00, 0.00, 0.00, 33.90, 1.00, 0.00, 0.00, 0.00, 0.00, 48.66, 1.00, 35.66, 1.00, 0.00, 0.00, 30.93, 1.00, 0.00, 0.00, 0.00, 0.00, 2.98, 36.67, 23.18, 87.13, 23.24, 83.14, 21.77, 82.60, 21.65, 68.61, 39.70, 24.94, -999
02/08/16 14, 2.92, 2.44, 4.38, 2.83, 3.92, 5.50, 3.27, 93.45, 1.00, 93.47, 1.00, 0.00, 0.00, 33.29, 1.00, 0.00, 0.00, 0.00, 0.00, 47.82, 1.00, 35.21, 1.00, 0.00, 0.00, 29.78, 1.00, 0.00, 0.00, 0.00, 0.00, 2.98, 36.48, 22.47, 87.41, 22.53, 83.97, 22.10, 83.70, 21.99, 72.71, 39.58, 24.21, -999
02/08/16 15, 3.21, 1.58, 4.80, 3.02, 3.51, 5.50, 4.15, 90.85, 1.00, 90.86, 1.00, 0.00, 0.00, 32.30, 1.00, 0.00, 0.00, 0.00, 0.00, 47.71, 1.00, 0.00, 0.00, 0.00, 0.00, 31.99, 1.00, 0.00, 0.00, 0.00, 0.00, 2.98, 37.85, 21.74, 88.26, 21.80, 83.45, 30.20, 63.17, 30.08, 73.40, 41.50, 23.47, -999
02/08/16 16, 3.59, 0.73, 5.23, 3.07, 2.86, 5.50, 4.72, 91.27, 1.00, 91.29, 1.00, 0.00, 0.00, 32.77, 1.00, 0.00, 0.00, 0.00, 0.00, 46.97, 1.00, 0.00, 0.00, 0.00, 0.00, 31.86, 1.00, 0.00, 0.00, 0.00, 0.00, 2.98, 37.63, 20.92, 86.71, 20.98, 83.96, 30.18, 61.82, 30.06, 73.82, 41.34, 22.65, -999
02/08/16 17, 3.84, 0.67, 5.01, 3.35, 2.11, 5.17, 3.26, 95.16, 1.00, 95.18, 1.00, 0.00, 0.00, 0.00, 0.00, 0.00, 0.00, 0.00, 0.00, 49.30, 1.00, 0.00, 0.00, 0.00, 0.00, 0.00, 0.00, 0.00, 0.00, 101.81, 1.00, 2.98, 35.57, 27.47, 73.36, 27.43, 86.11, 31.43, 60.95, 31.43, 56.85, 30.13, 29.23, -999
02/08/16 18, 3.82, 1.21, 4.66, 3.70, 1.58, 5.13, 2.67, 95.81, 1.00, 95.83, 1.00, 0.00, 0.00, 0.00, 0.00, 0.00, 0.00, 0.00, 0.00, 49.79, 1.00, 35.64, 1.00, 0.00, 0.00, 31.00, 1.00, 0.00, 0.00, 96.52, 1.00, 2.98, 35.22, 27.62, 73.43, 27.58, 85.33, 21.47, 82.33, 21.36, 68.06, 30.25, 29.35, -999
02/08/16 19, 3.63, 1.70, 4.32, 3.79, 2.09, 5.35, 2.93, 97.32, 1.00, 97.34, 1.00, 0.00, 0.00, 0.00, 0.00, 0.00, 0.00, 0.00, 0.00, 49.36, 1.00, 35.58, 1.00, 0.00, 0.00, 30.87, 1.00, 0.00, 0.00, 89.44, 1.00, 2.97, 34.41, 27.71, 72.92, 27.67, 86.25, 20.57, 81.53, 20.46, 67.61, 30.29, 29.39, -999
02/08/16 20, 3.38, 2.11, 3.98, 4.08, 2.45, 5.50, 3.04, 96.80, 1.00, 96.81, 1.00, 0.00, 0.00, 0.00, 0.00, 0.00, 0.00, 0.00, 0.00, 50.14, 1.00, 35.70, 1.00, 0.00, 0.00, 30.83, 1.00, 0.00, 0.00, 88.76, 1.00, 2.98, 34.69, 28.04, 69.09, 28.00, 85.06, 20.79, 81.54, 20.68, 67.96, 30.62, 29.72, -999
02/08/16 21, 3.18, 2.51, 3.51, 3.96, 2.76, 5.50, 2.92, 97.12, 1.00, 97.14, 1.00, 0.00, 0.00, 0.00, 0.00, 0.00, 0.00, 0.00, 0.00, 50.34, 1.00, 35.53, 1.00, 0.00, 0.00, 30.62, 1.00, 0.00, 0.00, 85.43, 1.00, 2.97, 34.52, 28.26, 68.79, 28.21, 84.88, 20.63, 81.69, 20.52, 68.50, 30.82, 29.92, -999
02/08/16 22, 2.97, 2.87, 3.05, 3.77, 3.07, 5.50, 2.96, 98.28, 1.00, 98.30, 1.00, 0.00, 0.00, 0.00, 0.00, 0.00, 0.00, 0.00, 0.00, 50.45, 1.00, 34.93, 1.00, 0.00, 0.00, 30.65, 1.00, 0.00, 0.00, 79.36, 1.00, 2.97, 33.89, 28.33, 69.71, 28.29, 84.76, 20.01, 82.10, 19.90, 67.77, 30.86, 29.96, -999
02/08/16 23, 2.71, 2.92, 3.29, 3.58, 3.45, 5.50, 2.83, 97.26, 1.00, 97.28, 1.00, 0.00, 0.00, 35.87, 1.00, 0.00, 0.00, 0.00, 0.00, 49.81, 1.00, 35.26, 1.00, 0.00, 0.00, 30.64, 1.00, 0.00, 0.00, 87.58, 1.00, 2.97, 34.44, 27.31, 87.90, 27.38, 85.09, 20.45, 81.98, 20.34, 68.25, 30.31, 29.41, -999
03/08/16 00, 2.53, 2.93, 3.74, 3.64, 3.73, 5.50, 2.84, 97.84, 1.00, 97.86, 1.00, 0.00, 0.00, 35.14, 1.00, 0.00, 0.00, 0.00, 0.00, 49.89, 1.00, 34.62, 1.00, 0.00, 0.00, 30.53, 1.00, 0.00, 0.00, 84.72, 1.00, 2.97, 34.13, 27.33, 89.18, 27.40, 84.95, 20.25, 82.87, 20.14, 68.41, 30.30, 29.40, -999
03/08/16 01, 2.38, 2.94, 4.22, 3.64, 3.74, 5.50, 2.94, 96.24, 1.00, 96.25, 1.00, 0.00, 0.00, 33.35, 1.00, 0.00, 0.00, 0.00, 0.00, 48.57, 1.00, 0.00, 0.00, 0.00, 0.00, 30.95, 1.00, 0.00, 0.00, 90.92, 1.00, 2.98, 34.99, 27.45, 92.30, 27.51, 87.58, 27.53, 63.95, 27.42, 74.31, 30.43, 29.53, -999
03/08/16 02, 2.44, 3.03, 4.79, 4.21, 3.19, 5.50, 3.89, 95.90, 1.00, 95.92, 1.00, 0.00, 0.00, 34.36, 1.00, 0.00, 0.00, 0.00, 0.00, 48.57, 1.00, 0.00, 0.00, 0.00, 0.00, 30.46, 1.00, 0.00, 0.00, 91.70, 1.00, 2.98, 35.17, 27.53, 90.72, 27.60, 87.66, 27.75, 63.56, 27.64, 76.15, 30.52, 29.62, -999
03/08/16 03, 2.55, 3.30, 5.30, 4.02, 2.67, 5.50, 4.99, 94.17, 1.00, 94.19, 1.00, 0.00, 0.00, 33.50, 1.00, 0.00, 0.00, 0.00, 0.00, 0.00, 0.00, 0.00, 0.00, 0.00, 0.00, 0.00, 0.00, 0.00, 0.00, 85.53, 1.00, 2.98, 36.10, 30.05, 94.67, 30.15, 67.76, 31.13, 63.43, 31.13, 60.62, 32.62, 31.72, -999
03/08/16 04, 2.86, 4.03, 5.29, 3.03, 2.23, 5.23, 3.75, 92.86, 1.00, 92.88, 1.00, 0.00, 0.00, 0.00, 0.00, 0.00, 0.00, 0.00, 0.00, 0.00, 0.00, 0.00, 0.00, 0.00, 0.00, 0.00, 0.00, 0.00, 0.00, 73.43, 1.00, 2.98, 36.79, 32.70, 75.78, 32.70, 67.07, 31.91, 62.95, 31.91, 60.42, 35.00, 34.10, -999
03/08/16 05, 3.14, 4.45, 5.04, 3.70, 1.78, 4.99, 2.84, 93.73, 1.00, 93.74, 1.00, 0.00, 0.00, 0.00, 0.00, 0.00, 0.00, 0.00, 0.00, 49.22, 1.00, 0.00, 0.00, 0.00, 0.00, 0.00, 0.00, 0.00, 0.00, 86.65, 1.00, 2.98, 36.33, 30.32, 74.51, 30.29, 89.12, 31.61, 62.56, 31.61, 59.09, 32.89, 31.99, -999
03/08/16 06, 3.27, 4.81, 4.73, 4.41, 1.74, 5.14, 3.08, 94.67, 1.00, 94.69, 1.00, 0.00, 0.00, 0.00, 0.00, 0.00, 0.00, 0.00, 0.00, 49.36, 1.00, 35.33, 1.00, 0.00, 0.00, 30.67, 1.00, 0.00, 0.00, 79.75, 1.00, 2.98, 35.83, 30.35, 74.05, 30.31, 88.88, 21.87, 83.27, 21.76, 69.56, 32.87, 31.97, -999
03/08/16 07, 3.32, 5.43, 4.43, 3.58, 2.36, 5.45, 3.67, 95.00, 1.00, 95.01, 1.00, 0.00, 0.00, 0.00, 0.00, 0.00, 0.00, 0.00, 0.00, 0.00, 0.00, 35.49, 1.00, 0.00, 0.00, 30.68, 1.00, 0.00, 0.00, 58.62, 1.00, 2.98, 35.66, 32.85, 74.24, 32.85, 64.23, 21.63, 82.76, 21.52, 69.30, 35.08, 34.18, -999
03/08/16 08, 3.53, 5.20, 4.14, 3.19, 2.85, 5.50, 4.31, 91.77, 1.00, 91.79, 1.00, 0.00, 0.00, 0.00, 0.00, 0.00, 0.00, 0.00, 0.00, 48.41, 1.00, 35.80, 1.00, 0.00, 0.00, 29.64, 1.00, 0.00, 0.00, 0.00, 0.00, 2.98, 37.37, 28.33, 72.43, 28.29, 88.66, 23.07, 83.65, 22.97, 74.13, 40.70, 29.69, -999
03/08/16 09, 3.81, 4.69, 3.79, 3.95, 3.38, 5.38, 4.22, 90.75, 1.00, 90.76, 1.00, 0.00, 0.00, 0.00, 0.00, 0.00, 0.00, 0.00, 0.00, 49.82, 1.00, 38.25, 1.00, 0.00, 0.00, 0.00, 0.00, 0.00, 0.00, 0.00, 0.00, 2.98, 37.91, 27.71, 69.24, 27.67, 85.36, 29.56, 85.56, 29.56, 56.17, 41.64, 29.09, -999
03/08/16 10, 4.13, 4.16, 3.33, 3.98, 3.78, 5.03, 2.50, 92.08, 1.00, 92.10, 1.00, 0.00, 0.00, 0.00, 0.00, 0.00, 0.00, 0.00, 0.00, 49.58, 1.00, 35.46, 1.00, 0.00, 0.00, 31.64, 1.00, 0.00, 0.00, 0.00, 0.00, 2.98, 37.20, 27.20, 71.36, 27.16, 85.32, 22.75, 83.93, 22.63, 67.17, 40.69, 28.57, -999
03/08/16 11, 4.39, 3.60, 3.05, 4.02, 3.63, 5.20, 2.52, 89.79, 1.00, 89.81, 1.00, 0.00, 0.00, 34.61, 1.00, 0.00, 0.00, 0.00, 0.00, 47.15, 1.00, 0.00, 0.00, 0.00, 0.00, 33.35, 1.00, 0.00, 0.00, 0.00, 0.00, 2.98, 38.41, 23.55, 86.32, 23.62, 86.27, 30.99, 62.68, 30.86, 69.24, 42.40, 25.31, -999
03/08/16 12, 4.59, 2.73, 3.47, 4.46, 2.89, 5.46, 2.86, 111.67, 1.00, 0.00, 0.00, 0.00, 0.00, 32.39, 1.00, 0.00, 0.00, 0.00, 0.00, 47.90, 1.00, 0.00, 0.00, 0.00, 0.00, 33.17, 1.00, 0.00, 0.00, 0.00, 0.00, 2.99, 26.51, 22.86, 89.25, 22.92, 84.22, 29.42, 62.43, 29.29, 68.36, 39.03, 24.59, -999
03/08/16 13, 4.66, 1.88, 3.97, 4.29, 2.23, 5.50, 3.06, 112.43, 1.00, 0.00, 0.00, 0.00, 0.00, 33.50, 1.00, 0.00, 0.00, 0.00, 0.00, 46.61, 1.00, 0.00, 0.00, 0.00, 0.00, 32.71, 1.00, 0.00, 0.00, 0.00, 0.00, 2.99, 26.08, 22.03, 86.63, 22.09, 85.69, 29.28, 61.69, 29.16, 69.90, 38.76, 23.76, -999
03/08/16 14, 4.65, 1.16, 4.38, 4.24, 1.55, 5.50, 3.16, 111.39, 1.00, 0.00, 0.00, 0.00, 0.00, 34.65, 1.00, 0.00, 0.00, 0.00, 0.00, 0.00, 0.00, 0.00, 0.00, 0.00, 0.00, 31.74, 1.00, 0.00, 0.00, 0.00, 0.00, 2.99, 26.67, 25.04, 87.74, 25.15, 62.72, 29.76, 60.37, 29.64, 73.80, 39.18, 26.43, -999
03/08/16 15, 4.59, 0.79, 4.80, 2.67, 1.88, 5.50, 3.82, 113.13, 1.00, 0.00, 0.00, 0.00, 0.00, 32.03, 1.00, 0.00, 0.00, 0.00, 0.00, 47.13, 1.00, 36.02, 1.00, 0.00, 0.00, 30.30, 1.00, 0.00, 0.00, 0.00, 0.00, 2.99, 25.69, 21.04, 87.98, 21.10, 83.80, 22.27, 82.45, 22.16, 71.19, 38.29, 22.76, -999
03/08/16 16, 4.17, 0.55, 5.26, 2.96, 2.31, 5.50, 4.19, 118.53, 1.00, 0.00, 0.00, 0.00, 0.00, 33.71, 1.00, 0.00, 0.00, 0.00, 0.00, 48.75, 1.00, 35.12, 1.00, 0.00, 0.00, 29.40, 1.00, 0.00, 0.00, 91.84, 1.00, 2.99, 22.60, 25.07, 89.33, 25.13, 84.87, 19.71, 81.46, 19.60, 71.49, 28.05, 27.15, -999
03/08/16 17, 3.69, 0.91, 4.96, 3.22, 2.69, 5.50, 4.66, 118.41, 1.00, 0.00, 0.00, 0.00, 0.00, 0.00, 0.00, 0.00, 0.00, 0.00, 0.00, 48.79, 1.00, 34.85, 1.00, 0.00, 0.00, 29.67, 1.00, 0.00, 0.00, 83.20, 1.00, 2.99, 22.67, 26.63, 73.38, 26.60, 86.25, 19.72, 81.95, 19.61, 70.67, 29.17, 28.27, -999
03/08/16 18, 3.26, 1.27, 4.62, 3.65, 3.12, 5.40, 4.35, 117.32, 1.00, 0.00, 0.00, 0.00, 0.00, 0.00, 0.00, 0.00, 0.00, 0.00, 0.00, 49.19, 1.00, 36.87, 1.00, 0.00, 0.00, 0.00, 0.00, 0.00, 0.00, 85.42, 1.00, 2.99, 23.30, 27.09, 72.07, 27.05, 85.95, 25.95, 84.54, 25.95, 56.71, 29.64, 28.74, -999
03/08/16 19, 2.93, 1.64, 4.23, 3.93, 3.59, 4.98, 2.41, 120.70, 1.00, 0.00, 0.00, 0.00, 0.00, 0.00, 0.00, 0.00, 0.00, 0.00, 0.00, 50.02, 1.00, 34.31, 1.00, 0.00, 0.00, 30.53, 1.00, 0.00, 0.00, 69.99, 1.00, 2.99, 21.34, 26.79, 72.75, 26.75, 84.05, 18.12, 81.27, 18.01, 66.32, 29.26, 28.36, -999
03/08/16 20, 2.43, 1.84, 3.88, 3.45, 3.86, 5.08, 2.24, 120.92, 1.00, 0.00, 0.00, 0.00, 0.00, 0.00, 0.00, 0.00, 0.00, 0.00, 0.00, 50.04, 1.00, 34.52, 1.00, 0.00, 0.00, 30.56, 1.00, 0.00, 0.00, 67.20, 1.00, 2.99, 21.21, 26.91, 70.38, 26.87, 84.13, 17.87, 80.67, 17.76, 65.94, 29.36, 28.46, -999
03/08/16 21, 1.96, 2.01, 3.46, 3.24, 3.98, 5.11, 1.92, 121.89, 1.00, 0.00, 0.00, 0.00, 0.00, 0.00, 0.00, 0.00, 0.00, 0.00, 0.00, 50.10, 1.00, 33.99, 1.00, 0.00, 0.00, 30.40, 1.00, 0.00, 0.00, 61.11, 1.00, 2.99, 20.65, 26.93, 66.20, 26.89, 84.03, 17.38, 81.07, 17.27, 65.97, 29.36, 28.46, -999
03/08/16 22, 1.56, 2.18, 2.92, 3.06, 3.39, 5.21, 1.80, 119.32, 1.00, 0.00, 0.00, 0.00, 0.00, 35.91, 1.00, 0.00, 0.00, 0.00, 0.00, 49.62, 1.00, 0.00, 0.00, 0.00, 0.00, 32.44, 1.00, 0.00, 0.00, 75.79, 1.00, 2.99, 22.14, 26.48, 87.18, 26.55, 84.63, 25.16, 61.87, 25.03, 66.73, 29.41, 28.51, -999
03/08/16 23, 1.27, 2.07, 3.36, 3.15, 2.57, 5.30, 1.66, 120.12, 1.00, 0.00, 0.00, 0.00, 0.00, 34.76, 1.00, 0.00, 0.00, 0.00, 0.00, 49.54, 1.00, 0.00, 0.00, 0.00, 0.00, 32.17, 1.00, 0.00, 0.00, 72.83, 1.00, 2.99, 21.68, 26.36, 88.88, 26.43, 84.67, 24.71, 61.17, 24.59, 67.25, 29.26, 28.36, -999
04/08/16 00, 1.00, 1.97, 3.85, 3.24, 1.76, 5.45, 1.77, 98.09, 1.00, 98.11, 1.00, 0.00, 0.00, 34.65, 1.00, 0.00, 0.00, 0.00, 0.00, 49.24, 1.00, 0.00, 0.00, 0.00, 0.00, 32.08, 1.00, 0.00, 0.00, 87.65, 1.00, 2.97, 34.00, 26.39, 89.09, 26.46, 85.27, 25.90, 61.09, 25.78, 68.76, 29.37, 28.47, -999
04/08/16 01, 0.97, 2.00, 4.33, 3.46, 1.63, 5.50, 2.40, 97.83, 1.00, 97.85, 1.00, 0.00, 0.00, 32.91, 1.00, 0.00, 0.00, 0.00, 0.00, 48.18, 1.00, 34.57, 1.00, 0.00, 0.00, 29.49, 1.00, 0.00, 0.00, 87.42, 1.00, 2.97, 34.14, 26.49, 92.05, 26.55, 87.34, 19.87, 82.57, 19.77, 71.38, 29.43, 28.53, -999
04/08/16 02, 0.92, 2.06, 4.89, 4.06, 2.25, 5.50, 3.13, 97.63, 1.00, 97.65, 1.00, 0.00, 0.00, 33.22, 1.00, 0.00, 0.00, 0.00, 0.00, 48.49, 1.00, 34.67, 1.00, 0.00, 0.00, 28.75, 1.00, 0.00, 0.00, 87.55, 1.00, 2.97, 34.24, 26.54, 91.60, 26.60, 86.82, 20.07, 82.60, 19.97, 73.86, 29.49, 28.59, -999
04/08/16 03, 0.90, 2.13, 5.42, 4.47, 2.80, 5.50, 4.15, 97.15, 1.00, 97.17, 1.00, 0.00, 0.00, 0.00, 0.00, 0.00, 0.00, 0.00, 0.00, 47.88, 1.00, 34.31, 1.00, 0.00, 0.00, 28.30, 1.00, 0.00, 0.00, 82.32, 1.00, 2.97, 34.50, 27.86, 76.14, 27.82, 89.16, 20.40, 83.54, 20.31, 75.55, 30.39, 29.49, -999
04/08/16 04, 1.01, 2.75, 5.18, 3.97, 3.44, 5.44, 4.72, 96.02, 1.00, 96.04, 1.00, 0.00, 0.00, 0.00, 0.00, 0.00, 0.00, 0.00, 0.00, 0.00, 0.00, 35.87, 1.00, 0.00, 0.00, 0.00, 0.00, 0.00, 0.00, 66.54, 1.00, 2.98, 35.11, 30.81, 75.50, 30.81, 69.67, 26.25, 86.63, 26.25, 61.00, 33.08, 32.18, -999
04/08/16 05, 1.22, 3.45, 4.92, 3.31, 4.16, 5.21, 3.70, 94.79, 1.00, 94.81, 1.00, 0.00, 0.00, 0.00, 0.00, 0.00, 0.00, 0.00, 0.00, 0.00, 0.00, 0.00, 0.00, 0.00, 0.00, 0.00, 0.00, 0.00, 0.00, 68.62, 1.00, 2.98, 35.77, 31.69, 75.87, 31.69, 66.65, 30.32, 64.84, 30.32, 59.27, 33.97, 33.07, -999
04/08/16 06, 1.52, 3.91, 4.70, 3.45, 3.70, 4.93, 2.52, 95.95, 1.00, 95.97, 1.00, 0.00, 0.00, 0.00, 0.00, 0.00, 0.00, 0.00, 0.00, 49.33, 1.00, 0.00, 0.00, 0.00, 0.00, 31.92, 1.00, 0.00, 0.00, 78.51, 1.00, 2.98, 35.15, 29.39, 75.28, 29.35, 87.99, 27.04, 62.82, 26.92, 70.48, 31.91, 31.01, -999
04/08/16 07, 1.69, 4.21, 4.45, 4.04, 2.97, 5.28, 3.29, 97.60, 1.00, 97.62, 1.00, 0.00, 0.00, 0.00, 0.00, 0.00, 0.00, 0.00, 0.00, 49.33, 1.00, 0.00, 0.00, 0.00, 0.00, 31.72, 1.00, 0.00, 0.00, 71.35, 1.00, 2.97, 34.26, 29.43, 74.22, 29.39, 88.01, 26.53, 63.59, 26.41, 70.66, 31.90, 31.00, -999
04/08/16 08, 1.74, 4.49, 4.17, 4.36, 2.50, 5.50, 4.09, 95.77, 1.00, 95.79, 1.00, 0.00, 0.00, 0.00, 0.00, 0.00, 0.00, 0.00, 0.00, 0.00, 0.00, 0.00, 0.00, 0.00, 0.00, 31.41, 1.00, 0.00, 0.00, 59.55, 1.00, 2.98, 35.25, 31.98, 69.32, 31.98, 68.07, 27.33, 62.61, 27.22, 72.53, 34.22, 33.32, -999
04/08/16 09, 1.93, 5.11, 3.70, 3.37, 1.93, 5.50, 4.58, 96.72, 1.00, 96.74, 1.00, 0.00, 0.00, 0.00, 0.00, 0.00, 0.00, 0.00, 0.00, 0.00, 0.00, 0.00, 0.00, 0.00, 0.00, 31.38, 1.00, 0.00, 0.00, 53.35, 1.00, 2.98, 34.74, 32.14, 69.35, 32.14, 59.26, 27.04, 60.26, 26.92, 72.34, 34.35, 33.45, -999
04/08/16 10, 1.96, 5.35, 3.25, 2.95, 1.67, 5.40, 4.36, 96.97, 1.00, 96.99, 1.00, 0.00, 0.00, 0.00, 0.00, 0.00, 0.00, 0.00, 0.00, 51.57, 1.00, 37.67, 1.00, 0.00, 0.00, 0.00, 0.00, 0.00, 0.00, 66.72, 1.00, 2.98, 34.60, 30.35, 70.57, 30.31, 84.51, 26.06, 83.16, 26.06, 57.45, 32.82, 31.92, -999
04/08/16 11, 2.01, 5.38, 3.19, 2.77, 2.07, 5.01, 2.57, 96.86, 1.00, 96.88, 1.00, 0.00, 0.00, 36.05, 1.00, 0.00, 0.00, 0.00, 0.00, 50.88, 1.00, 36.96, 1.00, 0.00, 0.00, 0.00, 0.00, 0.00, 0.00, 70.72, 1.00, 2.98, 34.66, 29.53, 89.80, 29.60, 85.20, 26.25, 84.67, 26.25, 56.06, 32.45, 31.55, -999
04/08/16 12, 1.97, 5.20, 3.70, 2.90, 2.60, 5.05, 2.28, 96.50, 1.00, 96.52, 1.00, 0.00, 0.00, 35.92, 1.00, 0.00, 0.00, 0.00, 0.00, 50.80, 1.00, 34.89, 1.00, 0.00, 0.00, 31.22, 1.00, 0.00, 0.00, 72.36, 1.00, 2.98, 34.85, 29.40, 89.90, 29.47, 85.22, 20.38, 82.55, 20.26, 66.24, 32.32, 31.42, -999
04/08/16 13, 1.95, 5.05, 4.20, 3.02, 3.09, 5.11, 2.00, 97.16, 1.00, 97.18, 1.00, 0.00, 0.00, 36.59, 1.00, 0.00, 0.00, 0.00, 0.00, 51.14, 1.00, 34.04, 1.00, 0.00, 0.00, 30.41, 1.00, 0.00, 0.00, 71.34, 1.00, 2.97, 34.50, 29.19, 88.49, 29.26, 84.34, 20.51, 84.11, 20.40, 69.06, 32.12, 31.22, -999
04/08/16 14, 1.88, 4.88, 4.64, 2.84, 3.75, 5.41, 2.70, 97.18, 1.00, 97.20, 1.00, 0.00, 0.00, 35.67, 1.00, 0.00, 0.00, 0.00, 0.00, 50.19, 1.00, 34.94, 1.00, 0.00, 0.00, 30.58, 1.00, 0.00, 0.00, 71.90, 1.00, 2.97, 34.49, 29.10, 90.05, 29.17, 86.14, 20.20, 82.28, 20.09, 68.21, 32.01, 31.11, -999
04/08/16 15, 1.84, 4.74, 5.12, 3.20, 3.81, 5.50, 3.20, 97.17, 1.00, 97.19, 1.00, 0.00, 0.00, 35.30, 1.00, 0.00, 0.00, 0.00, 0.00, 50.00, 1.00, 0.00, 0.00, 0.00, 0.00, 31.23, 1.00, 0.00, 0.00, 73.54, 1.00, 2.97, 34.49, 29.01, 90.60, 29.08, 86.42, 26.84, 62.79, 26.73, 72.67, 31.93, 31.03, -999
04/08/16 16, 1.91, 4.79, 5.17, 3.56, 3.06, 5.50, 3.86, 96.62, 1.00, 96.64, 1.00, 0.00, 0.00, 0.00, 0.00, 0.00, 0.00, 0.00, 0.00, 50.50, 1.00, 0.00, 0.00, 0.00, 0.00, 30.89, 1.00, 0.00, 0.00, 71.71, 1.00, 2.98, 34.79, 29.97, 72.01, 29.93, 86.29, 27.13, 62.14, 27.02, 74.09, 32.46, 31.56, -999
04/08/16 17, 2.02, 5.01, 4.76, 3.79, 2.33, 5.50, 4.66, 97.12, 1.00, 97.13, 1.00, 0.00, 0.00, 0.00, 0.00, 0.00, 0.00, 0.00, 0.00, 50.25, 1.00, 0.00, 0.00, 0.00, 0.00, 30.75, 1.00, 0.00, 0.00, 68.70, 1.00, 2.97, 34.52, 30.11, 73.93, 30.07, 86.92, 27.03, 60.94, 26.92, 74.45, 32.58, 31.68, -999
04/08/16 18, 2.18, 5.23, 4.45, 4.12, 1.52, 5.23, 3.53, 95.54, 1.00, 95.56, 1.00, 0.00, 0.00, 0.00, 0.00, 0.00, 0.00, 0.00, 0.00, 50.70, 1.00, 0.00, 0.00, 0.00, 0.00, 0.00, 0.00, 0.00, 0.00, 74.82, 1.00, 2.98, 35.37, 30.51, 72.70, 30.47, 86.42, 30.47, 60.69, 30.47, 57.37, 33.02, 32.12, -999
04/08/16 19, 2.25, 5.45, 4.09, 4.24, 1.69, 5.08, 2.61, 96.85, 1.00, 96.87, 1.00, 0.00, 0.00, 0.00, 0.00, 0.00, 0.00, 0.00, 0.00, 50.08, 1.00, 35.21, 1.00, 0.00, 0.00, 31.11, 1.00, 0.00, 0.00, 66.37, 1.00, 2.98, 34.67, 30.49, 71.90, 30.45, 87.63, 20.31, 81.91, 20.19, 66.54, 32.94, 32.04, -999
04/08/16 20, 2.33, 5.40, 3.72, 4.10, 2.18, 5.17, 2.38, 92.93, 1.00, 92.95, 1.00, 0.00, 0.00, 0.00, 0.00, 0.00, 0.00, 0.00, 0.00, 0.00, 0.00, 35.99, 1.00, 0.00, 0.00, 31.46, 1.00, 0.00, 0.00, 0.00, 0.00, 2.98, 36.75, 30.40, 66.72, 30.40, 63.76, 21.47, 81.70, 21.35, 66.51, 39.68, 31.59, -999
04/08/16 21, 2.58, 5.27, 3.18, 3.06, 2.52, 5.25, 2.14, 94.59, 1.00, 94.61, 1.00, 0.00, 0.00, 0.00, 0.00, 0.00, 0.00, 0.00, 0.00, 50.58, 1.00, 35.44, 1.00, 0.00, 0.00, 31.24, 1.00, 0.00, 0.00, 0.00, 0.00, 2.98, 35.87, 28.24, 69.99, 28.20, 84.39, 20.96, 82.17, 20.84, 66.74, 38.84, 29.62, -999
04/08/16 22, 2.72, 4.53, 3.24, 2.94, 2.92, 5.36, 2.07, 94.31, 1.00, 94.33, 1.00, 0.00, 0.00, 35.72, 1.00, 0.00, 0.00, 0.00, 0.00, 48.97, 1.00, 35.91, 1.00, 0.00, 0.00, 31.21, 1.00, 0.00, 0.00, 0.00, 0.00, 2.98, 36.02, 24.15, 85.00, 24.22, 83.53, 21.04, 81.42, 20.93, 66.92, 39.03, 25.94, -999
04/08/16 23, 2.87, 3.64, 3.60, 2.86, 3.13, 5.49, 2.08, 93.06, 1.00, 93.08, 1.00, 0.00, 0.00, 35.21, 1.00, 0.00, 0.00, 0.00, 0.00, 48.75, 1.00, 35.64, 1.00, 0.00, 0.00, 31.48, 1.00, 0.00, 0.00, 0.00, 0.00, 2.98, 36.69, 23.34, 85.08, 23.41, 83.14, 21.71, 82.57, 21.60, 66.69, 39.76, 25.12, -999
05/08/16 00, 3.08, 2.75, 3.95, 2.72, 3.49, 5.50, 2.04, 92.67, 1.00, 92.69, 1.00, 0.00, 0.00, 33.07, 1.00, 0.00, 0.00, 0.00, 0.00, 47.84, 1.00, 35.30, 1.00, 0.00, 0.00, 30.75, 1.00, 0.00, 0.00, 0.00, 0.00, 2.98, 36.89, 22.81, 88.11, 22.86, 84.29, 22.27, 83.73, 22.16, 69.70, 40.05, 24.54, -999
05/08/16 01, 3.29, 1.89, 4.41, 2.99, 3.98, 5.50, 2.46, 91.50, 1.00, 91.52, 1.00, 0.00, 0.00, 32.86, 1.00, 0.00, 0.00, 0.00, 0.00, 47.02, 1.00, 35.82, 1.00, 0.00, 0.00, 30.57, 1.00, 0.00, 0.00, 0.00, 0.00, 2.98, 37.51, 22.06, 87.70, 22.12, 85.01, 22.86, 83.40, 22.75, 70.88, 40.78, 23.79, -999
05/08/16 02, 3.67, 1.05, 4.84, 3.40, 3.45, 5.50, 3.13, 89.03, 1.00, 89.04, 1.00, 0.00, 0.00, 31.31, 1.00, 0.00, 0.00, 0.00, 0.00, 46.33, 1.00, 0.00, 0.00, 0.00, 0.00, 31.15, 1.00, 0.00, 0.00, 0.00, 0.00, 2.98, 38.81, 21.47, 89.51, 21.52, 85.62, 31.40, 64.00, 31.29, 77.51, 42.71, 23.17, -999
05/08/16 03, 3.98, 0.53, 5.29, 3.91, 2.96, 5.50, 4.42, 94.05, 1.00, 94.07, 1.00, 0.00, 0.00, 0.00, 0.00, 0.00, 0.00, 0.00, 0.00, 48.19, 1.00, 0.00, 0.00, 0.00, 0.00, 30.31, 1.00, 0.00, 0.00, 104.41, 1.00, 2.98, 36.16, 27.59, 75.67, 27.56, 88.33, 29.32, 63.68, 29.22, 78.23, 30.27, 29.37, -999
05/08/16 04, 4.12, 1.13, 5.03, 4.57, 2.51, 5.37, 4.39, 92.39, 1.00, 92.41, 1.00, 0.00, 0.00, 0.00, 0.00, 0.00, 0.00, 0.00, 0.00, 0.00, 0.00, 0.00, 0.00, 0.00, 0.00, 0.00, 0.00, 0.00, 0.00, 88.52, 1.00, 2.98, 37.04, 31.32, 76.25, 31.32, 70.14, 32.64, 63.77, 32.64, 60.82, 33.71, 32.81, -999
05/08/16 05, 4.39, 2.06, 4.83, 3.89, 2.20, 5.14, 3.42, 93.30, 1.00, 93.31, 1.00, 0.00, 0.00, 0.00, 0.00, 0.00, 0.00, 0.00, 0.00, 0.00, 0.00, 0.00, 0.00, 0.00, 0.00, 0.00, 0.00, 0.00, 0.00, 82.65, 1.00, 2.98, 36.56, 31.63, 75.67, 31.63, 68.21, 32.47, 62.55, 32.47, 60.97, 33.99, 33.09, -999
05/08/16 06, 4.52, 2.90, 4.60, 3.01, 1.68, 4.94, 2.89, 113.40, 1.00, 0.00, 0.00, 0.00, 0.00, 0.00, 0.00, 0.00, 0.00, 0.00, 0.00, 48.98, 1.00, 0.00, 0.00, 0.00, 0.00, 0.00, 0.00, 0.00, 0.00, 90.38, 1.00, 2.99, 25.54, 28.99, 74.04, 28.95, 88.25, 31.66, 62.88, 31.66, 58.63, 31.58, 30.68, -999
05/08/16 07, 4.24, 3.28, 4.29, 3.71, 1.86, 5.06, 2.98, 115.45, 1.00, 0.00, 0.00, 0.00, 0.00, 0.00, 0.00, 0.00, 0.00, 0.00, 0.00, 49.84, 1.00, 35.39, 1.00, 0.00, 0.00, 30.97, 1.00, 0.00, 0.00, 80.02, 1.00, 2.99, 24.36, 28.80, 74.94, 28.76, 86.42, 21.12, 82.42, 21.01, 67.83, 31.33, 30.43, -999
05/08/16 08, 3.89, 3.58, 4.05, 4.00, 2.36, 5.27, 3.12, 118.08, 1.00, 0.00, 0.00, 0.00, 0.00, 0.00, 0.00, 0.00, 0.00, 0.00, 0.00, 49.91, 1.00, 35.28, 1.00, 0.00, 0.00, 30.64, 1.00, 0.00, 0.00, 67.95, 1.00, 2.99, 22.85, 28.67, 74.06, 28.63, 86.15, 19.57, 81.06, 19.46, 67.39, 31.13, 30.23, -999
05/08/16 09, 3.45, 3.76, 3.78, 4.18, 2.67, 5.43, 3.10, 118.23, 1.00, 0.00, 0.00, 0.00, 0.00, 0.00, 0.00, 0.00, 0.00, 0.00, 0.00, 50.34, 1.00, 34.68, 1.00, 0.00, 0.00, 30.85, 1.00, 0.00, 0.00, 65.64, 1.00, 2.99, 22.77, 28.77, 69.50, 28.73, 85.40, 19.53, 82.07, 19.42, 66.64, 31.23, 30.33, -999
05/08/16 10, 3.03, 3.91, 3.33, 4.10, 3.11, 5.48, 2.75, 118.19, 1.00, 0.00, 0.00, 0.00, 0.00, 0.00, 0.00, 0.00, 0.00, 0.00, 0.00, 50.01, 1.00, 35.05, 1.00, 0.00, 0.00, 30.78, 1.00, 0.00, 0.00, 64.11, 1.00, 2.99, 22.79, 28.90, 71.58, 28.86, 86.18, 19.45, 81.35, 19.34, 66.80, 31.34, 30.44, -999
05/08/16 11, 2.65, 4.02, 3.04, 4.25, 3.38, 5.50, 2.65, 118.36, 1.00, 0.00, 0.00, 0.00, 0.00, 36.30, 1.00, 0.00, 0.00, 0.00, 0.00, 50.02, 1.00, 34.46, 1.00, 0.00, 0.00, 30.30, 1.00, 0.00, 0.00, 66.37, 1.00, 2.99, 22.70, 28.07, 87.89, 28.14, 85.45, 19.58, 82.48, 19.47, 68.50, 30.96, 30.06, -999
05/08/16 12, 2.28, 3.81, 3.50, 4.20, 3.82, 5.50, 2.78, 118.71, 1.00, 0.00, 0.00, 0.00, 0.00, 33.47, 1.00, 0.00, 0.00, 0.00, 0.00, 50.04, 1.00, 34.60, 1.00, 0.00, 0.00, 29.74, 1.00, 0.00, 0.00, 65.48, 1.00, 2.99, 22.49, 27.96, 92.61, 28.01, 85.28, 19.43, 82.08, 19.33, 70.15, 30.80, 29.90, -999
05/08/16 13, 1.98, 3.64, 4.09, 4.11, 3.66, 5.50, 3.29, 117.42, 1.00, 0.00, 0.00, 0.00, 0.00, 34.39, 1.00, 0.00, 0.00, 0.00, 0.00, 48.35, 1.00, 0.00, 0.00, 0.00, 0.00, 31.45, 1.00, 0.00, 0.00, 72.87, 1.00, 2.99, 23.24, 27.98, 91.12, 28.04, 88.51, 26.42, 63.78, 26.30, 71.49, 30.86, 29.96, -999
05/08/16 14, 1.80, 3.71, 4.63, 4.10, 3.09, 5.50, 3.74, 117.77, 1.00, 0.00, 0.00, 0.00, 0.00, 35.93, 1.00, 0.00, 0.00, 0.00, 0.00, 0.00, 0.00, 0.00, 0.00, 0.00, 0.00, 31.25, 1.00, 0.00, 0.00, 63.85, 1.00, 2.99, 23.04, 29.11, 89.59, 29.22, 64.26, 26.25, 62.16, 26.14, 72.00, 31.58, 30.68, -999
05/08/16 15, 1.61, 3.90, 5.09, 3.06, 2.35, 5.50, 4.21, 117.91, 1.00, 0.00, 0.00, 0.00, 0.00, 34.24, 1.00, 0.00, 0.00, 0.00, 0.00, 49.96, 1.00, 0.00, 0.00, 0.00, 0.00, 31.19, 1.00, 0.00, 0.00, 68.64, 1.00, 2.99, 22.95, 28.10, 91.48, 28.16, 85.58, 26.13, 61.48, 26.01, 72.06, 30.97, 30.07, -999
05/08/16 16, 1.43, 3.89, 5.19, 3.31, 1.62, 5.50, 4.63, 118.40, 1.00, 0.00, 0.00, 0.00, 0.00, 0.00, 0.00, 0.00, 0.00, 0.00, 0.00, 50.13, 1.00, 0.00, 0.00, 0.00, 0.00, 31.11, 1.00, 0.00, 0.00, 62.69, 1.00, 2.99, 22.67, 28.85, 72.54, 28.80, 85.88, 25.86, 61.04, 25.74, 72.08, 31.28, 30.38, -999
05/08/16 17, 1.18, 3.98, 4.80, 3.54, 1.80, 5.40, 4.34, 118.48, 1.00, 0.00, 0.00, 0.00, 0.00, 0.00, 0.00, 0.00, 0.00, 0.00, 0.00, 50.09, 1.00, 36.77, 1.00, 0.00, 0.00, 0.00, 0.00, 0.00, 0.00, 60.87, 1.00, 2.99, 22.63, 28.90, 72.91, 28.86, 86.02, 24.98, 83.75, 24.98, 58.02, 31.33, 30.43, -999
05/08/16 18, 1.00, 4.09, 4.44, 3.77, 2.33, 5.03, 2.67, 118.83, 1.00, 0.00, 0.00, 0.00, 0.00, 0.00, 0.00, 0.00, 0.00, 0.00, 0.00, 50.17, 1.00, 36.44, 1.00, 0.00, 0.00, 0.00, 0.00, 0.00, 0.00, 58.04, 1.00, 2.99, 22.42, 28.96, 72.00, 28.92, 85.92, 24.81, 84.19, 24.81, 55.22, 31.37, 30.47, -999
05/08/16 19, 1.02, 4.29, 4.05, 3.92, 2.84, 5.03, 2.20, 98.70, 1.00, 98.72, 1.00, 0.00, 0.00, 0.00, 0.00, 0.00, 0.00, 0.00, 0.00, 50.50, 1.00, 34.67, 1.00, 0.00, 0.00, 30.86, 1.00, 0.00, 0.00, 64.60, 1.00, 2.97, 33.67, 29.27, 71.96, 29.23, 85.59, 19.06, 81.59, 18.94, 66.12, 31.72, 30.82, -999
05/08/16 20, 0.92, 4.43, 3.68, 3.93, 3.21, 5.09, 1.94, 98.41, 1.00, 98.43, 1.00, 0.00, 0.00, 0.00, 0.00, 0.00, 0.00, 0.00, 0.00, 50.40, 1.00, 35.05, 1.00, 0.00, 0.00, 30.81, 1.00, 0.00, 0.00, 64.33, 1.00, 2.97, 33.83, 29.41, 70.84, 29.37, 85.92, 19.06, 80.95, 18.95, 66.29, 31.86, 30.96, -999
05/08/16 21, 0.86, 4.57, 3.28, 4.03, 3.41, 5.19, 1.83, 99.06, 1.00, 99.08, 1.00, 0.00, 0.00, 0.00, 0.00, 0.00, 0.00, 0.00, 0.00, 50.85, 1.00, 34.44, 1.00, 0.00, 0.00, 30.88, 1.00, 0.00, 0.00, 60.58, 1.00, 2.97, 33.47, 29.47, 70.96, 29.43, 85.09, 18.85, 81.79, 18.74, 65.86, 31.90, 31.00, -999
05/08/16 22, 0.75, 4.67, 2.91, 3.81, 3.76, 5.19, 1.52, 98.75, 1.00, 98.77, 1.00, 0.00, 0.00, 36.98, 1.00, 0.00, 0.00, 0.00, 0.00, 50.59, 1.00, 34.69, 1.00, 0.00, 0.00, 30.95, 1.00, 0.00, 0.00, 65.20, 1.00, 2.97, 33.64, 28.62, 87.27, 28.70, 84.87, 18.88, 81.39, 18.77, 65.64, 31.53, 30.63, -999
05/08/16 23, 0.67, 4.44, 3.35, 3.63, 3.99, 5.15, 1.15, 98.53, 1.00, 98.55, 1.00, 0.00, 0.00, 36.76, 1.00, 0.00, 0.00, 0.00, 0.00, 50.43, 1.00, 34.45, 1.00, 0.00, 0.00, 30.88, 1.00, 0.00, 0.00, 67.25, 1.00, 2.97, 33.76, 28.47, 87.47, 28.55, 85.04, 19.02, 81.94, 18.91, 66.01, 31.38, 30.48, -999
06/08/16 00, 0.75, 4.25, 3.78, 3.58, 3.21, 5.27, 1.21, 98.00, 1.00, 98.01, 1.00, 0.00, 0.00, 35.49, 1.00, 0.00, 0.00, 0.00, 0.00, 49.75, 1.00, 0.00, 0.00, 0.00, 0.00, 32.31, 1.00, 0.00, 0.00, 71.14, 1.00, 2.97, 34.05, 28.47, 89.72, 28.54, 86.36, 25.75, 62.55, 25.63, 67.80, 31.37, 30.47, -999
06/08/16 01, 0.85, 4.11, 4.28, 3.89, 2.51, 5.47, 1.56, 97.07, 1.00, 97.09, 1.00, 0.00, 0.00, 34.39, 1.00, 0.00, 0.00, 0.00, 0.00, 48.83, 1.00, 0.00, 0.00, 0.00, 0.00, 32.02, 1.00, 0.00, 0.00, 75.81, 1.00, 2.97, 34.55, 28.48, 91.62, 28.54, 88.12, 26.22, 62.61, 26.10, 69.28, 31.38, 30.48, -999
06/08/16 02, 1.00, 4.04, 4.82, 4.48, 1.94, 5.50, 2.47, 96.92, 1.00, 96.94, 1.00, 0.00, 0.00, 33.76, 1.00, 0.00, 0.00, 0.00, 0.00, 48.72, 1.00, 0.00, 0.00, 0.00, 0.00, 30.56, 1.00, 0.00, 0.00, 77.30, 1.00, 2.98, 34.63, 28.44, 92.64, 28.51, 88.30, 26.57, 61.99, 26.46, 74.66, 31.34, 30.44, -999
06/08/16 03, 1.16, 4.43, 5.26, 3.43, 1.63, 5.50, 3.52, 96.10, 1.00, 96.12, 1.00, 0.00, 0.00, 0.00, 0.00, 0.00, 0.00, 0.00, 0.00, 0.00, 0.00, 34.76, 1.00, 0.00, 0.00, 28.81, 1.00, 0.00, 0.00, 56.52, 1.00, 2.98, 35.07, 31.70, 75.71, 31.70, 67.28, 20.66, 83.03, 20.56, 74.28, 33.92, 33.02, -999
06/08/16 04, 1.25, 4.84, 5.01, 3.29, 2.28, 5.50, 4.55, 96.02, 1.00, 96.04, 1.00, 0.00, 0.00, 0.00, 0.00, 0.00, 0.00, 0.00, 0.00, 48.73, 1.00, 34.51, 1.00, 0.00, 0.00, 28.17, 1.00, 0.00, 0.00, 70.57, 1.00, 2.98, 35.11, 30.05, 76.09, 30.01, 89.79, 21.00, 83.81, 20.90, 76.53, 32.52, 31.62, -999
06/08/16 05, 1.43, 5.09, 4.79, 4.16, 3.00, 5.33, 4.08, 96.23, 1.00, 96.25, 1.00, 0.00, 0.00, 0.00, 0.00, 0.00, 0.00, 0.00, 0.00, 49.46, 1.00, 36.32, 1.00, 0.00, 0.00, 0.00, 0.00, 0.00, 0.00, 69.74, 1.00, 2.98, 35.00, 30.25, 74.45, 30.21, 88.60, 26.29, 85.87, 26.29, 59.36, 32.72, 31.82, -999
06/08/16 06, 1.60, 5.40, 4.50, 4.32, 3.66, 5.03, 2.77, 95.31, 1.00, 95.33, 1.00, 0.00, 0.00, 0.00, 0.00, 0.00, 0.00, 0.00, 0.00, 0.00, 0.00, 36.24, 1.00, 0.00, 0.00, 0.00, 0.00, 0.00, 0.00, 55.52, 1.00, 2.98, 35.49, 32.59, 74.36, 32.59, 65.87, 26.79, 86.52, 26.79, 58.04, 34.81, 33.91, -999
06/08/16 07, 1.96, 5.52, 4.22, 3.06, 3.76, 5.18, 2.91, 90.93, 1.00, 90.95, 1.00, 0.00, 0.00, 0.00, 0.00, 0.00, 0.00, 0.00, 0.00, 0.00, 0.00, 0.00, 0.00, 0.00, 0.00, 32.44, 1.00, 0.00, 0.00, 0.00, 0.00, 2.98, 37.81, 30.52, 73.31, 30.52, 65.75, 29.57, 64.10, 29.44, 71.16, 41.16, 31.71, -999
06/08/16 08, 2.40, 5.02, 3.90, 3.51, 3.23, 5.50, 3.74, 91.59, 1.00, 91.61, 1.00, 0.00, 0.00, 0.00, 0.00, 0.00, 0.00, 0.00, 0.00, 49.65, 1.00, 0.00, 0.00, 0.00, 0.00, 31.54, 1.00, 0.00, 0.00, 0.00, 0.00, 2.98, 37.46, 28.06, 72.23, 28.02, 86.05, 29.57, 63.03, 29.45, 74.34, 40.87, 29.43, -999
06/08/16 09, 2.79, 4.50, 3.55, 3.79, 2.61, 5.50, 4.54, 91.48, 1.00, 91.50, 1.00, 0.00, 0.00, 0.00, 0.00, 0.00, 0.00, 0.00, 0.00, 49.49, 1.00, 0.00, 0.00, 0.00, 0.00, 31.52, 1.00, 0.00, 0.00, 0.00, 0.00, 2.98, 37.52, 27.55, 70.89, 27.51, 85.84, 29.79, 61.13, 29.67, 74.60, 41.03, 28.92, -999
06/08/16 10, 3.25, 3.97, 3.15, 3.99, 1.79, 5.28, 3.75, 90.52, 1.00, 90.53, 1.00, 0.00, 0.00, 0.00, 0.00, 0.00, 0.00, 0.00, 0.00, 49.66, 1.00, 0.00, 0.00, 0.00, 0.00, 0.00, 0.00, 0.00, 0.00, 0.00, 0.00, 2.98, 38.03, 27.01, 69.50, 26.97, 84.98, 33.51, 60.53, 33.51, 55.47, 42.06, 28.38, -999
06/08/16 11, 3.58, 3.22, 3.25, 3.90, 1.60, 5.06, 2.48, 92.63, 1.00, 92.65, 1.00, 0.00, 0.00, 33.70, 1.00, 0.00, 0.00, 0.00, 0.00, 47.81, 1.00, 36.20, 1.00, 0.00, 0.00, 31.22, 1.00, 0.00, 0.00, 0.00, 0.00, 2.98, 36.91, 23.21, 87.50, 23.27, 84.75, 22.16, 82.03, 22.04, 68.00, 40.21, 24.96, -999
06/08/16 12, 3.76, 2.36, 3.71, 4.04, 2.02, 5.28, 2.75, 92.61, 1.00, 92.63, 1.00, 0.00, 0.00, 33.48, 1.00, 0.00, 0.00, 0.00, 0.00, 47.56, 1.00, 36.25, 1.00, 0.00, 0.00, 31.36, 1.00, 0.00, 0.00, 0.00, 0.00, 2.98, 36.93, 22.40, 87.04, 22.46, 84.38, 22.20, 81.98, 22.08, 67.56, 40.28, 24.14, -999
06/08/16 13, 3.93, 1.50, 4.13, 4.08, 2.38, 5.45, 2.80, 91.62, 1.00, 91.64, 1.00, 0.00, 0.00, 32.74, 1.00, 0.00, 0.00, 0.00, 0.00, 47.29, 1.00, 36.14, 1.00, 0.00, 0.00, 31.41, 1.00, 0.00, 0.00, 0.00, 0.00, 2.98, 37.45, 21.66, 87.48, 21.72, 84.12, 22.77, 82.74, 22.65, 67.98, 40.87, 23.39, -999
06/08/16 14, 4.15, 0.66, 4.56, 4.09, 2.80, 5.50, 3.10, 91.15, 1.00, 91.17, 1.00, 0.00, 0.00, 32.23, 1.00, 0.00, 0.00, 0.00, 0.00, 46.38, 1.00, 36.06, 1.00, 0.00, 0.00, 30.46, 1.00, 0.00, 0.00, 0.00, 0.00, 2.98, 37.70, 20.97, 87.60, 21.03, 85.04, 23.37, 83.49, 23.26, 71.75, 41.21, 22.68, -999
06/08/16 15, 4.03, 0.66, 5.02, 4.43, 3.25, 5.50, 3.68, 95.52, 1.00, 95.54, 1.00, 0.00, 0.00, 33.45, 1.00, 0.00, 0.00, 0.00, 0.00, 48.24, 1.00, 35.16, 1.00, 0.00, 0.00, 29.95, 1.00, 0.00, 0.00, 108.33, 1.00, 2.98, 35.38, 25.66, 90.35, 25.72, 86.39, 22.10, 83.79, 21.99, 72.16, 28.75, 27.85, -999
06/08/16 16, 3.89, 1.27, 5.32, 3.50, 3.78, 5.50, 4.30, 95.37, 1.00, 95.38, 1.00, 0.00, 0.00, 0.00, 0.00, 0.00, 0.00, 0.00, 0.00, 0.00, 0.00, 35.76, 1.00, 0.00, 0.00, 30.01, 1.00, 0.00, 0.00, 79.17, 1.00, 2.98, 35.46, 30.49, 73.89, 30.49, 63.66, 21.94, 82.59, 21.83, 71.81, 32.83, 31.93, -999
06/08/16 17, 3.73, 1.92, 4.98, 2.93, 4.05, 5.50, 4.75, 95.12, 1.00, 95.14, 1.00, 0.00, 0.00, 0.00, 0.00, 0.00, 0.00, 0.00, 0.00, 50.47, 1.00, 0.00, 0.00, 0.00, 0.00, 31.68, 1.00, 0.00, 0.00, 95.73, 1.00, 2.98, 35.59, 28.23, 72.70, 28.19, 84.62, 28.65, 63.49, 28.53, 72.90, 30.86, 29.96, -999
06/08/16 18, 3.86, 2.41, 4.60, 2.95, 3.36, 5.15, 3.15, 94.99, 1.00, 95.01, 1.00, 0.00, 0.00, 0.00, 0.00, 0.00, 0.00, 0.00, 0.00, 50.18, 1.00, 0.00, 0.00, 0.00, 0.00, 0.00, 0.00, 0.00, 0.00, 94.46, 1.00, 2.98, 35.66, 28.66, 73.53, 28.62, 85.61, 31.52, 62.56, 31.52, 57.35, 31.28, 30.38, -999
06/08/16 19, 3.89, 2.86, 4.27, 3.20, 2.65, 5.16, 2.77, 95.44, 1.00, 95.46, 1.00, 0.00, 0.00, 0.00, 0.00, 0.00, 0.00, 0.00, 0.00, 50.41, 1.00, 0.00, 0.00, 0.00, 0.00, 33.00, 1.00, 0.00, 0.00, 90.62, 1.00, 2.98, 35.42, 28.88, 71.28, 28.84, 85.36, 28.46, 61.39, 28.33, 68.01, 31.48, 30.58, -999
06/08/16 20, 3.84, 3.28, 3.87, 3.33, 1.86, 5.34, 2.77, 95.61, 1.00, 95.63, 1.00, 0.00, 0.00, 0.00, 0.00, 0.00, 0.00, 0.00, 0.00, 50.58, 1.00, 0.00, 0.00, 0.00, 0.00, 32.99, 1.00, 0.00, 0.00, 87.98, 1.00, 2.98, 35.33, 29.14, 69.86, 29.10, 85.29, 28.37, 60.11, 28.24, 67.97, 31.73, 30.83, -999
06/08/16 21, 3.71, 3.65, 3.43, 3.40, 1.68, 5.48, 2.68, 96.35, 1.00, 96.37, 1.00, 0.00, 0.00, 0.00, 0.00, 0.00, 0.00, 0.00, 0.00, 50.68, 1.00, 36.13, 1.00, 0.00, 0.00, 31.31, 1.00, 0.00, 0.00, 82.51, 1.00, 2.98, 34.93, 29.24, 68.04, 29.20, 85.19, 20.91, 80.90, 20.79, 66.45, 31.79, 30.89, -999
06/08/16 22, 3.52, 3.98, 2.94, 3.41, 1.96, 5.49, 2.28, 97.43, 1.00, 97.45, 1.00, 0.00, 0.00, 37.81, 1.00, 0.00, 0.00, 0.00, 0.00, 50.66, 1.00, 36.14, 1.00, 0.00, 0.00, 31.21, 1.00, 0.00, 0.00, 81.07, 1.00, 2.97, 34.35, 28.29, 86.04, 28.37, 84.41, 20.23, 80.20, 20.12, 66.12, 31.29, 30.39, -999
06/08/16 23, 3.27, 3.90, 3.35, 3.20, 2.11, 5.44, 1.82, 97.08, 1.00, 97.10, 1.00, 0.00, 0.00, 36.92, 1.00, 0.00, 0.00, 0.00, 0.00, 50.40, 1.00, 35.60, 1.00, 0.00, 0.00, 31.26, 1.00, 0.00, 0.00, 82.56, 1.00, 2.97, 34.54, 28.24, 86.95, 28.32, 84.87, 20.49, 81.42, 20.38, 66.21, 31.24, 30.34, -999
07/08/16 00, 3.06, 3.85, 3.76, 3.22, 2.45, 5.47, 1.59, 95.80, 1.00, 95.82, 1.00, 0.00, 0.00, 35.22, 1.00, 0.00, 0.00, 0.00, 0.00, 49.67, 1.00, 35.11, 1.00, 0.00, 0.00, 30.79, 1.00, 0.00, 0.00, 87.50, 1.00, 2.98, 35.23, 28.25, 89.97, 28.32, 86.30, 21.35, 83.14, 21.24, 68.67, 31.24, 30.34, -999
07/08/16 01, 2.97, 3.87, 4.27, 3.59, 3.00, 5.50, 2.45, 95.49, 1.00, 95.50, 1.00, 0.00, 0.00, 34.10, 1.00, 0.00, 0.00, 0.00, 0.00, 48.88, 1.00, 34.89, 1.00, 0.00, 0.00, 29.58, 1.00, 0.00, 0.00, 88.17, 1.00, 2.98, 35.40, 28.33, 91.94, 28.39, 87.88, 21.80, 83.96, 21.70, 73.04, 31.29, 30.39, -999
07/08/16 02, 2.91, 3.93, 4.82, 4.18, 3.60, 5.50, 3.40, 95.25, 1.00, 95.27, 1.00, 0.00, 0.00, 33.58, 1.00, 0.00, 0.00, 0.00, 0.00, 48.48, 1.00, 34.54, 1.00, 0.00, 0.00, 29.26, 1.00, 0.00, 0.00, 88.42, 1.00, 2.98, 35.52, 28.41, 92.89, 28.47, 88.71, 22.02, 84.77, 21.92, 74.24, 31.36, 30.46, -999
07/08/16 03, 2.96, 4.25, 5.26, 3.99, 3.82, 5.50, 4.45, 93.55, 1.00, 93.56, 1.00, 0.00, 0.00, 0.00, 0.00, 0.00, 0.00, 0.00, 0.00, 0.00, 0.00, 0.00, 0.00, 0.00, 0.00, 29.65, 1.00, 0.00, 0.00, 69.32, 1.00, 2.98, 36.43, 32.55, 76.51, 32.55, 68.64, 29.14, 64.70, 29.03, 80.15, 34.83, 33.93, -999
07/08/16 04, 3.28, 5.00, 5.06, 3.15, 3.41, 5.35, 4.15, 91.93, 1.00, 91.95, 1.00, 0.00, 0.00, 0.00, 0.00, 0.00, 0.00, 0.00, 0.00, 0.00, 0.00, 0.00, 0.00, 0.00, 0.00, 0.00, 0.00, 0.00, 0.00, 72.07, 1.00, 2.98, 37.28, 33.55, 76.55, 33.55, 68.57, 32.52, 64.51, 32.52, 60.89, 35.85, 34.95, -999
07/08/16 05, 3.60, 5.49, 4.87, 3.68, 3.06, 5.13, 3.28, 92.33, 1.00, 92.35, 1.00, 0.00, 0.00, 0.00, 0.00, 0.00, 0.00, 0.00, 0.00, 49.11, 1.00, 0.00, 0.00, 0.00, 0.00, 0.00, 0.00, 0.00, 0.00, 86.32, 1.00, 2.98, 37.07, 31.35, 76.50, 31.32, 90.38, 32.41, 64.07, 32.41, 59.85, 33.92, 33.02, -999
07/08/16 06, 4.21, 5.00, 4.69, 4.50, 2.68, 4.99, 2.70, 87.34, 1.00, 87.36, 1.00, 0.00, 0.00, 0.00, 0.00, 0.00, 0.00, 0.00, 0.00, 0.00, 0.00, 0.00, 0.00, 0.00, 0.00, 32.93, 1.00, 0.00, 0.00, 0.00, 0.00, 2.98, 39.68, 30.00, 75.16, 30.00, 68.66, 32.17, 63.41, 32.05, 71.99, 43.83, 31.19, -999
07/08/16 07, 4.56, 5.00, 4.44, 3.58, 2.24, 5.37, 3.63, 110.55, 1.00, 0.00, 0.00, 0.00, 0.00, 0.00, 0.00, 0.00, 0.00, 0.00, 0.00, 0.00, 0.00, 0.00, 0.00, 0.00, 0.00, 32.38, 1.00, 0.00, 0.00, 0.00, 0.00, 2.99, 27.15, 30.00, 74.23, 30.00, 65.94, 29.94, 62.51, 29.82, 71.75, 39.53, 31.19, -999
07/08/16 08, 4.72, 4.74, 4.16, 3.25, 1.70, 5.50, 4.66, 111.19, 1.00, 0.00, 0.00, 0.00, 0.00, 0.00, 0.00, 0.00, 0.00, 0.00, 0.00, 49.41, 1.00, 0.00, 0.00, 0.00, 0.00, 31.01, 1.00, 0.00, 0.00, 0.00, 0.00, 2.99, 26.79, 27.80, 73.63, 27.76, 86.25, 29.97, 61.34, 29.85, 76.53, 39.29, 29.17, -999
07/08/16 09, 4.82, 4.22, 3.86, 3.62, 1.91, 5.24, 3.62, 111.94, 1.00, 0.00, 0.00, 0.00, 0.00, 0.00, 0.00, 0.00, 0.00, 0.00, 0.00, 49.35, 1.00, 37.96, 1.00, 0.00, 0.00, 0.00, 0.00, 0.00, 0.00, 0.00, 0.00, 2.99, 26.36, 27.28, 71.46, 27.24, 85.84, 28.79, 85.35, 28.79, 58.29, 39.00, 28.65, -999
07/08/16 10, 4.81, 3.70, 3.47, 3.87, 2.48, 4.89, 2.15, 112.51, 1.00, 0.00, 0.00, 0.00, 0.00, 0.00, 0.00, 0.00, 0.00, 0.00, 0.00, 49.45, 1.00, 36.01, 1.00, 0.00, 0.00, 31.53, 1.00, 0.00, 0.00, 0.00, 0.00, 2.99, 26.04, 26.75, 70.93, 26.71, 85.11, 22.33, 82.54, 22.21, 67.35, 38.64, 28.12, -999
07/08/16 11, 4.67, 3.17, 3.09, 3.90, 2.88, 5.08, 2.30, 112.85, 1.00, 0.00, 0.00, 0.00, 0.00, 0.00, 0.00, 0.00, 0.00, 0.00, 0.00, 49.16, 1.00, 35.83, 1.00, 0.00, 0.00, 31.50, 1.00, 0.00, 0.00, 0.00, 0.00, 2.99, 25.85, 26.25, 69.59, 26.21, 85.16, 22.17, 82.71, 22.06, 67.07, 38.44, 27.61, -999
07/08/16 12, 4.51, 2.37, 3.33, 3.94, 3.26, 5.23, 2.30, 112.90, 1.00, 0.00, 0.00, 0.00, 0.00, 33.62, 1.00, 0.00, 0.00, 0.00, 0.00, 47.59, 1.00, 35.76, 1.00, 0.00, 0.00, 31.63, 1.00, 0.00, 0.00, 0.00, 0.00, 2.99, 25.82, 22.39, 86.80, 22.45, 84.32, 22.09, 82.75, 21.97, 66.54, 38.37, 24.14, -999
07/08/16 13, 4.37, 1.51, 3.76, 3.99, 3.62, 5.30, 2.05, 113.44, 1.00, 0.00, 0.00, 0.00, 0.00, 33.31, 1.00, 0.00, 0.00, 0.00, 0.00, 47.53, 1.00, 35.56, 1.00, 0.00, 0.00, 31.32, 1.00, 0.00, 0.00, 0.00, 0.00, 2.99, 25.51, 21.58, 86.49, 21.64, 83.61, 21.91, 82.91, 21.79, 67.44, 38.08, 23.31, -999
07/08/16 14, 4.21, 0.66, 4.16, 3.83, 3.96, 5.48, 2.23, 113.97, 1.00, 0.00, 0.00, 0.00, 0.00, 33.07, 1.00, 0.00, 0.00, 0.00, 0.00, 46.94, 1.00, 35.15, 1.00, 0.00, 0.00, 31.33, 1.00, 0.00, 0.00, 0.00, 0.00, 2.99, 25.21, 20.81, 86.12, 20.87, 83.91, 21.70, 83.41, 21.58, 67.17, 37.79, 22.54, -999
07/08/16 15, 3.83, 0.59, 4.58, 3.94, 3.33, 5.50, 2.47, 118.34, 1.00, 0.00, 0.00, 0.00, 0.00, 35.05, 1.00, 0.00, 0.00, 0.00, 0.00, 49.04, 1.00, 0.00, 0.00, 0.00, 0.00, 31.83, 1.00, 0.00, 0.00, 93.41, 1.00, 2.99, 22.71, 25.08, 87.11, 25.15, 84.33, 26.20, 62.05, 26.08, 69.93, 28.10, 27.20, -999
07/08/16 16, 3.40, 0.68, 4.98, 3.80, 2.54, 5.50, 2.76, 118.72, 1.00, 0.00, 0.00, 0.00, 0.00, 34.67, 1.00, 0.00, 0.00, 0.00, 0.00, 49.18, 1.00, 0.00, 0.00, 0.00, 0.00, 32.22, 1.00, 0.00, 0.00, 91.00, 1.00, 2.99, 22.49, 25.15, 87.81, 25.21, 84.14, 25.85, 60.35, 25.73, 68.22, 28.15, 27.25, -999
07/08/16 17, 2.99, 0.81, 5.21, 3.62, 1.64, 5.50, 2.63, 119.00, 1.00, 0.00, 0.00, 0.00, 0.00, 0.00, 0.00, 0.00, 0.00, 0.00, 0.00, 49.75, 1.00, 0.00, 0.00, 0.00, 0.00, 31.91, 1.00, 0.00, 0.00, 82.62, 1.00, 2.99, 22.32, 26.46, 71.10, 26.42, 84.25, 25.67, 59.95, 25.55, 69.15, 29.00, 28.10, -999
07/08/16 18, 2.50, 1.09, 4.77, 3.43, 1.74, 5.50, 2.61, 120.94, 1.00, 0.00, 0.00, 0.00, 0.00, 0.00, 0.00, 0.00, 0.00, 0.00, 0.00, 49.90, 1.00, 34.99, 1.00, 0.00, 0.00, 30.34, 1.00, 0.00, 0.00, 72.39, 1.00, 2.99, 21.20, 26.31, 70.62, 26.27, 83.81, 17.81, 79.80, 17.71, 66.60, 28.80, 27.90, -999
07/08/16 19, 2.02, 1.31, 4.32, 3.13, 2.00, 5.50, 2.32, 121.53, 1.00, 0.00, 0.00, 0.00, 0.00, 0.00, 0.00, 0.00, 0.00, 0.00, 0.00, 49.91, 1.00, 34.86, 1.00, 0.00, 0.00, 30.28, 1.00, 0.00, 0.00, 68.04, 1.00, 2.99, 20.86, 26.40, 70.46, 26.36, 83.88, 17.44, 79.66, 17.33, 66.42, 28.86, 27.96, -999
07/08/16 20, 1.55, 1.49, 3.89, 2.96, 2.21, 5.50, 2.06, 121.05, 1.00, 0.00, 0.00, 0.00, 0.00, 0.00, 0.00, 0.00, 0.00, 0.00, 0.00, 50.10, 1.00, 34.82, 1.00, 0.00, 0.00, 30.52, 1.00, 0.00, 0.00, 68.34, 1.00, 2.99, 21.14, 26.58, 69.74, 26.54, 83.68, 17.66, 79.94, 17.55, 65.85, 29.05, 28.15, -999
07/08/16 21, 1.13, 1.67, 3.44, 2.75, 2.43, 5.42, 1.59, 121.51, 1.00, 0.00, 0.00, 0.00, 0.00, 0.00, 0.00, 0.00, 0.00, 0.00, 0.00, 49.92, 1.00, 34.31, 1.00, 0.00, 0.00, 30.42, 1.00, 0.00, 0.00, 64.58, 1.00, 2.99, 20.87, 26.67, 69.90, 26.63, 84.13, 17.48, 80.63, 17.37, 66.01, 29.11, 28.21, -999
07/08/16 22, 0.91, 1.93, 3.02, 2.77, 2.78, 5.48, 1.49, 98.52, 1.00, 98.54, 1.00, 0.00, 0.00, 0.00, 0.00, 0.00, 0.00, 0.00, 0.00, 49.82, 1.00, 35.04, 1.00, 0.00, 0.00, 30.86, 1.00, 0.00, 0.00, 80.01, 1.00, 2.97, 33.77, 27.46, 70.65, 27.42, 85.10, 19.05, 80.96, 18.94, 66.11, 29.98, 29.08, -999
07/08/16 23, 0.80, 2.01, 3.28, 2.98, 3.05, 5.50, 1.38, 98.59, 1.00, 98.61, 1.00, 0.00, 0.00, 35.17, 1.00, 0.00, 0.00, 0.00, 0.00, 49.52, 1.00, 34.57, 1.00, 0.00, 0.00, 30.28, 1.00, 0.00, 0.00, 84.25, 1.00, 2.97, 33.73, 26.41, 88.22, 26.48, 84.74, 19.24, 81.96, 19.14, 68.23, 29.38, 28.48, -999
08/08/16 00, 0.70, 2.00, 3.75, 3.13, 3.45, 5.50, 1.70, 99.24, 1.00, 99.26, 1.00, 0.00, 0.00, 35.01, 1.00, 0.00, 0.00, 0.00, 0.00, 49.73, 1.00, 34.49, 1.00, 0.00, 0.00, 29.56, 1.00, 0.00, 0.00, 81.50, 1.00, 2.97, 33.37, 26.39, 88.48, 26.46, 84.32, 19.07, 81.91, 18.97, 70.36, 29.34, 28.44, -999
08/08/16 01, 0.57, 1.97, 4.21, 3.12, 3.80, 5.50, 2.37, 98.75, 1.00, 98.77, 1.00, 0.00, 0.00, 32.75, 1.00, 0.00, 0.00, 0.00, 0.00, 48.78, 1.00, 34.15, 1.00, 0.00, 0.00, 29.65, 1.00, 0.00, 0.00, 83.31, 1.00, 2.97, 33.64, 26.42, 92.24, 26.47, 86.15, 19.32, 82.74, 19.21, 70.32, 29.33, 28.43, -999
08/08/16 02, 0.56, 1.99, 4.78, 3.55, 3.69, 5.50, 2.99, 97.77, 1.00, 97.79, 1.00, 0.00, 0.00, 33.27, 1.00, 0.00, 0.00, 0.00, 0.00, 48.14, 1.00, 0.00, 0.00, 0.00, 0.00, 30.71, 1.00, 0.00, 0.00, 87.50, 1.00, 2.97, 34.17, 26.48, 91.46, 26.53, 87.39, 25.96, 63.96, 25.85, 73.53, 29.42, 28.52, -999
08/08/16 03, 0.68, 2.06, 5.30, 4.14, 3.15, 5.50, 3.84, 97.24, 1.00, 97.26, 1.00, 0.00, 0.00, 0.00, 0.00, 0.00, 0.00, 0.00, 0.00, 48.10, 1.00, 0.00, 0.00, 0.00, 0.00, 29.90, 1.00, 0.00, 0.00, 83.03, 1.00, 2.97, 34.46, 27.81, 76.44, 27.78, 88.72, 26.36, 63.64, 26.25, 76.57, 30.35, 29.45, -999
08/08/16 04, 0.86, 2.59, 5.09, 4.06, 2.66, 5.49, 4.96, 94.90, 1.00, 94.92, 1.00, 0.00, 0.00, 0.00, 0.00, 0.00, 0.00, 0.00, 0.00, 0.00, 0.00, 0.00, 0.00, 0.00, 0.00, 0.00, 0.00, 0.00, 0.00, 71.98, 1.00, 2.98, 35.71, 31.13, 76.19, 31.13, 68.61, 30.08, 63.72, 30.08, 61.62, 33.43, 32.53, -999
08/08/16 05, 1.22, 3.35, 4.88, 3.20, 2.29, 5.30, 4.08, 94.62, 1.00, 94.64, 1.00, 0.00, 0.00, 0.00, 0.00, 0.00, 0.00, 0.00, 0.00, 0.00, 0.00, 0.00, 0.00, 0.00, 0.00, 0.00, 0.00, 0.00, 0.00, 69.62, 1.00, 2.98, 35.86, 31.68, 75.55, 31.68, 67.83, 30.39, 62.78, 30.39, 60.69, 33.96, 33.06, -999
08/08/16 06, 1.53, 3.81, 4.64, 3.59, 1.80, 5.06, 3.16, 96.22, 1.00, 96.24, 1.00, 0.00, 0.00, 0.00, 0.00, 0.00, 0.00, 0.00, 0.00, 49.21, 1.00, 0.00, 0.00, 0.00, 0.00, 0.00, 0.00, 0.00, 0.00, 79.46, 1.00, 2.98, 35.00, 29.34, 75.67, 29.30, 88.16, 29.83, 61.80, 29.83, 59.35, 31.86, 30.96, -999
08/08/16 07, 1.66, 4.11, 4.42, 4.19, 1.64, 5.02, 2.80, 96.75, 1.00, 96.77, 1.00, 0.00, 0.00, 0.00, 0.00, 0.00, 0.00, 0.00, 0.00, 50.26, 1.00, 34.88, 1.00, 0.00, 0.00, 30.51, 1.00, 0.00, 0.00, 74.10, 1.00, 2.98, 34.72, 29.38, 73.57, 29.34, 86.16, 20.29, 82.46, 20.18, 68.52, 31.87, 30.97, -999
08/08/16 08, 1.66, 4.35, 4.11, 4.31, 2.22, 5.28, 3.22, 96.78, 1.00, 96.80, 1.00, 0.00, 0.00, 0.00, 0.00, 0.00, 0.00, 0.00, 0.00, 50.10, 1.00, 35.09, 1.00, 0.00, 0.00, 31.07, 1.00, 0.00, 0.00, 72.36, 1.00, 2.98, 34.70, 29.57, 73.57, 29.53, 86.67, 20.08, 81.91, 19.97, 66.45, 32.06, 31.16, -999
08/08/16 09, 1.65, 4.61, 3.80, 4.41, 2.66, 5.30, 2.74, 97.71, 1.00, 97.72, 1.00, 0.00, 0.00, 0.00, 0.00, 0.00, 0.00, 0.00, 0.00, 0.00, 0.00, 35.28, 1.00, 0.00, 0.00, 30.64, 1.00, 0.00, 0.00, 51.92, 1.00, 2.97, 34.20, 31.54, 70.94, 31.54, 62.11, 19.66, 81.14, 19.55, 67.46, 33.74, 32.84, -999
08/08/16 10, 1.59, 5.15, 3.40, 2.76, 2.94, 5.48, 2.86, 97.76, 1.00, 97.78, 1.00, 0.00, 0.00, 0.00, 0.00, 0.00, 0.00, 0.00, 0.00, 51.25, 1.00, 34.81, 1.00, 0.00, 0.00, 30.75, 1.00, 0.00, 0.00, 63.54, 1.00, 2.97, 34.17, 30.09, 69.78, 30.04, 84.91, 19.75, 82.06, 19.64, 67.19, 32.53, 31.63, -999
08/08/16 11, 1.52, 5.25, 3.03, 2.79, 3.34, 5.50, 2.94, 97.66, 1.00, 97.68, 1.00, 0.00, 0.00, 36.87, 1.00, 0.00, 0.00, 0.00, 0.00, 50.92, 1.00, 34.58, 1.00, 0.00, 0.00, 29.96, 1.00, 0.00, 0.00, 67.11, 1.00, 2.97, 34.23, 29.26, 88.05, 29.33, 84.86, 20.03, 82.72, 19.92, 70.04, 32.17, 31.27, -999
08/08/16 12, 1.45, 5.04, 3.49, 2.84, 3.80, 5.50, 3.32, 98.47, 1.00, 98.49, 1.00, 0.00, 0.00, 35.74, 1.00, 0.00, 0.00, 0.00, 0.00, 50.63, 1.00, 34.22, 1.00, 0.00, 0.00, 30.15, 1.00, 0.00, 0.00, 65.29, 1.00, 2.97, 33.79, 29.05, 89.87, 29.12, 85.22, 19.66, 82.96, 19.55, 69.06, 31.94, 31.04, -999
08/08/16 13, 1.41, 4.83, 3.99, 2.99, 3.64, 5.50, 3.52, 96.37, 1.00, 96.39, 1.00, 0.00, 0.00, 35.70, 1.00, 0.00, 0.00, 0.00, 0.00, 50.53, 1.00, 0.00, 0.00, 0.00, 0.00, 31.33, 1.00, 0.00, 0.00, 75.17, 1.00, 2.98, 34.92, 29.10, 89.99, 29.17, 85.47, 26.90, 64.69, 26.79, 72.37, 32.04, 31.14, -999
08/08/16 14, 1.57, 4.72, 4.49, 3.17, 3.27, 5.50, 4.08, 97.42, 1.00, 97.44, 1.00, 0.00, 0.00, 35.90, 1.00, 0.00, 0.00, 0.00, 0.00, 50.43, 1.00, 0.00, 0.00, 0.00, 0.00, 31.47, 1.00, 0.00, 0.00, 72.24, 1.00, 2.97, 34.36, 28.92, 89.46, 28.99, 85.48, 26.56, 62.79, 26.44, 71.56, 31.85, 30.95, -999
08/08/16 15, 1.64, 4.57, 4.96, 3.33, 2.60, 5.50, 4.41, 96.70, 1.00, 96.72, 1.00, 0.00, 0.00, 35.48, 1.00, 0.00, 0.00, 0.00, 0.00, 49.68, 1.00, 0.00, 0.00, 0.00, 0.00, 30.92, 1.00, 0.00, 0.00, 76.01, 1.00, 2.98, 34.75, 28.89, 90.15, 28.96, 86.91, 26.95, 61.74, 26.83, 73.80, 31.82, 30.92, -999
08/08/16 16, 1.80, 4.58, 5.22, 3.77, 1.87, 5.35, 4.11, 96.17, 1.00, 96.19, 1.00, 0.00, 0.00, 0.00, 0.00, 0.00, 0.00, 0.00, 0.00, 50.08, 1.00, 0.00, 0.00, 0.00, 0.00, 0.00, 0.00, 0.00, 0.00, 75.72, 1.00, 2.98, 35.03, 29.92, 73.29, 29.88, 87.06, 30.02, 61.04, 30.02, 57.13, 32.43, 31.53, -999
08/08/16 17, 1.94, 4.83, 4.85, 4.13, 1.73, 5.02, 2.52, 97.00, 1.00, 97.02, 1.00, 0.00, 0.00, 0.00, 0.00, 0.00, 0.00, 0.00, 0.00, 49.93, 1.00, 35.41, 1.00, 0.00, 0.00, 30.65, 1.00, 0.00, 0.00, 69.24, 1.00, 2.98, 34.58, 29.96, 72.01, 29.92, 87.40, 20.16, 81.43, 20.05, 67.95, 32.43, 31.53, -999
08/08/16 18, 1.89, 5.04, 4.45, 4.48, 2.14, 5.25, 2.84, 96.19, 1.00, 96.21, 1.00, 0.00, 0.00, 0.00, 0.00, 0.00, 0.00, 0.00, 0.00, 0.00, 0.00, 35.36, 1.00, 0.00, 0.00, 30.79, 1.00, 0.00, 0.00, 54.18, 1.00, 2.98, 35.02, 32.13, 72.36, 32.13, 64.15, 20.34, 81.69, 20.23, 67.65, 34.34, 33.44, -999
08/08/16 19, 1.93, 5.60, 4.08, 3.02, 2.54, 5.44, 2.97, 95.90, 1.00, 95.92, 1.00, 0.00, 0.00, 0.00, 0.00, 0.00, 0.00, 0.00, 0.00, 0.00, 0.00, 35.42, 1.00, 0.00, 0.00, 30.98, 1.00, 0.00, 0.00, 0.00, 0.00, 2.98, 35.17, 30.60, 72.79, 30.60, 62.34, 20.12, 81.37, 20.01, 66.79, 37.93, 31.79, -999
08/08/16 20, 2.04, 5.20, 3.74, 2.80, 2.85, 5.50, 2.72, 94.68, 1.00, 94.70, 1.00, 0.00, 0.00, 0.00, 0.00, 0.00, 0.00, 0.00, 0.00, 50.70, 1.00, 35.61, 1.00, 0.00, 0.00, 30.62, 1.00, 0.00, 0.00, 0.00, 0.00, 2.98, 35.82, 28.16, 70.13, 28.12, 84.08, 20.79, 81.71, 20.68, 68.66, 38.62, 29.54, -999
08/08/16 21, 2.22, 4.66, 3.32, 2.68, 3.14, 5.50, 2.84, 94.67, 1.00, 94.69, 1.00, 0.00, 0.00, 0.00, 0.00, 0.00, 0.00, 0.00, 0.00, 50.45, 1.00, 35.36, 1.00, 0.00, 0.00, 31.27, 1.00, 0.00, 0.00, 0.00, 0.00, 2.98, 35.83, 27.64, 67.29, 27.60, 84.06, 20.77, 82.12, 20.65, 66.44, 38.68, 29.02, -999
08/08/16 22, 2.38, 4.03, 3.05, 2.60, 3.47, 5.49, 2.38, 93.48, 1.00, 93.49, 1.00, 0.00, 0.00, 36.08, 1.00, 0.00, 0.00, 0.00, 0.00, 49.15, 1.00, 35.66, 1.00, 0.00, 0.00, 31.25, 1.00, 0.00, 0.00, 0.00, 0.00, 2.98, 36.47, 23.58, 83.80, 23.65, 82.63, 21.35, 82.17, 21.24, 67.09, 39.39, 25.38, -999
08/08/16 23, 2.60, 3.13, 3.37, 2.30, 3.74, 5.50, 2.48, 93.71, 1.00, 93.72, 1.00, 0.00, 0.00, 34.02, 1.00, 0.00, 0.00, 0.00, 0.00, 48.69, 1.00, 35.27, 1.00, 0.00, 0.00, 30.79, 1.00, 0.00, 0.00, 0.00, 0.00, 2.98, 36.34, 22.98, 86.73, 23.04, 82.89, 21.56, 83.07, 21.45, 68.85, 39.33, 24.74, -999
09/08/16 00, 2.83, 2.25, 3.79, 2.27, 3.84, 5.50, 2.71, 91.83, 1.00, 91.84, 1.00, 0.00, 0.00, 33.44, 1.00, 0.00, 0.00, 0.00, 0.00, 47.53, 1.00, 0.00, 0.00, 0.00, 0.00, 32.90, 1.00, 0.00, 0.00, 0.00, 0.00, 2.98, 37.34, 22.30, 87.01, 22.36, 84.33, 29.42, 62.47, 29.30, 69.33, 40.81, 24.04, -999
09/08/16 01, 3.18, 1.40, 4.21, 2.65, 3.04, 5.50, 2.75, 89.64, 1.00, 89.66, 1.00, 0.00, 0.00, 32.59, 1.00, 0.00, 0.00, 0.00, 0.00, 46.81, 1.00, 0.00, 0.00, 0.00, 0.00, 31.58, 1.00, 0.00, 0.00, 0.00, 0.00, 2.98, 38.49, 21.62, 87.69, 21.68, 84.93, 30.84, 63.62, 30.72, 75.48, 42.22, 23.34, -999
09/08/16 02, 3.61, 0.56, 4.65, 3.11, 2.56, 5.50, 3.83, 88.92, 1.00, 88.94, 1.00, 0.00, 0.00, 31.28, 1.00, 0.00, 0.00, 0.00, 0.00, 46.17, 1.00, 0.00, 0.00, 0.00, 0.00, 31.61, 1.00, 0.00, 0.00, 0.00, 0.00, 2.98, 38.86, 21.00, 89.09, 21.05, 85.42, 31.36, 62.85, 31.24, 75.88, 42.76, 22.70, -999
09/08/16 03, 3.71, 0.59, 5.15, 3.68, 2.03, 5.50, 4.78, 94.65, 1.00, 94.67, 1.00, 0.00, 0.00, 32.03, 1.00, 0.00, 0.00, 0.00, 0.00, 47.84, 1.00, 0.00, 0.00, 0.00, 0.00, 29.93, 1.00, 0.00, 0.00, 110.86, 1.00, 2.98, 35.84, 25.80, 92.74, 25.86, 87.27, 29.01, 62.90, 28.90, 79.13, 28.89, 27.99, -999
09/08/16 04, 3.86, 1.06, 5.33, 4.27, 1.61, 5.32, 4.15, 93.57, 1.00, 93.59, 1.00, 0.00, 0.00, 0.00, 0.00, 0.00, 0.00, 0.00, 0.00, 48.49, 1.00, 0.00, 0.00, 0.00, 0.00, 0.00, 0.00, 0.00, 0.00, 104.00, 1.00, 2.98, 36.42, 28.07, 76.17, 28.03, 88.24, 31.95, 62.26, 31.95, 60.84, 30.75, 29.85, -999
09/08/16 05, 3.98, 1.79, 5.10, 4.03, 2.06, 5.09, 3.26, 93.42, 1.00, 93.44, 1.00, 0.00, 0.00, 0.00, 0.00, 0.00, 0.00, 0.00, 0.00, 0.00, 0.00, 37.46, 1.00, 0.00, 0.00, 0.00, 0.00, 0.00, 0.00, 81.95, 1.00, 2.98, 36.50, 31.29, 74.73, 31.29, 66.06, 28.59, 86.08, 28.59, 59.76, 33.64, 32.74, -999
09/08/16 06, 4.08, 2.59, 4.80, 3.07, 2.72, 4.91, 2.56, 95.39, 1.00, 95.41, 1.00, 0.00, 0.00, 0.00, 0.00, 0.00, 0.00, 0.00, 0.00, 49.35, 1.00, 35.01, 1.00, 0.00, 0.00, 30.61, 1.00, 0.00, 0.00, 91.28, 1.00, 2.98, 35.44, 28.71, 75.05, 28.67, 87.27, 22.05, 84.02, 21.94, 69.95, 31.31, 30.41, -999
09/08/16 07, 3.92, 3.03, 4.54, 3.62, 3.33, 5.25, 3.33, 95.96, 1.00, 95.98, 1.00, 0.00, 0.00, 0.00, 0.00, 0.00, 0.00, 0.00, 0.00, 49.43, 1.00, 35.23, 1.00, 0.00, 0.00, 31.06, 1.00, 0.00, 0.00, 87.17, 1.00, 2.98, 35.14, 28.92, 70.05, 28.88, 87.31, 21.51, 83.09, 21.40, 67.91, 31.48, 30.58, -999
09/08/16 08, 3.73, 3.42, 4.08, 4.10, 3.77, 5.44, 3.38, 95.08, 1.00, 95.10, 1.00, 0.00, 0.00, 0.00, 0.00, 0.00, 0.00, 0.00, 0.00, 50.51, 1.00, 35.57, 1.00, 0.00, 0.00, 31.19, 1.00, 0.00, 0.00, 87.64, 1.00, 2.98, 35.61, 29.27, 71.70, 29.23, 85.56, 21.78, 82.77, 21.67, 67.75, 31.85, 30.95, -999
09/08/16 09, 3.67, 3.80, 3.70, 4.07, 3.80, 5.50, 3.49, 96.28, 1.00, 96.29, 1.00, 0.00, 0.00, 0.00, 0.00, 0.00, 0.00, 0.00, 0.00, 50.63, 1.00, 0.00, 0.00, 0.00, 0.00, 32.36, 1.00, 0.00, 0.00, 83.03, 1.00, 2.98, 34.97, 29.42, 70.89, 29.38, 85.49, 28.12, 62.54, 28.00, 69.98, 31.97, 31.07, -999
09/08/16 10, 3.58, 4.14, 3.30, 3.99, 3.01, 5.50, 3.55, 96.05, 1.00, 96.07, 1.00, 0.00, 0.00, 0.00, 0.00, 0.00, 0.00, 0.00, 0.00, 50.71, 1.00, 0.00, 0.00, 0.00, 0.00, 31.76, 1.00, 0.00, 0.00, 81.60, 1.00, 2.98, 35.09, 29.69, 68.80, 29.65, 85.58, 28.25, 61.73, 28.13, 72.23, 32.23, 31.33, -999
09/08/16 11, 3.53, 4.35, 3.15, 3.95, 2.22, 5.50, 4.05, 95.19, 1.00, 95.21, 1.00, 0.00, 0.00, 35.66, 1.00, 0.00, 0.00, 0.00, 0.00, 50.26, 1.00, 0.00, 0.00, 0.00, 0.00, 32.03, 1.00, 0.00, 0.00, 88.27, 1.00, 2.98, 35.55, 28.74, 89.69, 28.81, 85.63, 28.43, 61.55, 28.31, 71.47, 31.75, 30.85, -999
09/08/16 12, 3.56, 4.37, 3.66, 3.99, 1.52, 5.50, 4.32, 95.96, 1.00, 95.98, 1.00, 0.00, 0.00, 34.56, 1.00, 0.00, 0.00, 0.00, 0.00, 50.57, 1.00, 0.00, 0.00, 0.00, 0.00, 32.28, 1.00, 0.00, 0.00, 85.65, 1.00, 2.98, 35.14, 28.77, 91.61, 28.83, 85.06, 28.19, 60.86, 28.07, 70.36, 31.75, 30.85, -999
09/08/16 13, 3.41, 4.35, 4.22, 3.82, 1.69, 5.50, 4.19, 96.42, 1.00, 96.44, 1.00, 0.00, 0.00, 35.19, 1.00, 0.00, 0.00, 0.00, 0.00, 50.41, 1.00, 35.40, 1.00, 0.00, 0.00, 29.89, 1.00, 0.00, 0.00, 82.36, 1.00, 2.98, 34.90, 28.73, 90.49, 28.79, 85.32, 21.32, 82.61, 21.22, 71.56, 31.69, 30.79, -999
09/08/16 14, 3.24, 4.31, 4.72, 3.80, 2.24, 5.50, 4.63, 96.21, 1.00, 96.23, 1.00, 0.00, 0.00, 34.49, 1.00, 0.00, 0.00, 0.00, 0.00, 50.35, 1.00, 35.71, 1.00, 0.00, 0.00, 29.61, 1.00, 0.00, 0.00, 83.02, 1.00, 2.98, 35.01, 28.71, 91.68, 28.77, 85.43, 21.36, 82.09, 21.26, 72.50, 31.67, 30.77, -999
09/08/16 15, 3.16, 4.30, 5.25, 3.81, 2.67, 5.33, 4.08, 95.77, 1.00, 95.79, 1.00, 0.00, 0.00, 35.36, 1.00, 0.00, 0.00, 0.00, 0.00, 49.56, 1.00, 37.27, 1.00, 0.00, 0.00, 0.00, 0.00, 0.00, 0.00, 85.37, 1.00, 2.98, 35.24, 28.70, 90.18, 28.77, 86.97, 27.30, 85.16, 27.30, 56.13, 31.68, 30.78, -999
09/08/16 16, 3.19, 4.59, 4.95, 4.21, 3.21, 4.89, 2.09, 95.58, 1.00, 95.60, 1.00, 0.00, 0.00, 0.00, 0.00, 0.00, 0.00, 0.00, 0.00, 50.45, 1.00, 35.22, 1.00, 0.00, 0.00, 31.20, 1.00, 0.00, 0.00, 78.52, 1.00, 2.98, 35.35, 30.02, 72.36, 29.98, 86.44, 21.35, 82.95, 21.24, 67.29, 32.54, 31.64, -999
09/08/16 17, 3.11, 4.88, 4.56, 4.35, 3.65, 5.08, 2.26, 95.58, 1.00, 95.60, 1.00, 0.00, 0.00, 0.00, 0.00, 0.00, 0.00, 0.00, 0.00, 50.00, 1.00, 34.79, 1.00, 0.00, 0.00, 30.97, 1.00, 0.00, 0.00, 76.51, 1.00, 2.98, 35.35, 30.25, 72.88, 30.21, 87.55, 21.47, 83.80, 21.36, 68.16, 32.76, 31.86, -999
09/08/16 18, 3.12, 5.37, 4.21, 3.72, 3.88, 5.33, 2.67, 94.92, 1.00, 94.94, 1.00, 0.00, 0.00, 0.00, 0.00, 0.00, 0.00, 0.00, 0.00, 0.00, 0.00, 0.00, 0.00, 0.00, 0.00, 32.49, 1.00, 0.00, 0.00, 59.61, 1.00, 2.98, 35.70, 32.87, 71.36, 32.87, 62.76, 28.23, 63.75, 28.10, 69.65, 35.10, 34.20, -999
09/08/16 19, 3.44, 5.22, 3.81, 3.09, 3.27, 5.50, 3.31, 93.51, 1.00, 93.53, 1.00, 0.00, 0.00, 0.00, 0.00, 0.00, 0.00, 0.00, 0.00, 49.85, 1.00, 0.00, 0.00, 0.00, 0.00, 31.58, 1.00, 0.00, 0.00, 0.00, 0.00, 2.98, 36.45, 28.24, 72.96, 28.20, 85.84, 29.11, 61.60, 28.99, 73.73, 40.01, 29.62, -999
09/08/16 20, 3.68, 4.69, 3.49, 3.38, 2.43, 5.50, 4.08, 91.22, 1.00, 91.24, 1.00, 0.00, 0.00, 0.00, 0.00, 0.00, 0.00, 0.00, 0.00, 49.98, 1.00, 0.00, 0.00, 0.00, 0.00, 33.02, 1.00, 0.00, 0.00, 0.00, 0.00, 2.98, 37.66, 27.71, 69.48, 27.66, 85.04, 30.06, 61.34, 29.93, 69.55, 41.38, 29.08, -999
09/08/16 21, 4.02, 4.16, 3.05, 3.45, 1.67, 5.50, 3.87, 91.81, 1.00, 91.83, 1.00, 0.00, 0.00, 0.00, 0.00, 0.00, 0.00, 0.00, 0.00, 50.15, 1.00, 0.00, 0.00, 0.00, 0.00, 32.93, 1.00, 0.00, 0.00, 0.00, 0.00, 2.98, 37.35, 27.16, 69.09, 27.12, 84.16, 29.94, 59.71, 29.82, 69.76, 41.12, 28.54, -999
09/08/16 22, 4.18, 3.34, 3.29, 3.19, 1.75, 5.50, 3.63, 92.46, 1.00, 92.48, 1.00, 0.00, 0.00, 34.43, 1.00, 0.00, 0.00, 0.00, 0.00, 48.66, 1.00, 36.51, 1.00, 0.00, 0.00, 31.10, 1.00, 0.00, 0.00, 0.00, 0.00, 2.98, 37.01, 23.15, 86.21, 23.21, 83.12, 22.46, 81.76, 22.34, 68.71, 40.49, 24.92, -999
09/08/16 23, 4.33, 2.46, 3.70, 2.95, 2.09, 5.50, 3.52, 92.36, 1.00, 92.38, 1.00, 0.00, 0.00, 34.38, 1.00, 0.00, 0.00, 0.00, 0.00, 48.11, 1.00, 36.21, 1.00, 0.00, 0.00, 31.07, 1.00, 0.00, 0.00, 0.00, 0.00, 2.98, 37.06, 22.34, 85.48, 22.40, 83.32, 22.66, 82.51, 22.55, 69.03, 40.60, 24.10, -999
10/08/16 00, 4.48, 1.59, 4.07, 2.93, 2.51, 5.50, 3.51, 91.12, 1.00, 91.14, 1.00, 0.00, 0.00, 32.95, 1.00, 0.00, 0.00, 0.00, 0.00, 47.48, 1.00, 36.30, 1.00, 0.00, 0.00, 30.61, 1.00, 0.00, 0.00, 0.00, 0.00, 2.98, 37.71, 21.70, 87.20, 21.76, 83.82, 23.42, 83.10, 23.31, 71.32, 41.32, 23.43, -999
10/08/16 01, 4.45, 0.74, 4.49, 3.11, 2.93, 5.50, 3.95, 111.46, 1.00, 0.00, 0.00, 0.00, 0.00, 31.55, 1.00, 0.00, 0.00, 0.00, 0.00, 46.39, 1.00, 35.12, 1.00, 0.00, 0.00, 30.08, 1.00, 0.00, 0.00, 0.00, 0.00, 2.99, 26.63, 21.13, 88.81, 21.18, 85.18, 23.23, 85.00, 23.12, 72.85, 38.94, 22.83, -999
10/08/16 02, 4.14, 0.63, 4.99, 3.62, 3.59, 5.50, 4.59, 117.40, 1.00, 0.00, 0.00, 0.00, 0.00, 32.66, 1.00, 0.00, 0.00, 0.00, 0.00, 47.80, 1.00, 34.31, 1.00, 0.00, 0.00, 28.99, 1.00, 0.00, 0.00, 95.30, 1.00, 2.99, 23.25, 25.28, 91.23, 25.34, 86.83, 20.68, 83.82, 20.58, 73.74, 28.26, 27.36, -999
10/08/16 03, 3.80, 0.94, 5.19, 4.16, 3.91, 5.29, 3.85, 114.10, 1.00, 0.00, 0.00, 0.00, 0.00, 0.00, 0.00, 0.00, 0.00, 0.00, 0.00, 48.03, 1.00, 0.00, 0.00, 0.00, 0.00, 0.00, 0.00, 0.00, 0.00, 97.31, 1.00, 2.99, 25.14, 27.52, 76.20, 27.49, 88.55, 31.04, 64.28, 31.04, 60.25, 30.15, 29.25, -999
10/08/16 04, 3.71, 1.53, 4.97, 4.42, 3.39, 5.03, 2.85, 113.54, 1.00, 0.00, 0.00, 0.00, 0.00, 0.00, 0.00, 0.00, 0.00, 0.00, 0.00, 0.00, 0.00, 0.00, 0.00, 0.00, 0.00, 0.00, 0.00, 0.00, 0.00, 76.88, 1.00, 2.99, 25.46, 30.53, 76.74, 30.53, 69.50, 31.20, 64.24, 31.20, 58.72, 32.86, 31.96, -999
10/08/16 05, 3.63, 2.32, 4.81, 3.64, 2.98, 5.19, 3.07, 114.93, 1.00, 0.00, 0.00, 0.00, 0.00, 0.00, 0.00, 0.00, 0.00, 0.00, 0.00, 0.00, 0.00, 0.00, 0.00, 0.00, 0.00, 32.29, 1.00, 0.00, 0.00, 69.25, 1.00, 2.99, 24.67, 30.62, 74.82, 30.62, 68.56, 27.98, 63.45, 27.86, 70.11, 32.90, 32.00, -999
10/08/16 06, 3.43, 2.97, 4.53, 3.16, 2.48, 5.50, 3.62, 115.25, 1.00, 0.00, 0.00, 0.00, 0.00, 0.00, 0.00, 0.00, 0.00, 0.00, 0.00, 49.48, 1.00, 0.00, 0.00, 0.00, 0.00, 31.53, 1.00, 0.00, 0.00, 82.70, 1.00, 2.99, 24.48, 28.64, 75.94, 28.60, 86.94, 27.83, 62.86, 27.72, 72.64, 31.18, 30.28, -999
10/08/16 07, 3.24, 3.32, 4.34, 3.65, 1.96, 5.49, 4.97, 115.31, 1.00, 0.00, 0.00, 0.00, 0.00, 0.00, 0.00, 0.00, 0.00, 0.00, 0.00, 49.40, 1.00, 0.00, 0.00, 0.00, 0.00, 0.00, 0.00, 0.00, 0.00, 81.15, 1.00, 2.99, 24.45, 28.91, 72.77, 28.87, 87.38, 30.44, 62.09, 30.44, 57.84, 31.45, 30.55, -999
10/08/16 08, 3.11, 3.64, 3.99, 4.13, 1.39, 5.11, 3.15, 117.34, 1.00, 0.00, 0.00, 0.00, 0.00, 0.00, 0.00, 0.00, 0.00, 0.00, 0.00, 49.07, 1.00, 37.13, 1.00, 0.00, 0.00, 0.00, 0.00, 0.00, 0.00, 70.75, 1.00, 2.99, 23.28, 28.85, 74.39, 28.81, 87.93, 25.91, 84.04, 25.91, 57.55, 31.32, 30.42, -999
10/08/16 09, 2.76, 3.93, 3.73, 4.18, 1.92, 5.10, 2.71, 117.53, 1.00, 0.00, 0.00, 0.00, 0.00, 0.00, 0.00, 0.00, 0.00, 0.00, 0.00, 0.00, 0.00, 35.31, 1.00, 0.00, 0.00, 30.63, 1.00, 0.00, 0.00, 50.26, 1.00, 2.99, 23.17, 30.75, 68.69, 30.75, 61.55, 19.78, 81.22, 19.67, 67.60, 32.95, 32.05, -999
10/08/16 10, 2.44, 4.35, 3.26, 2.93, 2.30, 5.29, 2.88, 119.09, 1.00, 0.00, 0.00, 0.00, 0.00, 0.00, 0.00, 0.00, 0.00, 0.00, 0.00, 50.53, 1.00, 34.72, 1.00, 0.00, 0.00, 30.44, 1.00, 0.00, 0.00, 55.37, 1.00, 2.99, 22.27, 29.18, 70.34, 29.14, 85.43, 19.00, 81.45, 18.89, 67.47, 31.59, 30.69, -999
10/08/16 11, 2.06, 4.27, 3.17, 3.11, 2.71, 5.47, 2.97, 119.48, 1.00, 0.00, 0.00, 0.00, 0.00, 36.76, 1.00, 0.00, 0.00, 0.00, 0.00, 50.21, 1.00, 34.37, 1.00, 0.00, 0.00, 30.44, 1.00, 0.00, 0.00, 59.57, 1.00, 2.99, 22.05, 28.05, 87.03, 28.12, 85.05, 18.81, 81.86, 18.70, 67.29, 30.92, 30.02, -999
10/08/16 12, 1.69, 3.98, 3.59, 3.21, 3.16, 5.50, 3.09, 119.13, 1.00, 0.00, 0.00, 0.00, 0.00, 34.51, 1.00, 0.00, 0.00, 0.00, 0.00, 50.42, 1.00, 34.25, 1.00, 0.00, 0.00, 29.76, 1.00, 0.00, 0.00, 62.05, 1.00, 2.99, 22.25, 27.96, 90.90, 28.02, 84.54, 19.19, 82.43, 19.08, 69.83, 30.81, 29.91, -999
10/08/16 13, 1.37, 3.74, 4.13, 3.14, 3.63, 5.50, 3.44, 118.92, 1.00, 0.00, 0.00, 0.00, 0.00, 34.62, 1.00, 0.00, 0.00, 0.00, 0.00, 49.04, 1.00, 34.59, 1.00, 0.00, 0.00, 29.25, 1.00, 0.00, 0.00, 63.92, 1.00, 2.99, 22.37, 27.83, 90.58, 27.90, 87.08, 19.32, 81.99, 19.21, 71.58, 30.67, 29.77, -999
10/08/16 14, 1.09, 3.53, 4.65, 3.68, 3.96, 5.50, 4.05, 120.53, 1.00, 0.00, 0.00, 0.00, 0.00, 35.32, 1.00, 0.00, 0.00, 0.00, 0.00, 49.50, 1.00, 33.63, 1.00, 0.00, 0.00, 29.70, 1.00, 0.00, 0.00, 58.95, 1.00, 2.99, 21.44, 27.40, 88.95, 27.47, 85.77, 18.43, 82.71, 18.32, 69.27, 30.23, 29.33, -999
10/08/16 15, 0.98, 3.37, 5.10, 3.89, 3.61, 5.50, 4.22, 97.43, 1.00, 97.45, 1.00, 0.00, 0.00, 34.45, 1.00, 0.00, 0.00, 0.00, 0.00, 49.85, 1.00, 0.00, 0.00, 0.00, 0.00, 31.18, 1.00, 0.00, 0.00, 80.06, 1.00, 2.97, 34.35, 27.76, 90.79, 27.82, 85.46, 26.26, 62.37, 26.14, 72.23, 30.69, 29.79, -999
10/08/16 16, 1.10, 3.49, 5.17, 3.96, 2.83, 5.50, 4.66, 97.54, 1.00, 97.55, 1.00, 0.00, 0.00, 0.00, 0.00, 0.00, 0.00, 0.00, 0.00, 49.96, 1.00, 0.00, 0.00, 0.00, 0.00, 31.53, 1.00, 0.00, 0.00, 74.94, 1.00, 2.97, 34.30, 28.80, 72.53, 28.76, 86.18, 26.24, 62.27, 26.12, 71.03, 31.30, 30.40, -999
10/08/16 17, 1.20, 3.75, 4.78, 4.15, 2.15, 5.50, 4.78, 97.15, 1.00, 97.17, 1.00, 0.00, 0.00, 0.00, 0.00, 0.00, 0.00, 0.00, 0.00, 49.34, 1.00, 0.00, 0.00, 0.00, 0.00, 31.12, 1.00, 0.00, 0.00, 74.74, 1.00, 2.97, 34.51, 29.08, 73.82, 29.04, 87.66, 26.51, 61.91, 26.39, 72.71, 31.58, 30.68, -999
10/08/16 18, 1.44, 4.05, 4.46, 4.61, 1.52, 5.12, 3.04, 95.94, 1.00, 95.96, 1.00, 0.00, 0.00, 0.00, 0.00, 0.00, 0.00, 0.00, 0.00, 0.00, 0.00, 0.00, 0.00, 0.00, 0.00, 0.00, 0.00, 0.00, 0.00, 62.23, 1.00, 2.98, 35.15, 31.76, 71.69, 31.76, 64.72, 29.99, 60.72, 29.99, 56.58, 34.00, 33.10, -999
10/08/16 19, 1.55, 4.66, 4.06, 3.20, 1.68, 5.02, 2.29, 97.68, 1.00, 97.70, 1.00, 0.00, 0.00, 0.00, 0.00, 0.00, 0.00, 0.00, 0.00, 0.00, 0.00, 34.91, 1.00, 0.00, 0.00, 31.02, 1.00, 0.00, 0.00, 51.42, 1.00, 2.97, 34.22, 31.56, 72.56, 31.56, 64.92, 19.61, 81.75, 19.50, 66.13, 33.76, 32.86, -999
10/08/16 20, 1.45, 4.87, 3.72, 3.38, 2.17, 5.07, 1.99, 97.37, 1.00, 97.39, 1.00, 0.00, 0.00, 0.00, 0.00, 0.00, 0.00, 0.00, 0.00, 51.34, 1.00, 35.39, 1.00, 0.00, 0.00, 31.01, 1.00, 0.00, 0.00, 66.54, 1.00, 2.97, 34.39, 29.88, 71.90, 29.83, 84.50, 19.65, 80.94, 19.53, 66.20, 32.34, 31.44, -999
10/08/16 21, 1.42, 5.03, 3.36, 3.09, 2.48, 5.15, 1.80, 98.52, 1.00, 98.53, 1.00, 0.00, 0.00, 0.00, 0.00, 0.00, 0.00, 0.00, 0.00, 50.82, 1.00, 35.38, 1.00, 0.00, 0.00, 30.79, 1.00, 0.00, 0.00, 60.82, 1.00, 2.97, 33.77, 29.93, 69.46, 29.89, 85.61, 19.15, 80.45, 19.04, 66.44, 32.36, 31.46, -999
10/08/16 22, 1.30, 5.07, 3.08, 3.25, 2.67, 5.26, 1.78, 98.38, 1.00, 98.40, 1.00, 0.00, 0.00, 36.45, 1.00, 0.00, 0.00, 0.00, 0.00, 50.96, 1.00, 35.07, 1.00, 0.00, 0.00, 30.87, 1.00, 0.00, 0.00, 65.16, 1.00, 2.97, 33.84, 29.03, 88.59, 29.10, 84.53, 19.23, 81.09, 19.12, 66.26, 31.93, 31.03, -999
10/08/16 23, 1.19, 4.84, 3.56, 3.09, 2.96, 5.34, 1.67, 98.09, 1.00, 98.11, 1.00, 0.00, 0.00, 36.29, 1.00, 0.00, 0.00, 0.00, 0.00, 50.71, 1.00, 35.09, 1.00, 0.00, 0.00, 30.91, 1.00, 0.00, 0.00, 67.39, 1.00, 2.97, 34.00, 28.89, 88.72, 28.96, 84.89, 19.31, 81.14, 19.20, 66.22, 31.79, 30.89, -999
11/08/16 00, 1.12, 4.63, 4.03, 3.10, 3.22, 5.40, 1.56, 97.61, 1.00, 97.63, 1.00, 0.00, 0.00, 35.08, 1.00, 0.00, 0.00, 0.00, 0.00, 50.53, 1.00, 34.56, 1.00, 0.00, 0.00, 30.75, 1.00, 0.00, 0.00, 69.96, 1.00, 2.97, 34.26, 28.81, 90.78, 28.88, 85.18, 19.65, 82.38, 19.54, 67.08, 31.71, 30.81, -999
11/08/16 01, 1.10, 4.47, 4.55, 3.20, 3.65, 5.50, 1.87, 97.55, 1.00, 97.57, 1.00, 0.00, 0.00, 35.18, 1.00, 0.00, 0.00, 0.00, 0.00, 50.13, 1.00, 34.05, 1.00, 0.00, 0.00, 29.86, 1.00, 0.00, 0.00, 71.19, 1.00, 2.97, 34.29, 28.69, 90.48, 28.76, 85.84, 20.01, 83.59, 19.90, 70.36, 31.59, 30.69, -999
11/08/16 02, 1.14, 4.34, 5.05, 3.45, 3.80, 5.50, 2.54, 96.85, 1.00, 96.87, 1.00, 0.00, 0.00, 33.94, 1.00, 0.00, 0.00, 0.00, 0.00, 49.13, 1.00, 0.00, 0.00, 0.00, 0.00, 30.87, 1.00, 0.00, 0.00, 75.75, 1.00, 2.98, 34.66, 28.71, 92.59, 28.77, 87.78, 26.63, 64.25, 26.51, 73.66, 31.60, 30.70, -999
11/08/16 03, 1.29, 4.43, 5.18, 4.04, 3.29, 5.50, 3.46, 96.06, 1.00, 96.08, 1.00, 0.00, 0.00, 0.00, 0.00, 0.00, 0.00, 0.00, 0.00, 49.11, 1.00, 0.00, 0.00, 0.00, 0.00, 29.82, 1.00, 0.00, 0.00, 74.61, 1.00, 2.98, 35.09, 29.76, 76.09, 29.72, 88.77, 27.19, 63.89, 27.08, 77.66, 32.26, 31.36, -999
11/08/16 04, 1.49, 4.79, 4.95, 4.26, 2.82, 5.50, 4.84, 93.59, 1.00, 93.61, 1.00, 0.00, 0.00, 0.00, 0.00, 0.00, 0.00, 0.00, 0.00, 0.00, 0.00, 0.00, 0.00, 0.00, 0.00, 0.00, 0.00, 0.00, 0.00, 66.09, 1.00, 2.98, 36.41, 32.81, 76.65, 32.81, 69.31, 30.99, 64.06, 30.99, 60.88, 35.08, 34.18, -999
11/08/16 05, 1.88, 5.48, 4.78, 3.48, 2.51, 5.25, 3.71, 91.42, 1.00, 91.43, 1.00, 0.00, 0.00, 0.00, 0.00, 0.00, 0.00, 0.00, 0.00, 0.00, 0.00, 0.00, 0.00, 0.00, 0.00, 0.00, 0.00, 0.00, 0.00, 69.95, 1.00, 2.98, 37.55, 33.84, 75.34, 33.84, 69.22, 32.12, 63.12, 32.12, 59.99, 36.13, 35.23, -999
11/08/16 06, 2.54, 5.54, 4.54, 3.23, 2.03, 4.98, 2.67, 87.86, 1.00, 87.88, 1.00, 0.00, 0.00, 0.00, 0.00, 0.00, 0.00, 0.00, 0.00, 48.81, 1.00, 0.00, 0.00, 0.00, 0.00, 0.00, 0.00, 0.00, 0.00, 0.00, 0.00, 2.98, 39.41, 28.64, 74.01, 28.60, 88.22, 34.44, 62.87, 34.44, 58.16, 43.56, 30.01, -999
11/08/16 07, 3.03, 5.03, 4.23, 3.92, 1.61, 5.15, 2.91, 90.94, 1.00, 90.96, 1.00, 0.00, 0.00, 0.00, 0.00, 0.00, 0.00, 0.00, 0.00, 48.43, 1.00, 0.00, 0.00, 0.00, 0.00, 33.06, 1.00, 0.00, 0.00, 0.00, 0.00, 2.98, 37.80, 28.15, 75.00, 28.11, 88.45, 29.91, 61.45, 29.78, 69.24, 41.39, 29.52, -999
11/08/16 08, 3.30, 4.57, 4.00, 4.39, 1.87, 5.38, 3.14, 92.16, 1.00, 92.18, 1.00, 0.00, 0.00, 0.00, 0.00, 0.00, 0.00, 0.00, 0.00, 0.00, 0.00, 36.11, 1.00, 0.00, 0.00, 31.28, 1.00, 0.00, 0.00, 0.00, 0.00, 2.98, 37.16, 29.57, 73.39, 29.57, 63.11, 22.28, 82.31, 22.16, 67.91, 40.39, 30.76, -999
11/08/16 09, 3.53, 4.51, 3.69, 3.01, 2.30, 5.50, 3.28, 92.63, 1.00, 92.64, 1.00, 0.00, 0.00, 0.00, 0.00, 0.00, 0.00, 0.00, 0.00, 50.06, 1.00, 36.07, 1.00, 0.00, 0.00, 30.55, 1.00, 0.00, 0.00, 0.00, 0.00, 2.98, 36.92, 27.52, 66.97, 27.48, 84.70, 22.34, 82.44, 22.23, 70.44, 40.21, 28.90, -999
11/08/16 10, 3.72, 3.98, 3.17, 3.08, 2.70, 5.50, 3.63, 92.28, 1.00, 92.30, 1.00, 0.00, 0.00, 0.00, 0.00, 0.00, 0.00, 0.00, 0.00, 49.60, 1.00, 35.94, 1.00, 0.00, 0.00, 30.76, 1.00, 0.00, 0.00, 0.00, 0.00, 2.98, 37.10, 27.02, 70.33, 26.98, 85.09, 22.57, 82.90, 22.46, 69.96, 40.45, 28.40, -999
11/08/16 11, 3.91, 3.25, 3.25, 3.24, 3.12, 5.50, 3.81, 90.65, 1.00, 90.67, 1.00, 0.00, 0.00, 33.19, 1.00, 0.00, 0.00, 0.00, 0.00, 48.40, 1.00, 35.99, 1.00, 0.00, 0.00, 30.87, 1.00, 0.00, 0.00, 0.00, 0.00, 2.98, 37.96, 23.23, 88.34, 23.29, 83.67, 23.43, 83.66, 23.31, 70.47, 41.42, 24.98, -999
11/08/16 12, 4.18, 2.39, 3.73, 3.20, 3.57, 5.50, 4.05, 91.40, 1.00, 91.42, 1.00, 0.00, 0.00, 34.36, 1.00, 0.00, 0.00, 0.00, 0.00, 47.46, 1.00, 36.16, 1.00, 0.00, 0.00, 30.68, 1.00, 0.00, 0.00, 0.00, 0.00, 2.98, 37.56, 22.34, 85.53, 22.41, 84.51, 23.17, 83.11, 23.06, 70.85, 41.08, 24.09, -999
11/08/16 13, 4.39, 1.53, 4.10, 3.46, 3.89, 5.50, 4.33, 90.48, 1.00, 90.50, 1.00, 0.00, 0.00, 32.24, 1.00, 0.00, 0.00, 0.00, 0.00, 47.40, 1.00, 35.35, 1.00, 0.00, 0.00, 30.74, 1.00, 0.00, 0.00, 0.00, 0.00, 2.98, 38.05, 21.73, 88.34, 21.78, 84.00, 23.91, 85.28, 23.80, 71.37, 41.66, 23.45, -999
11/08/16 14, 4.57, 0.68, 4.56, 3.57, 3.55, 5.50, 4.74, 111.99, 1.00, 0.00, 0.00, 0.00, 0.00, 33.17, 1.00, 0.00, 0.00, 0.00, 0.00, 47.11, 1.00, 0.00, 0.00, 0.00, 0.00, 31.71, 1.00, 0.00, 0.00, 0.00, 0.00, 2.99, 26.33, 20.81, 85.96, 20.87, 83.60, 29.51, 62.51, 29.40, 73.69, 38.89, 22.54, -999
11/08/16 15, 4.37, 0.65, 4.96, 3.64, 2.80, 5.21, 3.46, 114.44, 1.00, 0.00, 0.00, 0.00, 0.00, 33.77, 1.00, 0.00, 0.00, 0.00, 0.00, 48.73, 1.00, 0.00, 0.00, 0.00, 0.00, 0.00, 0.00, 0.00, 0.00, 107.21, 1.00, 2.99, 24.94, 25.57, 89.74, 25.63, 85.41, 31.09, 62.22, 31.09, 57.28, 28.66, 27.76, -999
11/08/16 16, 4.12, 0.96, 5.23, 3.87, 2.11, 5.00, 2.37, 115.82, 1.00, 0.00, 0.00, 0.00, 0.00, 0.00, 0.00, 0.00, 0.00, 0.00, 0.00, 49.39, 1.00, 0.00, 0.00, 0.00, 0.00, 32.50, 1.00, 0.00, 0.00, 92.44, 1.00, 2.99, 24.16, 27.14, 73.26, 27.10, 85.62, 27.51, 61.36, 27.39, 68.87, 29.75, 28.85, -999
11/08/16 17, 3.78, 1.39, 4.86, 4.02, 1.56, 5.25, 2.74, 117.99, 1.00, 0.00, 0.00, 0.00, 0.00, 0.00, 0.00, 0.00, 0.00, 0.00, 0.00, 49.24, 1.00, 34.78, 1.00, 0.00, 0.00, 30.57, 1.00, 0.00, 0.00, 82.00, 1.00, 2.99, 22.91, 27.04, 73.94, 27.00, 85.80, 19.77, 82.12, 19.66, 67.79, 29.57, 28.67, -999
11/08/16 18, 3.34, 1.73, 4.54, 4.20, 2.12, 5.46, 2.95, 118.37, 1.00, 0.00, 0.00, 0.00, 0.00, 0.00, 0.00, 0.00, 0.00, 0.00, 0.00, 49.31, 1.00, 35.11, 1.00, 0.00, 0.00, 30.36, 1.00, 0.00, 0.00, 78.39, 1.00, 2.99, 22.69, 27.21, 72.72, 27.17, 85.84, 19.46, 81.24, 19.35, 68.20, 29.72, 28.82, -999
11/08/16 19, 2.92, 2.02, 4.18, 4.34, 2.50, 5.50, 3.43, 120.44, 1.00, 0.00, 0.00, 0.00, 0.00, 0.00, 0.00, 0.00, 0.00, 0.00, 0.00, 48.90, 1.00, 34.54, 1.00, 0.00, 0.00, 30.52, 1.00, 0.00, 0.00, 68.17, 1.00, 2.99, 21.49, 27.15, 70.76, 27.11, 86.56, 18.22, 80.99, 18.11, 66.44, 29.61, 28.71, -999
11/08/16 20, 2.45, 2.31, 3.76, 4.21, 2.85, 5.49, 2.90, 118.55, 1.00, 0.00, 0.00, 0.00, 0.00, 0.00, 0.00, 0.00, 0.00, 0.00, 0.00, 0.00, 0.00, 35.06, 1.00, 0.00, 0.00, 30.69, 1.00, 0.00, 0.00, 56.43, 1.00, 2.99, 22.58, 29.56, 69.92, 29.56, 56.39, 19.18, 81.06, 19.07, 66.81, 31.79, 30.89, -999
11/08/16 21, 2.08, 2.72, 3.33, 2.84, 3.11, 5.50, 2.78, 120.81, 1.00, 0.00, 0.00, 0.00, 0.00, 0.00, 0.00, 0.00, 0.00, 0.00, 0.00, 50.29, 1.00, 34.60, 1.00, 0.00, 0.00, 29.77, 1.00, 0.00, 0.00, 60.62, 1.00, 2.99, 21.28, 27.63, 68.60, 27.59, 84.37, 18.09, 80.75, 17.98, 68.71, 30.06, 29.16, -999
11/08/16 22, 1.64, 2.72, 3.12, 2.84, 3.35, 5.50, 2.97, 122.08, 1.00, 0.00, 0.00, 0.00, 0.00, 35.78, 1.00, 0.00, 0.00, 0.00, 0.00, 49.67, 1.00, 34.31, 1.00, 0.00, 0.00, 30.05, 1.00, 0.00, 0.00, 59.14, 1.00, 2.99, 20.54, 26.56, 87.31, 26.63, 84.62, 17.25, 80.39, 17.14, 66.97, 29.41, 28.51, -999
11/08/16 23, 1.17, 2.44, 3.56, 2.97, 3.53, 5.50, 2.71, 120.69, 1.00, 0.00, 0.00, 0.00, 0.00, 35.55, 1.00, 0.00, 0.00, 0.00, 0.00, 49.93, 1.00, 34.30, 1.00, 0.00, 0.00, 30.06, 1.00, 0.00, 0.00, 66.38, 1.00, 2.99, 21.35, 26.53, 87.67, 26.60, 84.07, 18.09, 81.25, 17.98, 67.78, 29.41, 28.51, -999
12/08/16 00, 0.95, 2.33, 4.01, 2.91, 3.82, 5.50, 2.71, 98.02, 1.00, 98.04, 1.00, 0.00, 0.00, 33.52, 1.00, 0.00, 0.00, 0.00, 0.00, 49.87, 1.00, 34.51, 1.00, 0.00, 0.00, 30.48, 1.00, 0.00, 0.00, 84.40, 1.00, 2.97, 34.03, 26.76, 91.33, 26.82, 84.41, 19.53, 82.35, 19.43, 67.86, 29.70, 28.80, -999
12/08/16 01, 0.96, 2.35, 4.55, 2.96, 3.62, 5.50, 2.74, 97.34, 1.00, 97.36, 1.00, 0.00, 0.00, 33.85, 1.00, 0.00, 0.00, 0.00, 0.00, 49.00, 1.00, 0.00, 0.00, 0.00, 0.00, 30.88, 1.00, 0.00, 0.00, 87.68, 1.00, 2.97, 34.40, 26.80, 90.85, 26.87, 86.14, 26.32, 63.01, 26.21, 73.32, 29.77, 28.87, -999
12/08/16 02, 1.07, 2.41, 5.07, 3.39, 2.93, 5.50, 3.59, 97.12, 1.00, 97.14, 1.00, 0.00, 0.00, 32.90, 1.00, 0.00, 0.00, 0.00, 0.00, 48.86, 1.00, 0.00, 0.00, 0.00, 0.00, 30.70, 1.00, 0.00, 0.00, 88.33, 1.00, 2.97, 34.52, 26.89, 92.47, 26.95, 86.48, 26.49, 63.20, 26.38, 74.09, 29.84, 28.94, -999
12/08/16 03, 1.20, 2.62, 5.22, 3.83, 2.39, 5.50, 4.44, 96.13, 1.00, 96.14, 1.00, 0.00, 0.00, 0.00, 0.00, 0.00, 0.00, 0.00, 0.00, 48.22, 1.00, 0.00, 0.00, 0.00, 0.00, 30.10, 1.00, 0.00, 0.00, 84.45, 1.00, 2.98, 35.05, 28.44, 76.15, 28.40, 89.12, 27.06, 63.23, 26.95, 76.63, 30.98, 30.08, -999
12/08/16 04, 1.46, 3.03, 4.99, 4.59, 1.97, 5.32, 3.97, 93.03, 1.00, 93.05, 1.00, 0.00, 0.00, 0.00, 0.00, 0.00, 0.00, 0.00, 0.00, 0.00, 0.00, 0.00, 0.00, 0.00, 0.00, 0.00, 0.00, 0.00, 0.00, 76.14, 1.00, 2.98, 36.70, 31.96, 76.36, 31.96, 69.12, 31.15, 62.95, 31.15, 60.27, 34.28, 33.38, -999
12/08/16 05, 1.87, 3.83, 4.80, 3.73, 1.58, 5.06, 2.95, 94.43, 1.00, 94.44, 1.00, 0.00, 0.00, 0.00, 0.00, 0.00, 0.00, 0.00, 0.00, 0.00, 0.00, 0.00, 0.00, 0.00, 0.00, 0.00, 0.00, 0.00, 0.00, 68.59, 1.00, 2.98, 35.96, 32.07, 74.82, 32.07, 68.04, 30.79, 61.92, 30.79, 59.64, 34.35, 33.45, -999
12/08/16 06, 2.01, 4.43, 4.52, 3.14, 1.92, 5.12, 2.98, 95.27, 1.00, 95.29, 1.00, 0.00, 0.00, 0.00, 0.00, 0.00, 0.00, 0.00, 0.00, 49.28, 1.00, 34.90, 1.00, 0.00, 0.00, 30.99, 1.00, 0.00, 0.00, 77.37, 1.00, 2.98, 35.51, 29.87, 71.50, 29.83, 88.56, 20.95, 83.10, 20.84, 67.60, 32.38, 31.48, -999
12/08/16 07, 2.09, 4.73, 4.12, 3.85, 2.54, 5.30, 3.04, 96.47, 1.00, 96.49, 1.00, 0.00, 0.00, 0.00, 0.00, 0.00, 0.00, 0.00, 0.00, 50.55, 1.00, 35.13, 1.00, 0.00, 0.00, 30.56, 1.00, 0.00, 0.00, 72.22, 1.00, 2.98, 34.87, 29.92, 72.47, 29.88, 86.14, 20.56, 82.32, 20.45, 68.64, 32.41, 31.51, -999
12/08/16 08, 2.06, 4.95, 3.77, 3.99, 2.98, 5.50, 3.47, 95.82, 1.00, 95.84, 1.00, 0.00, 0.00, 0.00, 0.00, 0.00, 0.00, 0.00, 0.00, 50.78, 1.00, 35.49, 1.00, 0.00, 0.00, 30.07, 1.00, 0.00, 0.00, 72.75, 1.00, 2.98, 35.22, 30.15, 74.29, 30.11, 85.90, 20.82, 81.93, 20.71, 70.47, 32.64, 31.74, -999
12/08/16 09, 2.10, 5.18, 3.52, 4.02, 3.30, 5.50, 3.84, 97.40, 1.00, 97.42, 1.00, 0.00, 0.00, 0.00, 0.00, 0.00, 0.00, 0.00, 0.00, 50.88, 1.00, 34.88, 1.00, 0.00, 0.00, 30.41, 1.00, 0.00, 0.00, 66.03, 1.00, 2.97, 34.37, 30.18, 70.27, 30.14, 85.74, 20.24, 82.41, 20.13, 68.80, 32.64, 31.74, -999
12/08/16 10, 2.00, 5.33, 3.10, 3.99, 3.69, 5.50, 3.77, 96.99, 1.00, 97.01, 1.00, 0.00, 0.00, 0.00, 0.00, 0.00, 0.00, 0.00, 0.00, 51.09, 1.00, 34.97, 1.00, 0.00, 0.00, 30.13, 1.00, 0.00, 0.00, 66.19, 1.00, 2.98, 34.59, 30.34, 69.05, 30.29, 85.47, 20.43, 82.45, 20.32, 69.91, 32.80, 31.90, -999
12/08/16 11, 1.95, 5.22, 3.35, 3.86, 3.92, 5.50, 3.99, 96.60, 1.00, 96.62, 1.00, 0.00, 0.00, 36.51, 1.00, 0.00, 0.00, 0.00, 0.00, 49.81, 1.00, 0.00, 0.00, 0.00, 0.00, 31.35, 1.00, 0.00, 0.00, 72.72, 1.00, 2.98, 34.80, 29.44, 88.88, 29.51, 87.24, 27.10, 63.35, 26.98, 72.52, 32.36, 31.46, -999
12/08/16 12, 2.05, 5.09, 3.83, 4.26, 3.23, 5.50, 4.50, 97.33, 1.00, 97.35, 1.00, 0.00, 0.00, 34.61, 1.00, 0.00, 0.00, 0.00, 0.00, 48.53, 1.00, 0.00, 0.00, 0.00, 0.00, 31.59, 1.00, 0.00, 0.00, 70.80, 1.00, 2.97, 34.41, 29.37, 92.13, 29.44, 89.59, 26.86, 62.38, 26.74, 71.43, 32.24, 31.34, -999
12/08/16 13, 2.09, 5.18, 4.40, 4.19, 2.51, 5.50, 4.72, 96.78, 1.00, 96.80, 1.00, 0.00, 0.00, 36.94, 1.00, 0.00, 0.00, 0.00, 0.00, 0.00, 0.00, 0.00, 0.00, 0.00, 0.00, 30.68, 1.00, 0.00, 0.00, 65.83, 1.00, 2.98, 34.70, 30.61, 89.27, 30.73, 64.12, 27.21, 61.81, 27.10, 74.88, 33.10, 32.20, -999
12/08/16 14, 2.28, 5.43, 4.85, 3.05, 1.80, 5.21, 3.45, 95.76, 1.00, 95.78, 1.00, 0.00, 0.00, 35.62, 1.00, 0.00, 0.00, 0.00, 0.00, 51.04, 1.00, 0.00, 0.00, 0.00, 0.00, 0.00, 0.00, 0.00, 0.00, 76.80, 1.00, 2.98, 35.25, 29.72, 90.76, 29.79, 85.06, 30.43, 60.50, 30.43, 57.06, 32.67, 31.77, -999
12/08/16 15, 2.36, 5.31, 5.35, 3.07, 1.75, 4.96, 2.23, 96.12, 1.00, 96.13, 1.00, 0.00, 0.00, 0.00, 0.00, 0.00, 0.00, 0.00, 0.00, 50.80, 1.00, 35.81, 1.00, 0.00, 0.00, 30.76, 1.00, 0.00, 0.00, 70.30, 1.00, 2.98, 35.06, 30.43, 73.81, 30.39, 86.15, 20.63, 81.19, 20.52, 68.03, 32.91, 32.01, -999
12/08/16 16, 2.35, 5.48, 5.00, 3.33, 2.09, 5.20, 2.62, 93.42, 1.00, 93.43, 1.00, 0.00, 0.00, 0.00, 0.00, 0.00, 0.00, 0.00, 0.00, 50.42, 1.00, 35.70, 1.00, 0.00, 0.00, 30.98, 1.00, 0.00, 0.00, 0.00, 0.00, 2.98, 36.50, 28.46, 73.11, 28.42, 84.94, 21.43, 82.19, 21.32, 68.11, 39.42, 29.84, -999
12/08/16 17, 2.57, 4.95, 4.64, 3.34, 2.53, 5.43, 2.91, 92.90, 1.00, 92.92, 1.00, 0.00, 0.00, 0.00, 0.00, 0.00, 0.00, 0.00, 0.00, 49.40, 1.00, 35.79, 1.00, 0.00, 0.00, 30.98, 1.00, 0.00, 0.00, 0.00, 0.00, 2.98, 36.77, 28.00, 72.31, 27.96, 86.47, 21.76, 82.36, 21.65, 68.44, 39.77, 29.37, -999
12/08/16 18, 2.81, 4.42, 4.26, 3.73, 2.92, 5.50, 3.38, 92.95, 1.00, 92.97, 1.00, 0.00, 0.00, 0.00, 0.00, 0.00, 0.00, 0.00, 0.00, 49.54, 1.00, 35.83, 1.00, 0.00, 0.00, 30.10, 1.00, 0.00, 0.00, 0.00, 0.00, 2.98, 36.74, 27.47, 72.05, 27.43, 85.67, 22.06, 82.57, 21.95, 71.63, 39.82, 28.84, -999
12/08/16 19, 3.03, 3.90, 3.89, 3.91, 3.29, 5.50, 3.94, 93.18, 1.00, 93.20, 1.00, 0.00, 0.00, 0.00, 0.00, 0.00, 0.00, 0.00, 0.00, 49.46, 1.00, 34.98, 1.00, 0.00, 0.00, 30.36, 1.00, 0.00, 0.00, 0.00, 0.00, 2.98, 36.62, 26.95, 71.16, 26.91, 85.30, 22.19, 84.20, 22.08, 70.92, 39.76, 28.32, -999
12/08/16 20, 3.23, 3.37, 3.49, 3.98, 3.87, 5.50, 4.28, 93.45, 1.00, 93.46, 1.00, 0.00, 0.00, 0.00, 0.00, 0.00, 0.00, 0.00, 0.00, 49.52, 1.00, 35.39, 1.00, 0.00, 0.00, 30.96, 1.00, 0.00, 0.00, 0.00, 0.00, 2.98, 36.48, 26.42, 67.55, 26.38, 84.66, 21.88, 83.17, 21.77, 68.61, 39.67, 27.79, -999
12/08/16 21, 3.46, 2.84, 3.01, 3.85, 3.66, 5.50, 4.09, 92.56, 1.00, 92.58, 1.00, 0.00, 0.00, 34.41, 1.00, 0.00, 0.00, 0.00, 0.00, 47.90, 1.00, 0.00, 0.00, 0.00, 0.00, 32.35, 1.00, 0.00, 0.00, 0.00, 0.00, 2.98, 36.95, 22.73, 85.83, 22.80, 84.10, 29.44, 62.47, 29.31, 71.34, 40.55, 24.49, -999
12/08/16 22, 3.75, 1.97, 3.41, 3.83, 2.89, 5.50, 4.30, 92.11, 1.00, 92.13, 1.00, 0.00, 0.00, 34.35, 1.00, 0.00, 0.00, 0.00, 0.00, 47.86, 1.00, 0.00, 0.00, 0.00, 0.00, 32.22, 1.00, 0.00, 0.00, 0.00, 0.00, 2.98, 37.19, 21.87, 85.08, 21.94, 83.33, 29.80, 61.62, 29.67, 72.16, 40.89, 23.63, -999
12/08/16 23, 4.04, 1.10, 3.78, 3.57, 2.10, 5.50, 4.63, 91.53, 1.00, 91.55, 1.00, 0.00, 0.00, 33.31, 1.00, 0.00, 0.00, 0.00, 0.00, 47.45, 1.00, 0.00, 0.00, 0.00, 0.00, 32.30, 1.00, 0.00, 0.00, 0.00, 0.00, 2.98, 37.50, 21.17, 86.09, 21.23, 83.35, 30.18, 60.68, 30.06, 72.26, 41.30, 22.91, -999
13/08/16 00, 4.22, 0.53, 4.18, 3.49, 1.61, 5.37, 4.22, 95.30, 1.00, 95.32, 1.00, 0.00, 0.00, 34.10, 1.00, 0.00, 0.00, 0.00, 0.00, 49.05, 1.00, 38.18, 1.00, 0.00, 0.00, 0.00, 0.00, 0.00, 0.00, 111.00, 1.00, 2.98, 35.49, 25.56, 89.19, 25.63, 84.80, 27.93, 84.07, 27.93, 57.14, 28.69, 27.79, -999
13/08/16 01, 4.09, 0.82, 4.66, 3.59, 2.06, 5.01, 2.51, 95.06, 1.00, 95.08, 1.00, 0.00, 0.00, 33.52, 1.00, 0.00, 0.00, 0.00, 0.00, 47.98, 1.00, 35.29, 1.00, 0.00, 0.00, 30.92, 1.00, 0.00, 0.00, 108.93, 1.00, 2.98, 35.62, 25.85, 90.43, 25.91, 87.07, 22.10, 83.58, 21.99, 68.98, 28.95, 28.05, -999
13/08/16 02, 3.92, 1.10, 5.16, 4.15, 2.67, 5.29, 3.05, 95.15, 1.00, 95.16, 1.00, 0.00, 0.00, 33.01, 1.00, 0.00, 0.00, 0.00, 0.00, 47.96, 1.00, 34.80, 1.00, 0.00, 0.00, 30.70, 1.00, 0.00, 0.00, 106.92, 1.00, 2.98, 35.58, 26.09, 91.50, 26.15, 87.35, 22.17, 84.49, 22.06, 69.77, 29.16, 28.26, -999
13/08/16 03, 3.80, 1.58, 5.28, 4.25, 3.36, 5.50, 3.78, 94.25, 1.00, 94.27, 1.00, 0.00, 0.00, 0.00, 0.00, 0.00, 0.00, 0.00, 0.00, 0.00, 0.00, 34.84, 1.00, 0.00, 0.00, 29.33, 1.00, 0.00, 0.00, 80.17, 1.00, 2.98, 36.05, 30.90, 75.80, 30.90, 68.16, 22.79, 85.03, 22.68, 74.79, 33.25, 32.35, -999
13/08/16 04, 3.79, 2.42, 5.03, 3.29, 3.98, 5.50, 4.79, 92.57, 1.00, 92.59, 1.00, 0.00, 0.00, 0.00, 0.00, 0.00, 0.00, 0.00, 0.00, 0.00, 0.00, 0.00, 0.00, 0.00, 0.00, 0.00, 0.00, 0.00, 0.00, 82.35, 1.00, 2.98, 36.95, 31.96, 75.54, 31.96, 68.11, 32.44, 65.14, 32.44, 60.94, 34.32, 33.42, -999
13/08/16 05, 4.04, 3.06, 4.79, 3.53, 3.65, 5.26, 3.74, 93.71, 1.00, 93.72, 1.00, 0.00, 0.00, 0.00, 0.00, 0.00, 0.00, 0.00, 0.00, 48.91, 1.00, 0.00, 0.00, 0.00, 0.00, 0.00, 0.00, 0.00, 0.00, 94.75, 1.00, 2.98, 36.34, 29.42, 75.32, 29.38, 88.82, 32.06, 64.21, 32.06, 59.12, 32.03, 31.13, -999
13/08/16 06, 4.23, 3.54, 4.54, 4.25, 3.17, 4.95, 2.45, 93.96, 1.00, 93.98, 1.00, 0.00, 0.00, 0.00, 0.00, 0.00, 0.00, 0.00, 0.00, 48.80, 1.00, 0.00, 0.00, 0.00, 0.00, 32.61, 1.00, 0.00, 0.00, 91.02, 1.00, 2.98, 36.21, 29.68, 74.36, 29.65, 89.29, 29.18, 63.30, 29.06, 70.17, 32.27, 31.37, -999
13/08/16 07, 4.33, 4.20, 4.25, 3.89, 2.60, 5.27, 3.11, 93.80, 1.00, 93.81, 1.00, 0.00, 0.00, 0.00, 0.00, 0.00, 0.00, 0.00, 0.00, 0.00, 0.00, 0.00, 0.00, 0.00, 0.00, 32.57, 1.00, 0.00, 0.00, 70.69, 1.00, 2.98, 36.30, 32.63, 73.46, 32.63, 66.48, 29.31, 62.92, 29.19, 70.42, 34.92, 34.02, -999
13/08/16 08, 4.43, 4.94, 3.94, 2.76, 2.07, 5.50, 3.79, 94.09, 1.00, 94.10, 1.00, 0.00, 0.00, 0.00, 0.00, 0.00, 0.00, 0.00, 0.00, 50.97, 1.00, 0.00, 0.00, 0.00, 0.00, 31.82, 1.00, 0.00, 0.00, 84.32, 1.00, 2.98, 36.14, 30.60, 72.69, 30.56, 85.98, 29.38, 61.50, 29.26, 73.14, 33.16, 32.26, -999
13/08/16 09, 4.47, 5.29, 3.60, 3.03, 1.39, 5.50, 4.39, 94.60, 1.00, 94.62, 1.00, 0.00, 0.00, 0.00, 0.00, 0.00, 0.00, 0.00, 0.00, 51.22, 1.00, 36.69, 1.00, 0.00, 0.00, 30.51, 1.00, 0.00, 0.00, 80.29, 1.00, 2.98, 35.87, 30.76, 67.62, 30.71, 85.62, 22.21, 81.21, 22.10, 70.44, 33.29, 32.39, -999
13/08/16 10, 4.45, 5.34, 3.10, 3.15, 1.69, 5.50, 4.54, 91.72, 1.00, 91.74, 1.00, 0.00, 0.00, 0.00, 0.00, 0.00, 0.00, 0.00, 0.00, 50.43, 1.00, 36.74, 1.00, 0.00, 0.00, 30.93, 1.00, 0.00, 0.00, 0.00, 0.00, 2.98, 37.39, 28.32, 69.21, 28.28, 84.77, 22.92, 81.81, 22.80, 69.76, 40.97, 29.70, -999
13/08/16 11, 4.39, 4.53, 3.30, 3.12, 2.01, 5.50, 4.47, 112.66, 1.00, 0.00, 0.00, 0.00, 0.00, 34.43, 1.00, 0.00, 0.00, 0.00, 0.00, 48.64, 1.00, 36.34, 1.00, 0.00, 0.00, 30.33, 1.00, 0.00, 0.00, 0.00, 0.00, 2.99, 25.96, 24.34, 87.40, 24.40, 84.35, 22.36, 81.96, 22.25, 71.17, 38.44, 26.11, -999
13/08/16 12, 4.29, 3.65, 3.75, 3.24, 2.36, 5.50, 4.75, 113.28, 1.00, 0.00, 0.00, 0.00, 0.00, 33.87, 1.00, 0.00, 0.00, 0.00, 0.00, 48.36, 1.00, 35.70, 1.00, 0.00, 0.00, 30.49, 1.00, 0.00, 0.00, 0.00, 0.00, 2.99, 25.60, 23.56, 87.55, 23.62, 84.09, 22.15, 82.91, 22.04, 70.45, 38.14, 25.32, -999
13/08/16 13, 4.18, 2.78, 4.19, 3.31, 2.86, 5.39, 4.30, 112.86, 1.00, 0.00, 0.00, 0.00, 0.00, 33.20, 1.00, 0.00, 0.00, 0.00, 0.00, 47.93, 1.00, 37.73, 1.00, 0.00, 0.00, 0.00, 0.00, 0.00, 0.00, 0.00, 0.00, 2.99, 25.84, 22.82, 87.91, 22.88, 84.13, 28.20, 85.20, 28.20, 58.01, 38.38, 24.56, -999
13/08/16 14, 4.18, 1.93, 4.63, 3.42, 3.34, 5.02, 2.63, 112.57, 1.00, 0.00, 0.00, 0.00, 0.00, 32.58, 1.00, 0.00, 0.00, 0.00, 0.00, 47.23, 1.00, 37.20, 1.00, 0.00, 0.00, 0.00, 0.00, 0.00, 0.00, 0.00, 0.00, 2.99, 26.00, 22.11, 88.19, 22.16, 84.67, 28.37, 86.35, 28.37, 56.16, 38.49, 23.83, -999
13/08/16 15, 4.11, 1.08, 5.07, 3.69, 3.89, 5.07, 2.37, 112.66, 1.00, 0.00, 0.00, 0.00, 0.00, 31.79, 1.00, 0.00, 0.00, 0.00, 0.00, 46.78, 1.00, 35.22, 1.00, 0.00, 0.00, 31.26, 1.00, 0.00, 0.00, 0.00, 0.00, 2.99, 25.96, 21.40, 88.72, 21.46, 84.77, 22.31, 83.91, 22.20, 68.04, 38.35, 23.11, -999
13/08/16 16, 4.16, 0.41, 5.15, 3.98, 3.50, 5.33, 2.74, 116.57, 1.00, 0.00, 0.00, 0.00, 0.00, 0.00, 0.00, 0.00, 0.00, 0.00, 0.00, 48.89, 1.00, 0.00, 0.00, 0.00, 0.00, 32.34, 1.00, 0.00, 0.00, 92.91, 1.00, 2.99, 23.73, 26.65, 72.93, 26.61, 86.09, 27.14, 62.31, 27.02, 69.10, 29.25, 28.35, -999
13/08/16 17, 3.79, 0.86, 4.77, 4.25, 2.73, 5.50, 3.20, 116.95, 1.00, 0.00, 0.00, 0.00, 0.00, 0.00, 0.00, 0.00, 0.00, 0.00, 0.00, 48.86, 1.00, 0.00, 0.00, 0.00, 0.00, 31.64, 1.00, 0.00, 0.00, 89.23, 1.00, 2.99, 23.51, 26.89, 73.13, 26.86, 86.38, 26.98, 62.34, 26.86, 71.38, 29.47, 28.57, -999
13/08/16 18, 3.45, 1.31, 4.42, 4.35, 2.07, 5.50, 3.63, 116.22, 1.00, 0.00, 0.00, 0.00, 0.00, 0.00, 0.00, 0.00, 0.00, 0.00, 0.00, 0.00, 0.00, 0.00, 0.00, 0.00, 0.00, 31.63, 1.00, 0.00, 0.00, 70.73, 1.00, 2.99, 23.93, 29.74, 73.13, 29.74, 62.66, 27.35, 61.62, 27.23, 71.80, 32.03, 31.13, -999
13/08/16 19, 3.18, 1.99, 4.08, 3.02, 1.41, 5.50, 4.05, 119.26, 1.00, 0.00, 0.00, 0.00, 0.00, 0.00, 0.00, 0.00, 0.00, 0.00, 0.00, 49.71, 1.00, 35.14, 1.00, 0.00, 0.00, 29.90, 1.00, 0.00, 0.00, 73.47, 1.00, 2.99, 22.17, 27.26, 70.25, 27.22, 85.13, 19.00, 80.74, 18.90, 69.23, 29.75, 28.85, -999
13/08/16 20, 2.73, 2.23, 3.65, 3.21, 1.80, 5.50, 4.08, 119.84, 1.00, 0.00, 0.00, 0.00, 0.00, 0.00, 0.00, 0.00, 0.00, 0.00, 0.00, 49.91, 1.00, 35.08, 1.00, 0.00, 0.00, 30.00, 1.00, 0.00, 0.00, 69.20, 1.00, 2.99, 21.84, 27.35, 69.45, 27.31, 84.82, 18.58, 80.41, 18.48, 68.49, 29.82, 28.92, -999
13/08/16 21, 2.28, 2.42, 3.20, 3.28, 2.12, 5.50, 3.92, 120.53, 1.00, 0.00, 0.00, 0.00, 0.00, 0.00, 0.00, 0.00, 0.00, 0.00, 0.00, 50.26, 1.00, 35.04, 1.00, 0.00, 0.00, 30.26, 1.00, 0.00, 0.00, 64.48, 1.00, 2.99, 21.44, 27.41, 70.23, 27.37, 84.21, 18.05, 79.96, 17.95, 67.11, 29.86, 28.96, -999
13/08/16 22, 1.83, 2.39, 3.23, 3.11, 2.33, 5.50, 3.45, 121.30, 1.00, 0.00, 0.00, 0.00, 0.00, 36.44, 1.00, 0.00, 0.00, 0.00, 0.00, 49.97, 1.00, 35.00, 1.00, 0.00, 0.00, 30.12, 1.00, 0.00, 0.00, 65.14, 1.00, 2.99, 20.99, 26.39, 85.96, 26.47, 83.86, 17.58, 79.55, 17.47, 67.08, 29.28, 28.38, -999
13/08/16 23, 1.38, 2.16, 3.62, 2.93, 2.46, 5.50, 3.09, 122.11, 1.00, 0.00, 0.00, 0.00, 0.00, 35.33, 1.00, 0.00, 0.00, 0.00, 0.00, 49.74, 1.00, 34.48, 1.00, 0.00, 0.00, 29.99, 1.00, 0.00, 0.00, 62.66, 1.00, 2.99, 20.52, 26.15, 87.67, 26.22, 84.07, 17.19, 80.05, 17.08, 67.11, 29.00, 28.10, -999
14/08/16 00, 0.97, 1.95, 4.06, 2.90, 2.70, 5.50, 2.85, 97.96, 1.00, 97.98, 1.00, 0.00, 0.00, 33.51, 1.00, 0.00, 0.00, 0.00, 0.00, 49.02, 1.00, 34.61, 1.00, 0.00, 0.00, 29.88, 1.00, 0.00, 0.00, 87.35, 1.00, 2.97, 34.07, 26.41, 91.00, 26.47, 85.69, 19.71, 82.35, 19.60, 69.99, 29.36, 28.46, -999
14/08/16 01, 0.91, 2.00, 4.60, 3.28, 3.18, 5.50, 3.25, 97.58, 1.00, 97.59, 1.00, 0.00, 0.00, 33.02, 1.00, 0.00, 0.00, 0.00, 0.00, 48.18, 1.00, 34.08, 1.00, 0.00, 0.00, 28.93, 1.00, 0.00, 0.00, 88.09, 1.00, 2.97, 34.27, 26.50, 91.89, 26.56, 87.34, 20.18, 83.72, 20.08, 73.43, 29.44, 28.54, -999
14/08/16 02, 0.89, 2.07, 5.14, 3.89, 3.80, 5.50, 4.19, 97.53, 1.00, 97.55, 1.00, 0.00, 0.00, 32.91, 1.00, 0.00, 0.00, 0.00, 0.00, 47.85, 1.00, 33.88, 1.00, 0.00, 0.00, 28.57, 1.00, 0.00, 0.00, 87.67, 1.00, 2.97, 34.30, 26.58, 92.13, 26.63, 88.03, 20.32, 84.17, 20.22, 74.68, 29.51, 28.61, -999
14/08/16 03, 1.05, 2.40, 5.14, 4.42, 3.67, 5.39, 4.29, 94.19, 1.00, 94.21, 1.00, 0.00, 0.00, 0.00, 0.00, 0.00, 0.00, 0.00, 0.00, 0.00, 0.00, 0.00, 0.00, 0.00, 0.00, 0.00, 0.00, 0.00, 0.00, 75.20, 1.00, 2.98, 36.09, 31.24, 76.34, 31.24, 69.72, 30.45, 64.69, 30.45, 60.96, 33.56, 32.66, -999
14/08/16 04, 1.43, 3.19, 4.93, 3.68, 3.30, 5.16, 3.39, 93.83, 1.00, 93.85, 1.00, 0.00, 0.00, 0.00, 0.00, 0.00, 0.00, 0.00, 0.00, 0.00, 0.00, 0.00, 0.00, 0.00, 0.00, 0.00, 0.00, 0.00, 0.00, 73.01, 1.00, 2.98, 36.28, 31.83, 76.51, 31.83, 69.00, 30.80, 64.44, 30.80, 60.29, 34.13, 33.23, -999
14/08/16 05, 1.80, 3.94, 4.75, 3.06, 2.95, 4.92, 2.56, 94.55, 1.00, 94.57, 1.00, 0.00, 0.00, 0.00, 0.00, 0.00, 0.00, 0.00, 0.00, 48.50, 1.00, 0.00, 0.00, 0.00, 0.00, 0.00, 0.00, 0.00, 0.00, 84.77, 1.00, 2.98, 35.89, 29.76, 76.31, 29.72, 89.91, 30.60, 64.08, 30.60, 59.51, 32.30, 31.40, -999
14/08/16 06, 2.02, 4.29, 4.57, 3.97, 2.61, 5.16, 3.18, 95.27, 1.00, 95.29, 1.00, 0.00, 0.00, 0.00, 0.00, 0.00, 0.00, 0.00, 0.00, 48.69, 1.00, 0.00, 0.00, 0.00, 0.00, 31.69, 1.00, 0.00, 0.00, 79.29, 1.00, 2.98, 35.51, 29.84, 75.67, 29.80, 89.65, 27.61, 63.22, 27.50, 71.85, 32.35, 31.45, -999
14/08/16 07, 2.21, 4.73, 4.35, 4.22, 2.14, 5.50, 4.17, 95.03, 1.00, 95.05, 1.00, 0.00, 0.00, 0.00, 0.00, 0.00, 0.00, 0.00, 0.00, 0.00, 0.00, 0.00, 0.00, 0.00, 0.00, 30.74, 1.00, 0.00, 0.00, 61.31, 1.00, 2.98, 35.64, 32.36, 74.06, 32.36, 67.19, 27.98, 62.51, 27.87, 75.44, 34.60, 33.70, -999
14/08/16 08, 2.45, 5.38, 4.06, 3.13, 1.62, 5.40, 4.33, 94.25, 1.00, 94.26, 1.00, 0.00, 0.00, 0.00, 0.00, 0.00, 0.00, 0.00, 0.00, 0.00, 0.00, 0.00, 0.00, 0.00, 0.00, 0.00, 0.00, 0.00, 0.00, 62.03, 1.00, 2.98, 36.06, 33.07, 74.11, 33.07, 65.05, 31.20, 61.76, 31.20, 59.02, 35.32, 34.42, -999
14/08/16 09, 2.74, 5.29, 3.79, 3.42, 1.97, 5.07, 2.88, 91.37, 1.00, 91.39, 1.00, 0.00, 0.00, 0.00, 0.00, 0.00, 0.00, 0.00, 0.00, 49.68, 1.00, 38.01, 1.00, 0.00, 0.00, 0.00, 0.00, 0.00, 0.00, 0.00, 0.00, 2.98, 37.58, 28.32, 73.23, 28.28, 86.25, 28.84, 85.30, 28.84, 55.30, 41.01, 29.70, -999
14/08/16 10, 3.01, 4.76, 3.49, 3.74, 2.47, 5.09, 2.42, 92.95, 1.00, 92.97, 1.00, 0.00, 0.00, 0.00, 0.00, 0.00, 0.00, 0.00, 0.00, 49.99, 1.00, 35.79, 1.00, 0.00, 0.00, 31.38, 1.00, 0.00, 0.00, 0.00, 0.00, 2.98, 36.74, 27.77, 71.22, 27.73, 85.10, 21.82, 82.41, 21.70, 67.13, 39.86, 29.15, -999
14/08/16 11, 3.21, 4.23, 3.11, 3.74, 2.88, 5.24, 2.42, 92.84, 1.00, 92.86, 1.00, 0.00, 0.00, 0.00, 0.00, 0.00, 0.00, 0.00, 0.00, 49.75, 1.00, 35.94, 1.00, 0.00, 0.00, 31.40, 1.00, 0.00, 0.00, 0.00, 0.00, 2.98, 36.80, 27.26, 69.63, 27.22, 85.05, 21.92, 82.25, 21.80, 67.16, 39.99, 28.64, -999
14/08/16 12, 3.41, 3.52, 3.11, 3.74, 3.20, 5.39, 2.42, 92.60, 1.00, 92.62, 1.00, 0.00, 0.00, 34.66, 1.00, 0.00, 0.00, 0.00, 0.00, 47.97, 1.00, 35.94, 1.00, 0.00, 0.00, 31.55, 1.00, 0.00, 0.00, 0.00, 0.00, 2.98, 36.93, 23.38, 86.06, 23.45, 84.63, 22.08, 82.42, 21.96, 66.80, 40.18, 25.15, -999
14/08/16 13, 3.60, 2.65, 3.52, 3.86, 3.50, 5.48, 2.24, 92.45, 1.00, 92.47, 1.00, 0.00, 0.00, 34.07, 1.00, 0.00, 0.00, 0.00, 0.00, 47.71, 1.00, 35.74, 1.00, 0.00, 0.00, 31.51, 1.00, 0.00, 0.00, 0.00, 0.00, 2.98, 37.01, 22.61, 86.27, 22.67, 84.32, 22.30, 82.97, 22.18, 67.16, 40.32, 24.36, -999
14/08/16 14, 3.80, 1.79, 3.92, 3.90, 3.86, 5.50, 2.38, 92.66, 1.00, 92.68, 1.00, 0.00, 0.00, 33.71, 1.00, 0.00, 0.00, 0.00, 0.00, 47.21, 1.00, 35.68, 1.00, 0.00, 0.00, 31.05, 1.00, 0.00, 0.00, 0.00, 0.00, 2.98, 36.90, 21.84, 86.11, 21.90, 84.45, 22.42, 83.20, 22.30, 68.85, 40.27, 23.58, -999
14/08/16 15, 4.05, 0.93, 4.31, 4.03, 3.52, 5.50, 2.66, 91.28, 1.00, 91.30, 1.00, 0.00, 0.00, 32.92, 1.00, 0.00, 0.00, 0.00, 0.00, 47.33, 1.00, 0.00, 0.00, 0.00, 0.00, 32.86, 1.00, 0.00, 0.00, 0.00, 0.00, 2.98, 37.63, 21.06, 86.61, 21.12, 83.45, 30.22, 61.89, 30.09, 70.29, 41.44, 22.79, -999
14/08/16 16, 4.25, 0.37, 4.71, 3.86, 2.69, 5.50, 2.88, 96.00, 1.00, 96.02, 1.00, 0.00, 0.00, 34.90, 1.00, 0.00, 0.00, 0.00, 0.00, 49.05, 1.00, 0.00, 0.00, 0.00, 0.00, 32.79, 1.00, 0.00, 0.00, 110.26, 1.00, 2.98, 35.12, 25.33, 87.59, 25.39, 84.55, 28.39, 60.21, 28.26, 68.71, 28.46, 27.56, -999
14/08/16 17, 4.08, 0.64, 5.12, 3.80, 1.75, 5.50, 2.77, 96.14, 1.00, 96.16, 1.00, 0.00, 0.00, 35.09, 1.00, 0.00, 0.00, 0.00, 0.00, 49.43, 1.00, 0.00, 0.00, 0.00, 0.00, 32.74, 1.00, 0.00, 0.00, 108.31, 1.00, 2.98, 35.04, 25.50, 87.44, 25.56, 84.01, 28.26, 59.52, 28.14, 68.77, 28.63, 27.73, -999
14/08/16 18, 3.86, 1.00, 5.08, 3.54, 1.47, 5.50, 2.62, 97.37, 1.00, 97.39, 1.00, 0.00, 0.00, 0.00, 0.00, 0.00, 0.00, 0.00, 0.00, 50.18, 1.00, 36.09, 1.00, 0.00, 0.00, 30.80, 1.00, 0.00, 0.00, 93.25, 1.00, 2.97, 34.39, 27.19, 71.37, 27.14, 84.14, 20.49, 80.54, 20.37, 67.76, 29.80, 28.90, -999
14/08/16 19, 3.57, 1.45, 4.65, 3.27, 1.73, 5.50, 2.55, 96.91, 1.00, 96.93, 1.00, 0.00, 0.00, 0.00, 0.00, 0.00, 0.00, 0.00, 0.00, 50.03, 1.00, 36.07, 1.00, 0.00, 0.00, 30.79, 1.00, 0.00, 0.00, 91.98, 1.00, 2.98, 34.63, 27.56, 70.18, 27.52, 84.80, 20.70, 80.80, 20.58, 68.00, 30.17, 29.27, -999
14/08/16 20, 3.34, 1.88, 4.19, 3.31, 2.00, 5.50, 2.55, 97.29, 1.00, 97.31, 1.00, 0.00, 0.00, 0.00, 0.00, 0.00, 0.00, 0.00, 0.00, 50.23, 1.00, 35.90, 1.00, 0.00, 0.00, 30.97, 1.00, 0.00, 0.00, 88.39, 1.00, 2.97, 34.43, 27.79, 70.42, 27.75, 84.64, 20.40, 80.81, 20.28, 67.08, 30.37, 29.47, -999
14/08/16 21, 3.11, 2.28, 3.76, 3.27, 2.25, 5.50, 2.33, 97.06, 1.00, 97.08, 1.00, 0.00, 0.00, 0.00, 0.00, 0.00, 0.00, 0.00, 0.00, 50.42, 1.00, 35.87, 1.00, 0.00, 0.00, 30.39, 1.00, 0.00, 0.00, 86.76, 1.00, 2.97, 34.55, 28.09, 70.64, 28.04, 84.56, 20.62, 81.07, 20.51, 69.26, 30.66, 29.76, -999
14/08/16 22, 2.91, 2.65, 3.35, 3.19, 2.51, 5.50, 2.65, 96.35, 1.00, 96.37, 1.00, 0.00, 0.00, 0.00, 0.00, 0.00, 0.00, 0.00, 0.00, 50.31, 1.00, 35.50, 1.00, 0.00, 0.00, 30.52, 1.00, 0.00, 0.00, 86.53, 1.00, 2.98, 34.93, 28.45, 71.86, 28.41, 85.14, 20.98, 82.09, 20.87, 69.18, 31.03, 30.13, -999
14/08/16 23, 2.79, 3.02, 3.01, 3.29, 2.90, 5.50, 2.89, 96.53, 1.00, 96.55, 1.00, 0.00, 0.00, 0.00, 0.00, 0.00, 0.00, 0.00, 0.00, 50.28, 1.00, 35.13, 1.00, 0.00, 0.00, 29.92, 1.00, 0.00, 0.00, 83.77, 1.00, 2.98, 34.84, 28.70, 70.54, 28.65, 85.45, 21.08, 82.83, 20.98, 71.23, 31.25, 30.35, -999
15/08/16 00, 2.65, 3.11, 3.33, 3.42, 3.36, 5.50, 3.48, 97.34, 1.00, 97.36, 1.00, 0.00, 0.00, 36.25, 1.00, 0.00, 0.00, 0.00, 0.00, 49.63, 1.00, 34.76, 1.00, 0.00, 0.00, 29.66, 1.00, 0.00, 0.00, 85.82, 1.00, 2.97, 34.40, 27.50, 87.41, 27.57, 85.63, 20.76, 83.15, 20.66, 71.75, 30.49, 29.59, -999
15/08/16 01, 2.48, 3.11, 3.77, 3.64, 3.85, 5.50, 4.08, 96.60, 1.00, 96.62, 1.00, 0.00, 0.00, 34.09, 1.00, 0.00, 0.00, 0.00, 0.00, 49.84, 1.00, 34.31, 1.00, 0.00, 0.00, 28.82, 1.00, 0.00, 0.00, 88.28, 1.00, 2.98, 34.80, 27.55, 91.19, 27.61, 85.25, 21.40, 84.54, 21.30, 75.00, 30.53, 29.63, -999
15/08/16 02, 2.50, 3.17, 4.31, 3.72, 3.91, 5.41, 4.40, 95.17, 1.00, 95.19, 1.00, 0.00, 0.00, 34.28, 1.00, 0.00, 0.00, 0.00, 0.00, 48.76, 1.00, 0.00, 0.00, 0.00, 0.00, 0.00, 0.00, 0.00, 0.00, 94.78, 1.00, 2.98, 35.56, 27.72, 91.04, 27.78, 87.50, 30.66, 64.22, 30.66, 60.05, 30.73, 29.83, -999
15/08/16 03, 2.71, 3.30, 4.83, 4.26, 3.38, 5.14, 3.19, 94.59, 1.00, 94.61, 1.00, 0.00, 0.00, 33.19, 1.00, 0.00, 0.00, 0.00, 0.00, 47.94, 1.00, 0.00, 0.00, 0.00, 0.00, 0.00, 0.00, 0.00, 0.00, 96.26, 1.00, 2.98, 35.87, 27.95, 93.06, 28.01, 89.24, 30.98, 63.84, 30.98, 59.51, 30.94, 30.04, -999
15/08/16 04, 2.93, 3.65, 5.41, 4.19, 2.87, 5.02, 2.65, 94.18, 1.00, 94.19, 1.00, 0.00, 0.00, 0.00, 0.00, 0.00, 0.00, 0.00, 0.00, 0.00, 0.00, 0.00, 0.00, 0.00, 0.00, 31.79, 1.00, 0.00, 0.00, 70.28, 1.00, 2.98, 36.09, 32.03, 76.43, 32.03, 67.64, 28.54, 63.54, 28.42, 72.41, 34.32, 33.42, -999
15/08/16 05, 3.12, 4.39, 5.19, 3.17, 2.41, 5.44, 3.76, 94.34, 1.00, 94.36, 1.00, 0.00, 0.00, 0.00, 0.00, 0.00, 0.00, 0.00, 0.00, 0.00, 0.00, 0.00, 0.00, 0.00, 0.00, 32.01, 1.00, 0.00, 0.00, 66.43, 1.00, 2.98, 36.01, 32.44, 77.04, 32.44, 66.12, 28.53, 62.99, 28.41, 71.65, 34.71, 33.81, -999
15/08/16 06, 3.24, 4.78, 5.03, 3.50, 1.94, 5.49, 4.76, 94.04, 1.00, 94.05, 1.00, 0.00, 0.00, 0.00, 0.00, 0.00, 0.00, 0.00, 0.00, 48.98, 1.00, 0.00, 0.00, 0.00, 0.00, 0.00, 0.00, 0.00, 0.00, 83.94, 1.00, 2.98, 36.17, 30.53, 75.48, 30.49, 89.79, 31.56, 62.49, 31.56, 60.36, 33.07, 32.17, -999
15/08/16 07, 3.46, 5.14, 4.78, 4.33, 1.57, 5.22, 3.55, 94.74, 1.00, 94.76, 1.00, 0.00, 0.00, 0.00, 0.00, 0.00, 0.00, 0.00, 0.00, 50.21, 1.00, 37.31, 1.00, 0.00, 0.00, 0.00, 0.00, 0.00, 0.00, 78.88, 1.00, 2.98, 35.79, 30.60, 74.83, 30.56, 87.48, 27.81, 85.59, 27.81, 55.91, 33.12, 32.22, -999
15/08/16 08, 3.56, 5.50, 4.51, 3.83, 2.23, 5.07, 2.52, 90.84, 1.00, 90.86, 1.00, 0.00, 0.00, 0.00, 0.00, 0.00, 0.00, 0.00, 0.00, 0.00, 0.00, 36.02, 1.00, 0.00, 0.00, 31.50, 1.00, 0.00, 0.00, 0.00, 0.00, 2.98, 37.86, 30.50, 71.52, 30.50, 65.50, 23.01, 83.21, 22.90, 67.89, 41.21, 31.69, -999
15/08/16 09, 3.83, 5.33, 4.10, 3.14, 2.72, 5.28, 2.73, 91.73, 1.00, 91.75, 1.00, 0.00, 0.00, 0.00, 0.00, 0.00, 0.00, 0.00, 0.00, 50.62, 1.00, 36.36, 1.00, 0.00, 0.00, 31.65, 1.00, 0.00, 0.00, 0.00, 0.00, 2.98, 37.39, 28.29, 71.06, 28.25, 84.37, 22.55, 82.13, 22.44, 66.91, 40.78, 29.67, -999
15/08/16 10, 4.05, 4.79, 3.70, 3.02, 3.01, 5.38, 2.51, 91.73, 1.00, 91.75, 1.00, 0.00, 0.00, 0.00, 0.00, 0.00, 0.00, 0.00, 0.00, 50.15, 1.00, 35.71, 1.00, 0.00, 0.00, 31.56, 1.00, 0.00, 0.00, 0.00, 0.00, 2.98, 37.39, 27.79, 72.40, 27.75, 84.80, 22.84, 83.58, 22.72, 67.54, 40.85, 29.17, -999
15/08/16 11, 4.25, 4.26, 3.36, 3.10, 3.49, 5.50, 2.63, 91.23, 1.00, 91.25, 1.00, 0.00, 0.00, 0.00, 0.00, 0.00, 0.00, 0.00, 0.00, 49.83, 1.00, 36.03, 1.00, 0.00, 0.00, 30.67, 1.00, 0.00, 0.00, 0.00, 0.00, 2.98, 37.65, 27.28, 70.79, 27.24, 84.92, 23.32, 83.48, 23.21, 71.03, 41.19, 28.66, -999
15/08/16 12, 4.47, 3.71, 3.03, 3.22, 3.88, 5.50, 3.17, 91.06, 1.00, 91.08, 1.00, 0.00, 0.00, 34.39, 1.00, 0.00, 0.00, 0.00, 0.00, 47.75, 1.00, 35.64, 1.00, 0.00, 0.00, 31.84, 1.00, 0.00, 0.00, 0.00, 0.00, 2.98, 37.74, 23.62, 86.76, 23.69, 85.27, 23.29, 84.15, 23.17, 67.01, 41.34, 25.38, -999
15/08/16 13, 4.52, 2.84, 3.46, 3.57, 3.49, 5.50, 2.79, 112.52, 1.00, 0.00, 0.00, 0.00, 0.00, 33.78, 1.00, 0.00, 0.00, 0.00, 0.00, 47.64, 1.00, 0.00, 0.00, 0.00, 0.00, 31.92, 1.00, 0.00, 0.00, 0.00, 0.00, 2.99, 26.03, 22.84, 86.98, 22.90, 84.67, 29.29, 62.40, 29.17, 72.74, 38.67, 24.58, -999
15/08/16 14, 4.52, 1.98, 3.89, 3.77, 2.73, 5.50, 3.47, 112.56, 1.00, 0.00, 0.00, 0.00, 0.00, 33.37, 1.00, 0.00, 0.00, 0.00, 0.00, 46.73, 1.00, 0.00, 0.00, 0.00, 0.00, 31.97, 1.00, 0.00, 0.00, 0.00, 0.00, 2.99, 26.01, 22.12, 86.95, 22.18, 85.58, 29.28, 61.87, 29.16, 72.53, 38.66, 23.85, -999
15/08/16 15, 4.52, 1.13, 4.31, 4.17, 2.01, 5.50, 4.01, 112.03, 1.00, 0.00, 0.00, 0.00, 0.00, 32.46, 1.00, 0.00, 0.00, 0.00, 0.00, 46.76, 1.00, 0.00, 0.00, 0.00, 0.00, 31.95, 1.00, 0.00, 0.00, 0.00, 0.00, 2.99, 26.31, 21.38, 87.65, 21.43, 84.78, 29.44, 62.07, 29.32, 72.77, 38.86, 23.09, -999
15/08/16 16, 4.52, 0.43, 4.75, 4.37, 1.43, 5.50, 4.51, 117.34, 1.00, 0.00, 0.00, 0.00, 0.00, 33.59, 1.00, 0.00, 0.00, 0.00, 0.00, 48.36, 1.00, 35.57, 1.00, 0.00, 0.00, 29.57, 1.00, 0.00, 0.00, 97.19, 1.00, 2.99, 23.28, 25.06, 89.53, 25.13, 85.58, 20.33, 81.33, 20.22, 71.57, 28.08, 27.18, -999
15/08/16 17, 4.08, 0.66, 5.22, 4.26, 1.87, 5.39, 4.29, 115.99, 1.00, 0.00, 0.00, 0.00, 0.00, 34.34, 1.00, 0.00, 0.00, 0.00, 0.00, 0.00, 0.00, 37.61, 1.00, 0.00, 0.00, 0.00, 0.00, 0.00, 0.00, 88.41, 1.00, 2.99, 24.06, 27.55, 90.76, 27.65, 64.49, 26.71, 83.92, 26.71, 57.00, 30.14, 29.24, -999
15/08/16 18, 3.78, 1.36, 5.08, 3.03, 2.33, 4.98, 2.42, 118.16, 1.00, 0.00, 0.00, 0.00, 0.00, 0.00, 0.00, 0.00, 0.00, 0.00, 0.00, 49.61, 1.00, 34.99, 1.00, 0.00, 0.00, 30.77, 1.00, 0.00, 0.00, 81.71, 1.00, 2.99, 22.81, 26.97, 72.50, 26.93, 85.03, 19.57, 81.56, 19.45, 66.96, 29.51, 28.61, -999
15/08/16 19, 3.33, 1.69, 4.69, 3.21, 2.73, 5.14, 2.45, 118.43, 1.00, 0.00, 0.00, 0.00, 0.00, 0.00, 0.00, 0.00, 0.00, 0.00, 0.00, 50.21, 1.00, 35.24, 1.00, 0.00, 0.00, 30.71, 1.00, 0.00, 0.00, 78.63, 1.00, 2.99, 22.65, 27.13, 71.85, 27.09, 84.02, 19.31, 80.86, 19.20, 66.88, 29.66, 28.76, -999
15/08/16 20, 2.90, 1.97, 4.29, 3.02, 2.96, 5.28, 2.43, 120.16, 1.00, 0.00, 0.00, 0.00, 0.00, 0.00, 0.00, 0.00, 0.00, 0.00, 0.00, 50.15, 1.00, 34.58, 1.00, 0.00, 0.00, 30.61, 1.00, 0.00, 0.00, 69.90, 1.00, 2.99, 21.65, 27.11, 69.86, 27.07, 84.12, 18.37, 81.06, 18.26, 66.27, 29.58, 28.68, -999
15/08/16 21, 2.43, 2.17, 3.84, 2.92, 3.26, 5.34, 2.17, 120.93, 1.00, 0.00, 0.00, 0.00, 0.00, 0.00, 0.00, 0.00, 0.00, 0.00, 0.00, 50.27, 1.00, 34.48, 1.00, 0.00, 0.00, 30.44, 1.00, 0.00, 0.00, 64.80, 1.00, 2.99, 21.21, 27.17, 70.55, 27.13, 83.94, 17.91, 80.77, 17.80, 66.36, 29.61, 28.71, -999
15/08/16 22, 1.96, 2.31, 3.42, 2.78, 3.49, 5.42, 2.04, 120.94, 1.00, 0.00, 0.00, 0.00, 0.00, 0.00, 0.00, 0.00, 0.00, 0.00, 0.00, 50.45, 1.00, 34.26, 1.00, 0.00, 0.00, 30.38, 1.00, 0.00, 0.00, 63.21, 1.00, 2.99, 21.20, 27.27, 69.76, 27.23, 83.69, 17.93, 81.16, 17.82, 66.59, 29.71, 28.81, -999
15/08/16 23, 1.52, 2.43, 2.99, 2.58, 3.77, 5.50, 2.07, 121.12, 1.00, 0.00, 0.00, 0.00, 0.00, 35.83, 1.00, 0.00, 0.00, 0.00, 0.00, 50.22, 1.00, 34.00, 1.00, 0.00, 0.00, 30.08, 1.00, 0.00, 0.00, 65.19, 1.00, 2.99, 21.10, 26.46, 87.14, 26.53, 83.44, 17.92, 81.58, 17.81, 67.55, 29.34, 28.44, -999
16/08/16 00, 1.13, 2.23, 3.43, 2.39, 3.82, 5.50, 2.18, 119.31, 1.00, 0.00, 0.00, 0.00, 0.00, 34.92, 1.00, 0.00, 0.00, 0.00, 0.00, 49.43, 1.00, 0.00, 0.00, 0.00, 0.00, 31.63, 1.00, 0.00, 0.00, 74.77, 1.00, 2.99, 22.14, 26.55, 88.79, 26.62, 85.06, 25.20, 63.04, 25.08, 69.63, 29.46, 28.56, -999
16/08/16 01, 0.96, 2.16, 3.92, 2.72, 3.10, 5.50, 2.49, 97.75, 1.00, 97.77, 1.00, 0.00, 0.00, 34.23, 1.00, 0.00, 0.00, 0.00, 0.00, 49.38, 1.00, 0.00, 0.00, 0.00, 0.00, 31.08, 1.00, 0.00, 0.00, 87.48, 1.00, 2.97, 34.18, 26.59, 89.99, 26.65, 85.20, 26.14, 61.79, 26.02, 72.46, 29.56, 28.66, -999
16/08/16 02, 1.04, 2.20, 4.42, 3.01, 2.31, 5.50, 3.24, 97.35, 1.00, 97.37, 1.00, 0.00, 0.00, 33.41, 1.00, 0.00, 0.00, 0.00, 0.00, 48.75, 1.00, 0.00, 0.00, 0.00, 0.00, 30.55, 1.00, 0.00, 0.00, 88.80, 1.00, 2.97, 34.40, 26.68, 91.44, 26.74, 86.47, 26.41, 62.90, 26.30, 74.51, 29.64, 28.74, -999
16/08/16 03, 1.15, 2.27, 4.96, 3.50, 1.83, 5.50, 4.20, 96.66, 1.00, 96.68, 1.00, 0.00, 0.00, 32.69, 1.00, 0.00, 0.00, 0.00, 0.00, 48.04, 1.00, 0.00, 0.00, 0.00, 0.00, 30.09, 1.00, 0.00, 0.00, 91.03, 1.00, 2.98, 34.77, 26.83, 92.74, 26.88, 87.93, 26.80, 62.62, 26.69, 76.39, 29.78, 28.88, -999
16/08/16 04, 1.32, 2.50, 5.21, 4.18, 1.67, 5.38, 4.23, 96.48, 1.00, 96.50, 1.00, 0.00, 0.00, 0.00, 0.00, 0.00, 0.00, 0.00, 0.00, 48.24, 1.00, 36.03, 1.00, 0.00, 0.00, 0.00, 0.00, 0.00, 0.00, 83.92, 1.00, 2.98, 34.87, 28.29, 76.40, 28.26, 88.94, 26.17, 86.27, 26.17, 60.98, 30.83, 29.93, -999
16/08/16 05, 1.49, 3.05, 5.00, 4.06, 2.51, 5.16, 3.36, 96.87, 1.00, 96.89, 1.00, 0.00, 0.00, 0.00, 0.00, 0.00, 0.00, 0.00, 0.00, 0.00, 0.00, 36.19, 1.00, 0.00, 0.00, 0.00, 0.00, 0.00, 0.00, 63.24, 1.00, 2.98, 34.66, 30.84, 76.55, 30.84, 69.50, 26.07, 85.89, 26.07, 59.62, 33.09, 32.19, -999
16/08/16 06, 1.58, 3.71, 4.82, 3.35, 3.21, 4.99, 2.65, 95.78, 1.00, 95.80, 1.00, 0.00, 0.00, 0.00, 0.00, 0.00, 0.00, 0.00, 0.00, 0.00, 0.00, 34.28, 1.00, 0.00, 0.00, 30.53, 1.00, 0.00, 0.00, 62.17, 1.00, 2.98, 35.24, 31.41, 74.69, 31.41, 67.87, 20.72, 83.91, 20.61, 68.90, 33.66, 32.76, -999
16/08/16 07, 1.65, 4.14, 4.54, 3.47, 3.83, 5.27, 3.18, 97.26, 1.00, 97.28, 1.00, 0.00, 0.00, 0.00, 0.00, 0.00, 0.00, 0.00, 0.00, 49.70, 1.00, 34.59, 1.00, 0.00, 0.00, 30.45, 1.00, 0.00, 0.00, 72.16, 1.00, 2.97, 34.45, 29.37, 71.49, 29.33, 87.26, 20.17, 82.84, 20.06, 68.60, 31.85, 30.95, -999
16/08/16 08, 1.68, 4.39, 4.13, 3.94, 3.59, 5.50, 3.62, 98.04, 1.00, 98.06, 1.00, 0.00, 0.00, 0.00, 0.00, 0.00, 0.00, 0.00, 0.00, 50.67, 1.00, 0.00, 0.00, 0.00, 0.00, 31.51, 1.00, 0.00, 0.00, 69.07, 1.00, 2.97, 34.03, 29.48, 73.72, 29.44, 85.46, 26.42, 63.37, 26.30, 71.28, 31.95, 31.05, -999
16/08/16 09, 1.69, 4.58, 3.83, 3.89, 2.96, 5.50, 3.98, 97.48, 1.00, 97.50, 1.00, 0.00, 0.00, 0.00, 0.00, 0.00, 0.00, 0.00, 0.00, 50.50, 1.00, 0.00, 0.00, 0.00, 0.00, 31.83, 1.00, 0.00, 0.00, 69.57, 1.00, 2.97, 34.32, 29.69, 69.51, 29.65, 86.01, 26.55, 60.91, 26.43, 70.31, 32.17, 31.27, -999
16/08/16 10, 1.75, 4.78, 3.38, 4.00, 2.07, 5.50, 4.06, 97.09, 1.00, 97.11, 1.00, 0.00, 0.00, 0.00, 0.00, 0.00, 0.00, 0.00, 0.00, 50.73, 1.00, 0.00, 0.00, 0.00, 0.00, 31.81, 1.00, 0.00, 0.00, 69.78, 1.00, 2.97, 34.53, 29.89, 70.43, 29.85, 85.75, 26.73, 61.33, 26.61, 70.53, 32.36, 31.46, -999
16/08/16 11, 1.80, 4.97, 2.98, 4.00, 1.58, 5.50, 4.15, 96.62, 1.00, 96.64, 1.00, 0.00, 0.00, 36.23, 1.00, 0.00, 0.00, 0.00, 0.00, 50.52, 1.00, 35.56, 1.00, 0.00, 0.00, 29.93, 1.00, 0.00, 0.00, 73.09, 1.00, 2.98, 34.79, 29.18, 89.16, 29.25, 85.57, 20.39, 81.39, 20.29, 70.51, 32.11, 31.21, -999
16/08/16 12, 1.79, 4.83, 3.48, 3.98, 2.00, 5.50, 4.41, 97.14, 1.00, 97.16, 1.00, 0.00, 0.00, 35.89, 1.00, 0.00, 0.00, 0.00, 0.00, 49.73, 1.00, 35.75, 1.00, 0.00, 0.00, 29.63, 1.00, 0.00, 0.00, 72.12, 1.00, 2.97, 34.51, 29.06, 89.61, 29.13, 87.00, 20.21, 80.87, 20.10, 71.27, 31.97, 31.07, -999
16/08/16 13, 1.73, 4.69, 3.98, 4.33, 2.27, 5.50, 4.79, 97.85, 1.00, 97.87, 1.00, 0.00, 0.00, 34.09, 1.00, 0.00, 0.00, 0.00, 0.00, 49.76, 1.00, 35.29, 1.00, 0.00, 0.00, 30.03, 1.00, 0.00, 0.00, 70.15, 1.00, 2.97, 34.13, 28.94, 92.59, 29.00, 86.81, 19.87, 81.33, 19.76, 69.67, 31.82, 30.92, -999
16/08/16 14, 1.63, 4.66, 4.55, 4.16, 2.62, 5.50, 4.74, 96.92, 1.00, 96.93, 1.00, 0.00, 0.00, 35.88, 1.00, 0.00, 0.00, 0.00, 0.00, 0.00, 0.00, 35.30, 1.00, 0.00, 0.00, 30.16, 1.00, 0.00, 0.00, 66.36, 1.00, 2.98, 34.63, 30.17, 90.74, 30.28, 64.52, 20.16, 81.60, 20.05, 69.53, 32.65, 31.75, -999
16/08/16 15, 1.62, 4.90, 5.05, 3.05, 2.96, 5.50, 4.65, 97.36, 1.00, 97.38, 1.00, 0.00, 0.00, 35.51, 1.00, 0.00, 0.00, 0.00, 0.00, 50.16, 1.00, 35.16, 1.00, 0.00, 0.00, 29.51, 1.00, 0.00, 0.00, 70.41, 1.00, 2.97, 34.39, 29.09, 90.30, 29.16, 86.18, 20.20, 81.90, 20.09, 71.66, 31.99, 31.09, -999
16/08/16 16, 1.63, 4.84, 5.31, 3.38, 3.34, 5.32, 3.98, 97.00, 1.00, 97.02, 1.00, 0.00, 0.00, 0.00, 0.00, 0.00, 0.00, 0.00, 0.00, 50.61, 1.00, 36.85, 1.00, 0.00, 0.00, 0.00, 0.00, 0.00, 0.00, 69.19, 1.00, 2.98, 34.58, 29.94, 72.63, 29.90, 86.02, 25.99, 84.61, 25.99, 55.91, 32.41, 31.51, -999
16/08/16 17, 1.68, 5.03, 4.92, 3.58, 3.77, 5.03, 2.46, 96.73, 1.00, 96.75, 1.00, 0.00, 0.00, 0.00, 0.00, 0.00, 0.00, 0.00, 0.00, 50.72, 1.00, 34.67, 1.00, 0.00, 0.00, 30.80, 1.00, 0.00, 0.00, 68.16, 1.00, 2.98, 34.73, 30.09, 72.07, 30.05, 85.97, 20.26, 82.80, 20.15, 67.52, 32.56, 31.66, -999
16/08/16 18, 1.72, 5.22, 4.52, 3.73, 3.90, 5.23, 2.67, 96.55, 1.00, 96.57, 1.00, 0.00, 0.00, 0.00, 0.00, 0.00, 0.00, 0.00, 0.00, 50.61, 1.00, 0.00, 0.00, 0.00, 0.00, 32.47, 1.00, 0.00, 0.00, 68.68, 1.00, 2.98, 34.83, 30.30, 72.12, 30.26, 86.41, 26.83, 63.15, 26.70, 68.29, 32.77, 31.87, -999
16/08/16 19, 1.84, 5.41, 4.14, 3.94, 3.19, 5.44, 2.84, 97.57, 1.00, 97.59, 1.00, 0.00, 0.00, 0.00, 0.00, 0.00, 0.00, 0.00, 0.00, 50.50, 1.00, 0.00, 0.00, 0.00, 0.00, 32.40, 1.00, 0.00, 0.00, 63.78, 1.00, 2.97, 34.28, 30.37, 70.92, 30.33, 86.69, 26.53, 62.69, 26.40, 68.27, 32.82, 31.92, -999
16/08/16 20, 1.97, 5.33, 3.73, 4.16, 2.51, 5.50, 3.11, 92.99, 1.00, 93.01, 1.00, 0.00, 0.00, 0.00, 0.00, 0.00, 0.00, 0.00, 0.00, 49.68, 1.00, 0.00, 0.00, 0.00, 0.00, 32.63, 1.00, 0.00, 0.00, 0.00, 0.00, 2.98, 36.72, 28.36, 70.02, 28.32, 86.29, 28.53, 62.45, 28.41, 69.44, 39.91, 29.74, -999
16/08/16 21, 2.32, 4.80, 3.30, 4.36, 1.91, 5.50, 3.12, 93.29, 1.00, 93.30, 1.00, 0.00, 0.00, 0.00, 0.00, 0.00, 0.00, 0.00, 0.00, 49.98, 1.00, 0.00, 0.00, 0.00, 0.00, 32.63, 1.00, 0.00, 0.00, 0.00, 0.00, 2.98, 36.57, 27.82, 68.40, 27.78, 85.15, 28.54, 59.76, 28.42, 69.44, 39.82, 29.19, -999
16/08/16 22, 2.55, 4.18, 3.04, 4.18, 1.65, 5.50, 3.04, 94.37, 1.00, 94.39, 1.00, 0.00, 0.00, 35.13, 1.00, 0.00, 0.00, 0.00, 0.00, 48.61, 1.00, 35.99, 1.00, 0.00, 0.00, 31.15, 1.00, 0.00, 0.00, 0.00, 0.00, 2.98, 35.99, 23.91, 85.78, 23.98, 83.97, 20.94, 81.17, 20.82, 67.04, 38.95, 25.69, -999
16/08/16 23, 2.71, 3.29, 3.44, 3.89, 1.98, 5.50, 2.68, 93.90, 1.00, 93.92, 1.00, 0.00, 0.00, 34.29, 1.00, 0.00, 0.00, 0.00, 0.00, 48.21, 1.00, 36.01, 1.00, 0.00, 0.00, 30.27, 1.00, 0.00, 0.00, 0.00, 0.00, 2.98, 36.24, 23.17, 86.47, 23.23, 83.98, 21.45, 81.65, 21.35, 70.48, 39.26, 24.93, -999
17/08/16 00, 2.88, 2.42, 3.85, 3.78, 2.33, 5.50, 3.16, 93.08, 1.00, 93.10, 1.00, 0.00, 0.00, 33.75, 1.00, 0.00, 0.00, 0.00, 0.00, 47.49, 1.00, 36.11, 1.00, 0.00, 0.00, 30.67, 1.00, 0.00, 0.00, 0.00, 0.00, 2.98, 36.68, 22.44, 86.64, 22.50, 84.56, 21.80, 81.83, 21.69, 69.52, 39.76, 24.18, -999
17/08/16 01, 3.09, 1.56, 4.26, 3.93, 2.65, 5.50, 3.36, 90.99, 1.00, 91.00, 1.00, 0.00, 0.00, 32.41, 1.00, 0.00, 0.00, 0.00, 0.00, 46.79, 1.00, 35.68, 1.00, 0.00, 0.00, 30.50, 1.00, 0.00, 0.00, 0.00, 0.00, 2.98, 37.78, 21.81, 88.16, 21.87, 85.17, 23.09, 83.87, 22.98, 71.34, 41.02, 23.53, -999
17/08/16 02, 3.39, 0.73, 4.71, 4.23, 3.20, 5.50, 3.85, 90.82, 1.00, 90.83, 1.00, 0.00, 0.00, 31.46, 1.00, 0.00, 0.00, 0.00, 0.00, 45.78, 1.00, 35.39, 1.00, 0.00, 0.00, 29.79, 1.00, 0.00, 0.00, 0.00, 0.00, 2.98, 37.87, 21.19, 89.01, 21.24, 86.27, 23.56, 84.86, 23.46, 74.13, 41.21, 22.88, -999
17/08/16 03, 3.48, 0.64, 5.21, 4.00, 3.82, 5.50, 4.72, 94.71, 1.00, 94.73, 1.00, 0.00, 0.00, 33.13, 1.00, 0.00, 0.00, 0.00, 0.00, 0.00, 0.00, 34.23, 1.00, 0.00, 0.00, 28.93, 1.00, 0.00, 0.00, 96.03, 1.00, 2.98, 35.81, 28.22, 93.43, 28.31, 68.02, 22.73, 86.02, 22.64, 75.97, 30.84, 29.94, -999
17/08/16 04, 3.68, 1.50, 5.16, 3.06, 3.75, 5.29, 3.92, 92.00, 1.00, 92.02, 1.00, 0.00, 0.00, 0.00, 0.00, 0.00, 0.00, 0.00, 0.00, 0.00, 0.00, 0.00, 0.00, 0.00, 0.00, 0.00, 0.00, 0.00, 0.00, 87.58, 1.00, 2.98, 37.25, 31.59, 75.82, 31.59, 68.24, 32.58, 64.66, 32.58, 61.14, 33.98, 33.08, -999
17/08/16 05, 3.95, 2.16, 4.92, 3.53, 3.35, 5.09, 3.24, 93.30, 1.00, 93.32, 1.00, 0.00, 0.00, 0.00, 0.00, 0.00, 0.00, 0.00, 0.00, 48.65, 1.00, 0.00, 0.00, 0.00, 0.00, 0.00, 0.00, 0.00, 0.00, 99.97, 1.00, 2.98, 36.56, 28.88, 74.71, 28.84, 88.75, 32.12, 63.95, 32.12, 59.18, 31.53, 30.63, -999
17/08/16 06, 4.14, 2.70, 4.63, 4.25, 2.88, 4.95, 2.59, 93.35, 1.00, 93.36, 1.00, 0.00, 0.00, 0.00, 0.00, 0.00, 0.00, 0.00, 0.00, 49.09, 1.00, 0.00, 0.00, 0.00, 0.00, 32.49, 1.00, 0.00, 0.00, 96.77, 1.00, 2.98, 36.54, 29.17, 75.48, 29.13, 88.23, 29.37, 62.86, 29.24, 70.79, 31.80, 30.90, -999
17/08/16 07, 4.29, 3.38, 4.41, 3.90, 2.28, 5.31, 3.36, 94.08, 1.00, 94.09, 1.00, 0.00, 0.00, 0.00, 0.00, 0.00, 0.00, 0.00, 0.00, 0.00, 0.00, 0.00, 0.00, 0.00, 0.00, 32.75, 1.00, 0.00, 0.00, 73.79, 1.00, 2.98, 36.15, 32.09, 72.70, 32.09, 66.53, 29.15, 62.11, 29.03, 69.61, 34.40, 33.50, -999
17/08/16 08, 4.35, 4.08, 4.05, 3.12, 1.67, 5.50, 3.78, 94.38, 1.00, 94.40, 1.00, 0.00, 0.00, 0.00, 0.00, 0.00, 0.00, 0.00, 0.00, 50.59, 1.00, 0.00, 0.00, 0.00, 0.00, 32.04, 1.00, 0.00, 0.00, 87.92, 1.00, 2.98, 35.98, 29.94, 72.10, 29.90, 86.08, 29.20, 61.77, 29.08, 72.19, 32.52, 31.62, -999
17/08/16 09, 4.26, 4.46, 3.69, 3.38, 1.92, 5.50, 4.11, 95.69, 1.00, 95.71, 1.00, 0.00, 0.00, 0.00, 0.00, 0.00, 0.00, 0.00, 0.00, 50.80, 1.00, 36.24, 1.00, 0.00, 0.00, 30.59, 1.00, 0.00, 0.00, 81.11, 1.00, 2.98, 35.29, 29.98, 69.63, 29.94, 85.69, 21.63, 81.43, 21.52, 69.59, 32.52, 31.62, -999
17/08/16 10, 4.07, 4.77, 3.24, 3.50, 2.22, 5.50, 4.14, 95.32, 1.00, 95.34, 1.00, 0.00, 0.00, 0.00, 0.00, 0.00, 0.00, 0.00, 0.00, 50.34, 1.00, 35.76, 1.00, 0.00, 0.00, 30.91, 1.00, 0.00, 0.00, 80.06, 1.00, 2.98, 35.48, 30.27, 68.60, 30.23, 86.90, 21.80, 82.45, 21.69, 68.70, 32.80, 31.90, -999
17/08/16 11, 3.92, 4.99, 3.01, 3.86, 2.66, 5.50, 3.93, 95.32, 1.00, 95.34, 1.00, 0.00, 0.00, 36.68, 1.00, 0.00, 0.00, 0.00, 0.00, 50.18, 1.00, 35.26, 1.00, 0.00, 0.00, 29.97, 1.00, 0.00, 0.00, 83.41, 1.00, 2.98, 35.48, 29.34, 88.48, 29.42, 86.40, 22.12, 83.65, 22.01, 72.11, 32.34, 31.44, -999
17/08/16 12, 3.79, 4.95, 3.49, 4.08, 3.23, 5.50, 4.49, 96.05, 1.00, 96.06, 1.00, 0.00, 0.00, 37.12, 1.00, 0.00, 0.00, 0.00, 0.00, 48.75, 1.00, 35.43, 1.00, 0.00, 0.00, 29.65, 1.00, 0.00, 0.00, 80.47, 1.00, 2.98, 35.10, 29.30, 87.63, 29.38, 89.12, 21.72, 82.94, 21.61, 72.72, 32.27, 31.37, -999
17/08/16 13, 3.68, 5.01, 3.92, 4.37, 3.67, 5.33, 4.01, 94.24, 1.00, 94.26, 1.00, 0.00, 0.00, 36.71, 1.00, 0.00, 0.00, 0.00, 0.00, 0.00, 0.00, 36.79, 1.00, 0.00, 0.00, 0.00, 0.00, 0.00, 0.00, 77.81, 1.00, 2.98, 36.06, 31.04, 90.13, 31.16, 65.68, 28.21, 86.95, 28.21, 55.64, 33.59, 32.69, -999
17/08/16 14, 3.78, 5.44, 4.42, 3.08, 4.01, 5.06, 2.51, 95.25, 1.00, 95.27, 1.00, 0.00, 0.00, 36.39, 1.00, 0.00, 0.00, 0.00, 0.00, 0.00, 0.00, 0.00, 0.00, 0.00, 0.00, 32.73, 1.00, 0.00, 0.00, 72.71, 1.00, 2.98, 35.52, 31.22, 90.88, 31.34, 62.08, 28.45, 63.31, 28.33, 69.00, 33.74, 32.84, -999
17/08/16 15, 3.78, 5.44, 4.92, 3.02, 3.30, 5.32, 2.88, 94.89, 1.00, 94.90, 1.00, 0.00, 0.00, 36.54, 1.00, 0.00, 0.00, 0.00, 0.00, 50.63, 1.00, 0.00, 0.00, 0.00, 0.00, 32.71, 1.00, 0.00, 0.00, 82.20, 1.00, 2.98, 35.72, 29.78, 89.17, 29.86, 85.95, 28.58, 62.95, 28.45, 69.19, 32.77, 31.87, -999
17/08/16 16, 3.82, 5.44, 5.24, 3.27, 2.65, 5.50, 3.28, 94.81, 1.00, 94.82, 1.00, 0.00, 0.00, 0.00, 0.00, 0.00, 0.00, 0.00, 0.00, 50.83, 1.00, 0.00, 0.00, 0.00, 0.00, 32.56, 1.00, 0.00, 0.00, 77.98, 1.00, 2.98, 35.76, 30.83, 72.71, 30.79, 86.47, 28.65, 62.33, 28.53, 69.81, 33.35, 32.45, -999
17/08/16 17, 4.12, 5.09, 4.85, 3.53, 2.01, 5.50, 3.37, 89.58, 1.00, 89.60, 1.00, 0.00, 0.00, 0.00, 0.00, 0.00, 0.00, 0.00, 0.00, 49.46, 1.00, 0.00, 0.00, 0.00, 0.00, 32.62, 1.00, 0.00, 0.00, 0.00, 0.00, 2.98, 38.52, 28.14, 73.80, 28.10, 86.49, 31.10, 60.87, 30.97, 72.03, 42.46, 29.51, -999
17/08/16 18, 4.45, 4.56, 4.53, 3.89, 1.64, 5.50, 3.74, 90.79, 1.00, 90.81, 1.00, 0.00, 0.00, 0.00, 0.00, 0.00, 0.00, 0.00, 0.00, 49.18, 1.00, 36.56, 1.00, 0.00, 0.00, 30.67, 1.00, 0.00, 0.00, 0.00, 0.00, 2.98, 37.88, 27.64, 72.44, 27.60, 86.52, 23.49, 82.70, 23.37, 71.20, 41.49, 29.01, -999
17/08/16 19, 4.43, 4.04, 4.16, 4.21, 2.09, 5.50, 4.12, 113.01, 1.00, 0.00, 0.00, 0.00, 0.00, 0.00, 0.00, 0.00, 0.00, 0.00, 0.00, 49.82, 1.00, 36.42, 1.00, 0.00, 0.00, 30.54, 1.00, 0.00, 0.00, 0.00, 0.00, 2.99, 25.75, 27.07, 70.69, 27.03, 84.71, 22.12, 81.58, 22.01, 70.25, 38.29, 28.44, -999
17/08/16 20, 4.29, 3.51, 3.73, 3.97, 2.38, 5.50, 4.28, 113.44, 1.00, 0.00, 0.00, 0.00, 0.00, 0.00, 0.00, 0.00, 0.00, 0.00, 0.00, 49.58, 1.00, 35.74, 1.00, 0.00, 0.00, 30.32, 1.00, 0.00, 0.00, 0.00, 0.00, 2.99, 25.51, 26.56, 66.99, 26.52, 84.68, 22.10, 82.79, 21.99, 70.96, 38.07, 27.93, -999
17/08/16 21, 4.14, 2.99, 3.21, 3.84, 2.84, 5.50, 4.57, 113.64, 1.00, 0.00, 0.00, 0.00, 0.00, 0.00, 0.00, 0.00, 0.00, 0.00, 0.00, 49.57, 1.00, 36.13, 1.00, 0.00, 0.00, 30.64, 1.00, 0.00, 0.00, 0.00, 0.00, 2.99, 25.40, 26.03, 69.08, 25.99, 84.17, 21.78, 81.78, 21.67, 69.58, 37.92, 27.40, -999
17/08/16 22, 3.98, 2.29, 3.18, 3.56, 3.08, 5.50, 4.49, 114.07, 1.00, 0.00, 0.00, 0.00, 0.00, 34.12, 1.00, 0.00, 0.00, 0.00, 0.00, 47.93, 1.00, 35.87, 1.00, 0.00, 0.00, 30.46, 1.00, 0.00, 0.00, 0.00, 0.00, 2.99, 25.15, 22.21, 85.80, 22.27, 83.52, 21.63, 82.08, 21.52, 70.01, 37.68, 23.97, -999
17/08/16 23, 3.82, 1.42, 3.58, 3.45, 3.36, 5.50, 4.53, 113.92, 1.00, 0.00, 0.00, 0.00, 0.00, 33.46, 1.00, 0.00, 0.00, 0.00, 0.00, 47.62, 1.00, 35.72, 1.00, 0.00, 0.00, 30.43, 1.00, 0.00, 0.00, 0.00, 0.00, 2.99, 25.24, 21.45, 86.12, 21.52, 83.33, 21.72, 82.44, 21.61, 70.21, 37.70, 23.20, -999
18/08/16 00, 3.68, 0.56, 3.98, 3.36, 3.67, 5.50, 4.62, 113.92, 1.00, 0.00, 0.00, 0.00, 0.00, 32.39, 1.00, 0.00, 0.00, 0.00, 0.00, 47.06, 1.00, 34.90, 1.00, 0.00, 0.00, 29.76, 1.00, 0.00, 0.00, 0.00, 0.00, 2.99, 25.24, 20.78, 87.17, 20.84, 83.66, 22.05, 84.18, 21.94, 72.69, 37.67, 22.50, -999
18/08/16 01, 3.31, 0.61, 4.45, 3.51, 3.78, 5.33, 4.06, 115.51, 1.00, 0.00, 0.00, 0.00, 0.00, 33.60, 1.00, 0.00, 0.00, 0.00, 0.00, 48.50, 1.00, 0.00, 0.00, 0.00, 0.00, 0.00, 0.00, 0.00, 0.00, 103.24, 1.00, 2.99, 24.33, 25.41, 89.85, 25.47, 85.67, 30.27, 64.22, 30.27, 59.19, 28.47, 27.57, -999
18/08/16 02, 3.13, 0.83, 4.94, 3.82, 3.27, 5.01, 2.71, 115.36, 1.00, 0.00, 0.00, 0.00, 0.00, 33.02, 1.00, 0.00, 0.00, 0.00, 0.00, 48.07, 1.00, 0.00, 0.00, 0.00, 0.00, 0.00, 0.00, 0.00, 0.00, 102.14, 1.00, 2.99, 24.42, 25.64, 91.02, 25.70, 86.70, 30.25, 63.78, 30.25, 58.43, 28.68, 27.78, -999
18/08/16 03, 2.88, 1.09, 5.22, 4.29, 2.78, 5.24, 3.12, 115.91, 1.00, 0.00, 0.00, 0.00, 0.00, 0.00, 0.00, 0.00, 0.00, 0.00, 0.00, 47.77, 1.00, 0.00, 0.00, 0.00, 0.00, 31.68, 1.00, 0.00, 0.00, 90.04, 1.00, 2.99, 24.10, 27.24, 75.92, 27.20, 88.74, 27.32, 63.54, 27.20, 71.59, 29.81, 28.91, -999
18/08/16 04, 2.72, 1.69, 4.98, 4.17, 2.34, 5.50, 4.13, 114.94, 1.00, 0.00, 0.00, 0.00, 0.00, 0.00, 0.00, 0.00, 0.00, 0.00, 0.00, 0.00, 0.00, 0.00, 0.00, 0.00, 0.00, 29.96, 1.00, 0.00, 0.00, 71.20, 1.00, 2.99, 24.66, 30.16, 75.84, 30.16, 69.71, 27.99, 63.27, 27.88, 78.00, 32.45, 31.55, -999
18/08/16 05, 2.73, 2.44, 4.75, 3.48, 1.94, 5.39, 4.28, 115.10, 1.00, 0.00, 0.00, 0.00, 0.00, 0.00, 0.00, 0.00, 0.00, 0.00, 0.00, 0.00, 0.00, 0.00, 0.00, 0.00, 0.00, 0.00, 0.00, 0.00, 0.00, 67.36, 1.00, 2.99, 24.57, 30.57, 75.59, 30.57, 66.55, 30.23, 62.57, 30.23, 60.56, 32.84, 31.94, -999
18/08/16 06, 2.71, 2.97, 4.52, 3.24, 1.54, 5.14, 3.26, 115.92, 1.00, 0.00, 0.00, 0.00, 0.00, 0.00, 0.00, 0.00, 0.00, 0.00, 0.00, 49.82, 1.00, 36.74, 1.00, 0.00, 0.00, 0.00, 0.00, 0.00, 0.00, 79.66, 1.00, 2.99, 24.09, 28.48, 74.52, 28.44, 86.12, 26.63, 85.46, 26.63, 58.59, 31.00, 30.10, -999
18/08/16 07, 2.49, 3.26, 4.24, 3.56, 2.23, 5.07, 2.75, 118.43, 1.00, 0.00, 0.00, 0.00, 0.00, 0.00, 0.00, 0.00, 0.00, 0.00, 0.00, 48.38, 1.00, 34.54, 1.00, 0.00, 0.00, 29.86, 1.00, 0.00, 0.00, 67.11, 1.00, 2.99, 22.66, 28.37, 72.16, 28.34, 88.75, 19.61, 82.37, 19.51, 69.96, 30.82, 29.92, -999
18/08/16 08, 2.14, 3.44, 3.87, 4.30, 2.77, 5.41, 3.55, 119.05, 1.00, 0.00, 0.00, 0.00, 0.00, 0.00, 0.00, 0.00, 0.00, 0.00, 0.00, 49.78, 1.00, 34.64, 1.00, 0.00, 0.00, 30.25, 1.00, 0.00, 0.00, 62.83, 1.00, 2.99, 22.29, 28.41, 73.39, 28.37, 86.14, 19.06, 81.65, 18.96, 68.14, 30.84, 29.94, -999
18/08/16 09, 1.78, 3.57, 3.57, 4.43, 3.16, 5.50, 3.83, 120.33, 1.00, 0.00, 0.00, 0.00, 0.00, 0.00, 0.00, 0.00, 0.00, 0.00, 0.00, 50.30, 1.00, 34.45, 1.00, 0.00, 0.00, 30.12, 1.00, 0.00, 0.00, 55.12, 1.00, 2.99, 21.55, 28.41, 70.74, 28.37, 85.12, 18.31, 81.22, 18.20, 67.81, 30.81, 29.91, -999
18/08/16 10, 1.40, 3.61, 3.18, 4.18, 3.47, 5.50, 3.56, 120.32, 1.00, 0.00, 0.00, 0.00, 0.00, 0.00, 0.00, 0.00, 0.00, 0.00, 0.00, 49.44, 1.00, 34.54, 1.00, 0.00, 0.00, 29.70, 1.00, 0.00, 0.00, 54.12, 1.00, 2.99, 21.56, 28.45, 69.60, 28.41, 86.84, 18.36, 81.11, 18.26, 69.21, 30.84, 29.94, -999
18/08/16 11, 1.03, 3.46, 3.26, 4.49, 3.71, 5.50, 3.70, 120.40, 1.00, 0.00, 0.00, 0.00, 0.00, 35.47, 1.00, 0.00, 0.00, 0.00, 0.00, 48.77, 1.00, 33.74, 1.00, 0.00, 0.00, 29.53, 1.00, 0.00, 0.00, 59.73, 1.00, 2.99, 21.51, 27.38, 88.67, 27.45, 87.15, 18.51, 82.60, 18.41, 69.89, 30.21, 29.31, -999
18/08/16 12, 0.97, 3.75, 3.76, 3.27, 3.92, 5.50, 4.02, 97.90, 1.00, 97.92, 1.00, 0.00, 0.00, 36.14, 1.00, 0.00, 0.00, 0.00, 0.00, 0.00, 0.00, 0.00, 0.00, 0.00, 0.00, 31.47, 1.00, 0.00, 0.00, 68.30, 1.00, 2.97, 34.10, 29.33, 89.44, 29.45, 61.79, 26.03, 62.99, 25.92, 71.02, 31.83, 30.93, -999
18/08/16 13, 1.04, 3.75, 4.24, 2.97, 3.18, 5.50, 4.26, 97.83, 1.00, 97.85, 1.00, 0.00, 0.00, 33.73, 1.00, 0.00, 0.00, 0.00, 0.00, 49.59, 1.00, 0.00, 0.00, 0.00, 0.00, 31.60, 1.00, 0.00, 0.00, 75.83, 1.00, 2.97, 34.14, 28.12, 92.36, 28.18, 86.32, 26.08, 63.06, 25.97, 70.63, 31.01, 30.11, -999
18/08/16 14, 1.12, 3.67, 4.80, 3.38, 2.57, 5.50, 4.37, 97.70, 1.00, 97.72, 1.00, 0.00, 0.00, 35.01, 1.00, 0.00, 0.00, 0.00, 0.00, 50.22, 1.00, 0.00, 0.00, 0.00, 0.00, 30.63, 1.00, 0.00, 0.00, 77.27, 1.00, 2.97, 34.21, 28.01, 90.10, 28.08, 84.99, 26.32, 60.81, 26.20, 74.14, 30.94, 30.04, -999
18/08/16 15, 1.24, 3.60, 5.28, 3.42, 1.72, 5.42, 4.55, 96.81, 1.00, 96.83, 1.00, 0.00, 0.00, 34.24, 1.00, 0.00, 0.00, 0.00, 0.00, 50.06, 1.00, 0.00, 0.00, 0.00, 0.00, 0.00, 0.00, 0.00, 0.00, 83.11, 1.00, 2.98, 34.69, 28.01, 91.40, 28.07, 85.30, 29.42, 60.96, 29.42, 57.62, 30.96, 30.06, -999
18/08/16 16, 1.39, 3.81, 5.16, 3.54, 1.61, 5.03, 2.76, 97.34, 1.00, 97.36, 1.00, 0.00, 0.00, 0.00, 0.00, 0.00, 0.00, 0.00, 0.00, 49.78, 1.00, 36.84, 1.00, 0.00, 0.00, 0.00, 0.00, 0.00, 0.00, 74.01, 1.00, 2.97, 34.40, 29.10, 74.86, 29.06, 86.82, 25.74, 84.38, 25.74, 56.48, 31.59, 30.69, -999
18/08/16 17, 1.36, 4.05, 4.87, 3.92, 2.16, 5.15, 2.69, 97.31, 1.00, 97.33, 1.00, 0.00, 0.00, 0.00, 0.00, 0.00, 0.00, 0.00, 0.00, 49.76, 1.00, 35.03, 1.00, 0.00, 0.00, 30.72, 1.00, 0.00, 0.00, 71.81, 1.00, 2.97, 34.42, 29.26, 73.02, 29.22, 87.03, 19.81, 81.74, 19.70, 67.34, 31.74, 30.84, -999
18/08/16 18, 1.34, 4.28, 4.51, 4.28, 2.60, 5.32, 2.77, 97.79, 1.00, 97.81, 1.00, 0.00, 0.00, 0.00, 0.00, 0.00, 0.00, 0.00, 0.00, 50.12, 1.00, 34.73, 1.00, 0.00, 0.00, 30.53, 1.00, 0.00, 0.00, 68.78, 1.00, 2.97, 34.16, 29.38, 73.19, 29.34, 86.44, 19.71, 82.15, 19.60, 67.88, 31.85, 30.95, -999
18/08/16 19, 1.28, 4.47, 4.18, 4.45, 3.06, 5.50, 3.03, 98.39, 1.00, 98.41, 1.00, 0.00, 0.00, 0.00, 0.00, 0.00, 0.00, 0.00, 0.00, 50.05, 1.00, 34.63, 1.00, 0.00, 0.00, 29.89, 1.00, 0.00, 0.00, 65.12, 1.00, 2.97, 33.83, 29.48, 69.99, 29.44, 86.68, 19.58, 82.19, 19.48, 69.83, 31.93, 31.03, -999
18/08/16 20, 1.22, 4.81, 3.73, 3.78, 3.48, 5.50, 3.37, 97.87, 1.00, 97.89, 1.00, 0.00, 0.00, 0.00, 0.00, 0.00, 0.00, 0.00, 0.00, 0.00, 0.00, 34.40, 1.00, 0.00, 0.00, 30.22, 1.00, 0.00, 0.00, 49.06, 1.00, 2.97, 34.12, 31.55, 69.23, 31.55, 58.97, 19.67, 82.67, 19.56, 68.86, 33.75, 32.85, -999
18/08/16 21, 1.16, 5.09, 3.27, 2.93, 3.93, 5.50, 3.43, 98.56, 1.00, 98.58, 1.00, 0.00, 0.00, 0.00, 0.00, 0.00, 0.00, 0.00, 0.00, 50.93, 1.00, 34.68, 1.00, 0.00, 0.00, 30.46, 1.00, 0.00, 0.00, 59.45, 1.00, 2.97, 33.75, 29.97, 69.61, 29.92, 85.42, 19.27, 81.80, 19.16, 67.69, 32.39, 31.49, -999
18/08/16 22, 1.17, 5.07, 3.17, 3.07, 3.38, 5.50, 3.30, 98.17, 1.00, 98.18, 1.00, 0.00, 0.00, 37.13, 1.00, 0.00, 0.00, 0.00, 0.00, 50.76, 1.00, 0.00, 0.00, 0.00, 0.00, 32.34, 1.00, 0.00, 0.00, 66.47, 1.00, 2.97, 33.96, 29.05, 87.37, 29.12, 84.97, 25.92, 61.58, 25.80, 67.86, 31.96, 31.06, -999
18/08/16 23, 1.22, 4.85, 3.61, 3.10, 2.52, 5.50, 2.95, 98.02, 1.00, 98.04, 1.00, 0.00, 0.00, 36.34, 1.00, 0.00, 0.00, 0.00, 0.00, 50.60, 1.00, 0.00, 0.00, 0.00, 0.00, 32.34, 1.00, 0.00, 0.00, 68.41, 1.00, 2.97, 34.04, 28.93, 88.68, 29.00, 85.15, 26.01, 60.44, 25.88, 67.95, 31.84, 30.94, -999
19/08/16 00, 1.27, 4.66, 4.07, 3.18, 1.63, 5.50, 2.70, 98.33, 1.00, 98.35, 1.00, 0.00, 0.00, 35.45, 1.00, 0.00, 0.00, 0.00, 0.00, 50.09, 1.00, 0.00, 0.00, 0.00, 0.00, 31.01, 1.00, 0.00, 0.00, 68.57, 1.00, 2.97, 33.87, 28.80, 90.13, 28.87, 86.03, 26.13, 61.37, 26.02, 72.69, 31.69, 30.79, -999
19/08/16 01, 1.19, 4.47, 4.57, 3.47, 1.85, 5.50, 3.36, 97.20, 1.00, 97.22, 1.00, 0.00, 0.00, 34.57, 1.00, 0.00, 0.00, 0.00, 0.00, 49.88, 1.00, 34.90, 1.00, 0.00, 0.00, 28.76, 1.00, 0.00, 0.00, 72.53, 1.00, 2.97, 34.47, 28.75, 91.58, 28.81, 86.39, 20.26, 82.39, 20.16, 74.03, 31.64, 30.74, -999
19/08/16 02, 1.20, 4.35, 5.10, 3.79, 2.40, 5.50, 4.37, 96.99, 1.00, 97.00, 1.00, 0.00, 0.00, 33.75, 1.00, 0.00, 0.00, 0.00, 0.00, 48.95, 1.00, 34.71, 1.00, 0.00, 0.00, 28.79, 1.00, 0.00, 0.00, 73.99, 1.00, 2.98, 34.59, 28.71, 92.91, 28.77, 88.13, 20.39, 82.86, 20.29, 74.05, 31.58, 30.68, -999
19/08/16 03, 1.29, 4.43, 5.23, 4.39, 2.99, 5.36, 4.12, 96.36, 1.00, 96.38, 1.00, 0.00, 0.00, 0.00, 0.00, 0.00, 0.00, 0.00, 0.00, 48.82, 1.00, 35.98, 1.00, 0.00, 0.00, 0.00, 0.00, 0.00, 0.00, 73.13, 1.00, 2.98, 34.93, 29.73, 75.38, 29.69, 89.28, 26.22, 86.42, 26.22, 60.75, 32.21, 31.31, -999
19/08/16 04, 1.49, 4.97, 4.97, 3.83, 3.73, 5.12, 3.21, 94.86, 1.00, 94.88, 1.00, 0.00, 0.00, 0.00, 0.00, 0.00, 0.00, 0.00, 0.00, 0.00, 0.00, 35.83, 1.00, 0.00, 0.00, 0.00, 0.00, 0.00, 0.00, 59.31, 1.00, 2.98, 35.73, 32.44, 76.14, 32.44, 68.86, 27.01, 87.47, 27.01, 59.72, 34.67, 33.77, -999
19/08/16 05, 1.77, 5.60, 4.76, 3.05, 3.92, 5.03, 2.77, 90.17, 1.00, 90.19, 1.00, 0.00, 0.00, 0.00, 0.00, 0.00, 0.00, 0.00, 0.00, 0.00, 0.00, 0.00, 0.00, 0.00, 0.00, 32.25, 1.00, 0.00, 0.00, 0.00, 0.00, 2.98, 38.21, 30.60, 75.29, 30.60, 69.52, 29.89, 63.99, 29.77, 72.17, 41.58, 31.79, -999
19/08/16 06, 2.25, 5.21, 4.51, 3.80, 3.35, 5.44, 3.79, 87.95, 1.00, 87.97, 1.00, 0.00, 0.00, 0.00, 0.00, 0.00, 0.00, 0.00, 0.00, 49.59, 1.00, 0.00, 0.00, 0.00, 0.00, 32.76, 1.00, 0.00, 0.00, 0.00, 0.00, 2.98, 39.37, 28.26, 74.49, 28.22, 86.36, 31.08, 63.45, 30.96, 71.51, 43.04, 29.63, -999
19/08/16 07, 2.79, 4.69, 4.23, 4.08, 2.77, 5.50, 4.76, 91.37, 1.00, 91.38, 1.00, 0.00, 0.00, 0.00, 0.00, 0.00, 0.00, 0.00, 0.00, 49.57, 1.00, 0.00, 0.00, 0.00, 0.00, 30.31, 1.00, 0.00, 0.00, 0.00, 0.00, 2.98, 37.58, 27.73, 72.60, 27.69, 85.87, 30.04, 62.32, 29.93, 78.92, 41.11, 29.10, -999
19/08/16 08, 3.27, 4.16, 3.88, 4.22, 2.11, 5.31, 4.12, 88.40, 1.00, 88.41, 1.00, 0.00, 0.00, 0.00, 0.00, 0.00, 0.00, 0.00, 0.00, 49.44, 1.00, 0.00, 0.00, 0.00, 0.00, 0.00, 0.00, 0.00, 0.00, 0.00, 0.00, 2.98, 39.13, 27.22, 72.81, 27.18, 85.61, 34.49, 62.34, 34.49, 55.53, 43.37, 28.59, -999
19/08/16 09, 3.81, 3.64, 3.56, 4.29, 1.56, 4.86, 2.01, 91.94, 1.00, 91.96, 1.00, 0.00, 0.00, 0.00, 0.00, 0.00, 0.00, 0.00, 0.00, 48.72, 1.00, 0.00, 0.00, 0.00, 0.00, 33.53, 1.00, 0.00, 0.00, 0.00, 0.00, 2.98, 37.28, 26.74, 68.74, 26.71, 86.50, 29.70, 60.97, 29.56, 67.41, 40.99, 28.11, -999
19/08/16 10, 3.99, 3.28, 3.09, 4.09, 1.75, 4.97, 1.89, 91.72, 1.00, 91.74, 1.00, 0.00, 0.00, 0.00, 0.00, 0.00, 0.00, 0.00, 0.00, 0.00, 0.00, 36.58, 1.00, 0.00, 0.00, 31.56, 1.00, 0.00, 0.00, 0.00, 0.00, 2.98, 37.39, 28.28, 69.53, 28.28, 61.88, 22.59, 81.77, 22.48, 67.28, 40.83, 29.47, -999
19/08/16 11, 4.20, 2.85, 3.35, 2.86, 2.09, 5.16, 2.06, 91.83, 1.00, 91.85, 1.00, 0.00, 0.00, 34.36, 1.00, 0.00, 0.00, 0.00, 0.00, 48.11, 1.00, 36.09, 1.00, 0.00, 0.00, 31.72, 1.00, 0.00, 0.00, 0.00, 0.00, 2.98, 37.33, 22.73, 85.92, 22.80, 83.71, 22.71, 82.78, 22.59, 66.84, 40.83, 24.49, -999
19/08/16 12, 4.38, 1.98, 3.74, 2.96, 2.55, 5.28, 2.00, 92.12, 1.00, 92.14, 1.00, 0.00, 0.00, 32.50, 1.00, 0.00, 0.00, 0.00, 0.00, 48.31, 1.00, 35.69, 1.00, 0.00, 0.00, 31.20, 1.00, 0.00, 0.00, 0.00, 0.00, 2.98, 37.18, 22.05, 88.27, 22.11, 82.65, 22.89, 83.66, 22.78, 68.82, 40.74, 23.79, -999
19/08/16 13, 4.46, 1.13, 4.21, 2.69, 3.08, 5.50, 2.60, 113.59, 1.00, 0.00, 0.00, 0.00, 0.00, 33.07, 1.00, 0.00, 0.00, 0.00, 0.00, 47.40, 1.00, 36.04, 1.00, 0.00, 0.00, 30.47, 1.00, 0.00, 0.00, 0.00, 0.00, 2.99, 25.43, 21.23, 86.53, 21.29, 83.50, 21.95, 82.10, 21.84, 70.32, 38.04, 22.97, -999
19/08/16 14, 4.18, 0.51, 4.62, 2.88, 3.34, 5.50, 3.03, 118.78, 1.00, 0.00, 0.00, 0.00, 0.00, 33.70, 1.00, 0.00, 0.00, 0.00, 0.00, 49.03, 1.00, 34.38, 1.00, 0.00, 0.00, 29.90, 1.00, 0.00, 0.00, 91.15, 1.00, 2.99, 22.45, 25.01, 89.28, 25.07, 84.27, 19.61, 82.63, 19.51, 69.84, 27.99, 27.09, -999
19/08/16 15, 3.67, 0.59, 5.09, 3.00, 3.80, 5.50, 3.38, 119.57, 1.00, 0.00, 0.00, 0.00, 0.00, 33.80, 1.00, 0.00, 0.00, 0.00, 0.00, 49.01, 1.00, 34.21, 1.00, 0.00, 0.00, 29.97, 1.00, 0.00, 0.00, 87.05, 1.00, 2.99, 22.00, 25.04, 89.16, 25.10, 84.34, 19.09, 82.41, 18.99, 69.10, 28.00, 27.10, -999
19/08/16 16, 3.23, 0.82, 5.11, 3.12, 3.65, 5.50, 3.59, 117.65, 1.00, 0.00, 0.00, 0.00, 0.00, 0.00, 0.00, 0.00, 0.00, 0.00, 0.00, 49.19, 1.00, 0.00, 0.00, 0.00, 0.00, 31.81, 1.00, 0.00, 0.00, 86.98, 1.00, 2.99, 23.11, 26.71, 71.23, 26.67, 85.58, 26.46, 63.00, 26.35, 70.28, 29.28, 28.38, -999
19/08/16 17, 2.88, 1.21, 4.67, 3.42, 2.95, 5.50, 3.74, 117.21, 1.00, 0.00, 0.00, 0.00, 0.00, 0.00, 0.00, 0.00, 0.00, 0.00, 0.00, 49.28, 1.00, 0.00, 0.00, 0.00, 0.00, 31.44, 1.00, 0.00, 0.00, 85.98, 1.00, 2.99, 23.36, 27.04, 73.07, 27.01, 85.73, 26.68, 62.72, 26.57, 71.77, 29.60, 28.70, -999
19/08/16 18, 2.60, 1.59, 4.32, 3.69, 2.32, 5.50, 4.16, 117.58, 1.00, 0.00, 0.00, 0.00, 0.00, 0.00, 0.00, 0.00, 0.00, 0.00, 0.00, 49.23, 1.00, 0.00, 0.00, 0.00, 0.00, 31.47, 1.00, 0.00, 0.00, 82.43, 1.00, 2.99, 23.15, 27.25, 72.76, 27.21, 86.04, 26.43, 60.67, 26.32, 71.41, 29.79, 28.89, -999
19/08/16 19, 2.32, 1.92, 3.97, 3.97, 1.51, 5.50, 4.44, 120.05, 1.00, 0.00, 0.00, 0.00, 0.00, 0.00, 0.00, 0.00, 0.00, 0.00, 0.00, 49.31, 1.00, 35.04, 1.00, 0.00, 0.00, 29.99, 1.00, 0.00, 0.00, 69.96, 1.00, 2.99, 21.72, 27.09, 71.04, 27.06, 85.73, 18.43, 80.33, 18.33, 68.35, 29.56, 28.66, -999
19/08/16 20, 1.89, 2.13, 3.57, 4.14, 1.85, 5.50, 4.17, 121.19, 1.00, 0.00, 0.00, 0.00, 0.00, 0.00, 0.00, 0.00, 0.00, 0.00, 0.00, 49.71, 1.00, 34.73, 1.00, 0.00, 0.00, 29.75, 1.00, 0.00, 0.00, 63.28, 1.00, 2.99, 21.05, 27.11, 70.29, 27.07, 84.98, 17.81, 80.24, 17.70, 68.51, 29.55, 28.65, -999
19/08/16 21, 1.45, 2.26, 3.15, 4.04, 2.17, 5.50, 4.02, 121.73, 1.00, 0.00, 0.00, 0.00, 0.00, 0.00, 0.00, 0.00, 0.00, 0.00, 0.00, 49.77, 1.00, 34.69, 1.00, 0.00, 0.00, 29.58, 1.00, 0.00, 0.00, 59.18, 1.00, 2.99, 20.74, 27.16, 70.33, 27.12, 84.91, 17.48, 79.98, 17.37, 68.71, 29.58, 28.68, -999
19/08/16 22, 1.00, 2.18, 3.19, 3.92, 2.42, 5.50, 3.97, 122.55, 1.00, 0.00, 0.00, 0.00, 0.00, 35.92, 1.00, 0.00, 0.00, 0.00, 0.00, 49.45, 1.00, 33.96, 1.00, 0.00, 0.00, 29.35, 1.00, 0.00, 0.00, 60.40, 1.00, 2.99, 20.26, 26.07, 86.57, 26.15, 84.55, 17.16, 80.89, 17.06, 69.10, 28.93, 28.03, -999
19/08/16 23, 0.82, 2.11, 3.61, 3.79, 2.85, 5.50, 4.07, 98.93, 1.00, 98.95, 1.00, 0.00, 0.00, 35.15, 1.00, 0.00, 0.00, 0.00, 0.00, 49.49, 1.00, 35.08, 1.00, 0.00, 0.00, 30.02, 1.00, 0.00, 0.00, 82.17, 1.00, 2.97, 33.55, 26.51, 88.35, 26.58, 84.91, 19.02, 80.85, 18.91, 68.85, 29.46, 28.56, -999
20/08/16 00, 0.70, 2.09, 4.07, 3.79, 3.08, 5.50, 4.00, 98.48, 1.00, 98.49, 1.00, 0.00, 0.00, 34.64, 1.00, 0.00, 0.00, 0.00, 0.00, 48.60, 1.00, 34.38, 1.00, 0.00, 0.00, 29.20, 1.00, 0.00, 0.00, 83.83, 1.00, 2.97, 33.79, 26.51, 89.21, 26.57, 86.60, 19.55, 82.57, 19.45, 71.97, 29.45, 28.55, -999
20/08/16 01, 0.62, 2.09, 4.55, 4.21, 3.57, 5.50, 4.60, 97.87, 1.00, 97.89, 1.00, 0.00, 0.00, 33.34, 1.00, 0.00, 0.00, 0.00, 0.00, 48.01, 1.00, 34.07, 1.00, 0.00, 0.00, 28.67, 1.00, 0.00, 0.00, 85.67, 1.00, 2.97, 34.11, 26.56, 91.43, 26.62, 87.72, 19.96, 83.51, 19.86, 74.00, 29.49, 28.59, -999
20/08/16 02, 0.75, 2.28, 5.09, 4.31, 3.85, 5.28, 3.81, 96.47, 1.00, 96.49, 1.00, 0.00, 0.00, 33.97, 1.00, 0.00, 0.00, 0.00, 0.00, 0.00, 0.00, 0.00, 0.00, 0.00, 0.00, 0.00, 0.00, 0.00, 0.00, 81.42, 1.00, 2.98, 34.87, 28.72, 92.56, 28.82, 66.99, 29.30, 64.25, 29.30, 58.84, 31.26, 30.36, -999
20/08/16 03, 1.05, 2.90, 5.22, 3.19, 3.34, 4.96, 2.44, 95.96, 1.00, 95.98, 1.00, 0.00, 0.00, 0.00, 0.00, 0.00, 0.00, 0.00, 0.00, 0.00, 0.00, 0.00, 0.00, 0.00, 0.00, 31.88, 1.00, 0.00, 0.00, 66.19, 1.00, 2.98, 35.14, 30.93, 75.83, 30.93, 66.95, 26.83, 63.89, 26.71, 70.41, 33.20, 32.30, -999
20/08/16 04, 1.22, 3.32, 4.98, 3.45, 2.85, 5.30, 3.20, 95.99, 1.00, 96.01, 1.00, 0.00, 0.00, 0.00, 0.00, 0.00, 0.00, 0.00, 0.00, 48.14, 1.00, 0.00, 0.00, 0.00, 0.00, 31.42, 1.00, 0.00, 0.00, 80.98, 1.00, 2.98, 35.12, 28.98, 76.30, 28.94, 89.81, 26.94, 63.85, 26.83, 72.10, 31.50, 30.60, -999
20/08/16 05, 1.41, 3.67, 4.78, 4.34, 2.47, 5.50, 4.39, 96.49, 1.00, 96.51, 1.00, 0.00, 0.00, 0.00, 0.00, 0.00, 0.00, 0.00, 0.00, 48.52, 1.00, 0.00, 0.00, 0.00, 0.00, 30.06, 1.00, 0.00, 0.00, 77.73, 1.00, 2.98, 34.86, 29.16, 75.27, 29.12, 89.28, 27.03, 62.69, 26.93, 76.74, 31.66, 30.76, -999
20/08/16 06, 1.68, 4.28, 4.53, 3.78, 1.92, 5.33, 4.02, 94.59, 1.00, 94.61, 1.00, 0.00, 0.00, 0.00, 0.00, 0.00, 0.00, 0.00, 0.00, 0.00, 0.00, 0.00, 0.00, 0.00, 0.00, 0.00, 0.00, 0.00, 0.00, 65.66, 1.00, 2.98, 35.87, 32.26, 74.36, 32.26, 66.47, 30.65, 62.06, 30.65, 58.77, 34.53, 33.63, -999
20/08/16 07, 1.96, 4.86, 4.24, 3.09, 1.66, 5.00, 2.58, 96.09, 1.00, 96.11, 1.00, 0.00, 0.00, 0.00, 0.00, 0.00, 0.00, 0.00, 0.00, 50.26, 1.00, 37.05, 1.00, 0.00, 0.00, 0.00, 0.00, 0.00, 0.00, 73.02, 1.00, 2.98, 35.07, 30.09, 74.41, 30.05, 86.87, 26.51, 84.76, 26.51, 56.69, 32.58, 31.68, -999
20/08/16 08, 1.97, 5.08, 3.98, 3.51, 2.21, 5.19, 2.79, 96.81, 1.00, 96.83, 1.00, 0.00, 0.00, 0.00, 0.00, 0.00, 0.00, 0.00, 0.00, 50.37, 1.00, 34.96, 1.00, 0.00, 0.00, 30.70, 1.00, 0.00, 0.00, 68.37, 1.00, 2.98, 34.69, 30.16, 71.43, 30.12, 86.73, 20.35, 82.39, 20.24, 67.95, 32.63, 31.73, -999
20/08/16 09, 1.93, 5.26, 3.59, 3.84, 2.72, 5.41, 3.02, 97.24, 1.00, 97.26, 1.00, 0.00, 0.00, 0.00, 0.00, 0.00, 0.00, 0.00, 0.00, 50.72, 1.00, 34.89, 1.00, 0.00, 0.00, 30.68, 1.00, 0.00, 0.00, 65.52, 1.00, 2.97, 34.46, 30.26, 69.60, 30.22, 86.14, 20.16, 82.32, 20.05, 67.82, 32.72, 31.82, -999
20/08/16 10, 1.86, 5.41, 3.15, 3.96, 3.17, 5.50, 3.27, 97.41, 1.00, 97.43, 1.00, 0.00, 0.00, 0.00, 0.00, 0.00, 0.00, 0.00, 0.00, 50.92, 1.00, 35.18, 1.00, 0.00, 0.00, 30.63, 1.00, 0.00, 0.00, 63.59, 1.00, 2.97, 34.36, 30.36, 68.33, 30.32, 85.84, 19.98, 81.64, 19.87, 67.81, 32.81, 31.91, -999
20/08/16 11, 1.78, 5.30, 3.30, 3.96, 3.46, 5.50, 3.08, 96.98, 1.00, 97.00, 1.00, 0.00, 0.00, 35.67, 1.00, 0.00, 0.00, 0.00, 0.00, 50.49, 1.00, 34.76, 1.00, 0.00, 0.00, 30.25, 1.00, 0.00, 0.00, 69.42, 1.00, 2.98, 34.60, 29.45, 90.38, 29.52, 85.90, 20.34, 82.73, 20.24, 69.43, 32.35, 31.45, -999
20/08/16 12, 1.74, 5.13, 3.83, 4.03, 3.88, 5.50, 3.31, 97.49, 1.00, 97.51, 1.00, 0.00, 0.00, 36.57, 1.00, 0.00, 0.00, 0.00, 0.00, 49.82, 1.00, 34.70, 1.00, 0.00, 0.00, 30.22, 1.00, 0.00, 0.00, 68.82, 1.00, 2.97, 34.32, 29.25, 88.59, 29.32, 87.01, 20.13, 82.61, 20.02, 69.31, 32.15, 31.25, -999
20/08/16 13, 1.76, 4.96, 4.28, 4.37, 3.49, 5.50, 3.57, 97.37, 1.00, 97.39, 1.00, 0.00, 0.00, 35.97, 1.00, 0.00, 0.00, 0.00, 0.00, 49.76, 1.00, 0.00, 0.00, 0.00, 0.00, 31.60, 1.00, 0.00, 0.00, 71.13, 1.00, 2.97, 34.38, 29.16, 89.57, 29.24, 87.05, 26.67, 62.96, 26.55, 71.20, 32.07, 31.17, -999
20/08/16 14, 1.83, 5.06, 4.76, 3.75, 2.81, 5.50, 3.91, 96.13, 1.00, 96.15, 1.00, 0.00, 0.00, 35.58, 1.00, 0.00, 0.00, 0.00, 0.00, 0.00, 0.00, 0.00, 0.00, 0.00, 0.00, 31.50, 1.00, 0.00, 0.00, 67.87, 1.00, 2.98, 35.05, 30.65, 91.75, 30.76, 65.25, 27.20, 62.39, 27.08, 72.10, 33.14, 32.24, -999
20/08/16 15, 1.97, 5.21, 5.28, 3.18, 2.15, 5.50, 4.36, 96.45, 1.00, 96.46, 1.00, 0.00, 0.00, 35.35, 1.00, 0.00, 0.00, 0.00, 0.00, 50.26, 1.00, 0.00, 0.00, 0.00, 0.00, 31.18, 1.00, 0.00, 0.00, 73.34, 1.00, 2.98, 34.88, 29.47, 90.96, 29.53, 86.37, 27.19, 62.18, 27.08, 73.16, 32.38, 31.48, -999
20/08/16 16, 2.12, 5.41, 4.94, 3.52, 1.57, 5.42, 4.42, 95.45, 1.00, 95.47, 1.00, 0.00, 0.00, 0.00, 0.00, 0.00, 0.00, 0.00, 0.00, 50.62, 1.00, 0.00, 0.00, 0.00, 0.00, 0.00, 0.00, 0.00, 0.00, 73.93, 1.00, 2.98, 35.42, 30.66, 73.42, 30.62, 86.75, 30.48, 61.17, 30.48, 57.18, 33.16, 32.26, -999
20/08/16 17, 2.37, 5.25, 4.60, 3.80, 2.00, 5.01, 2.56, 91.69, 1.00, 91.71, 1.00, 0.00, 0.00, 0.00, 0.00, 0.00, 0.00, 0.00, 0.00, 49.71, 1.00, 37.74, 1.00, 0.00, 0.00, 0.00, 0.00, 0.00, 0.00, 0.00, 0.00, 2.98, 37.41, 28.29, 72.12, 28.25, 86.16, 28.58, 85.54, 28.58, 55.72, 40.73, 29.66, -999
20/08/16 18, 2.62, 4.73, 4.21, 4.03, 2.54, 5.19, 2.64, 92.71, 1.00, 92.73, 1.00, 0.00, 0.00, 0.00, 0.00, 0.00, 0.00, 0.00, 0.00, 49.00, 1.00, 35.76, 1.00, 0.00, 0.00, 30.86, 1.00, 0.00, 0.00, 0.00, 0.00, 2.98, 36.87, 27.81, 71.87, 27.77, 87.04, 21.92, 82.56, 21.80, 68.98, 39.90, 29.18, -999
20/08/16 19, 2.86, 4.21, 3.83, 4.43, 2.95, 5.46, 3.16, 93.92, 1.00, 93.94, 1.00, 0.00, 0.00, 0.00, 0.00, 0.00, 0.00, 0.00, 0.00, 49.25, 1.00, 35.59, 1.00, 0.00, 0.00, 31.05, 1.00, 0.00, 0.00, 0.00, 0.00, 2.98, 36.23, 27.28, 70.28, 27.24, 86.03, 21.42, 82.37, 21.31, 67.85, 39.29, 28.65, -999
20/08/16 20, 3.03, 3.96, 3.41, 3.70, 3.32, 5.50, 3.38, 93.16, 1.00, 93.18, 1.00, 0.00, 0.00, 0.00, 0.00, 0.00, 0.00, 0.00, 0.00, 0.00, 0.00, 35.82, 1.00, 0.00, 0.00, 30.72, 1.00, 0.00, 0.00, 0.00, 0.00, 2.98, 36.63, 28.96, 69.40, 28.96, 61.24, 21.89, 82.43, 21.78, 69.43, 39.76, 30.15, -999
20/08/16 21, 3.22, 3.63, 3.03, 3.01, 3.62, 5.50, 3.51, 92.90, 1.00, 92.92, 1.00, 0.00, 0.00, 34.66, 1.00, 0.00, 0.00, 0.00, 0.00, 48.67, 1.00, 35.92, 1.00, 0.00, 0.00, 31.30, 1.00, 0.00, 0.00, 0.00, 0.00, 2.98, 36.77, 23.40, 86.08, 23.47, 83.35, 21.92, 82.28, 21.80, 67.49, 39.96, 25.18, -999
20/08/16 22, 3.41, 2.75, 3.44, 2.90, 3.85, 5.50, 3.13, 93.73, 1.00, 93.74, 1.00, 0.00, 0.00, 34.69, 1.00, 0.00, 0.00, 0.00, 0.00, 48.69, 1.00, 35.79, 1.00, 0.00, 0.00, 31.35, 1.00, 0.00, 0.00, 0.00, 0.00, 2.98, 36.33, 22.52, 85.14, 22.58, 82.43, 21.63, 82.23, 21.51, 67.03, 39.57, 24.29, -999
20/08/16 23, 3.58, 1.86, 3.81, 2.46, 3.77, 5.50, 2.76, 91.43, 1.00, 91.45, 1.00, 0.00, 0.00, 34.41, 1.00, 0.00, 0.00, 0.00, 0.00, 48.27, 1.00, 0.00, 0.00, 0.00, 0.00, 32.75, 1.00, 0.00, 0.00, 0.00, 0.00, 2.98, 37.55, 21.71, 84.81, 21.78, 82.40, 29.96, 61.77, 29.84, 70.42, 41.24, 23.48, -999
21/08/16 00, 3.91, 0.99, 4.14, 2.30, 2.89, 5.50, 3.01, 89.56, 1.00, 89.58, 1.00, 0.00, 0.00, 31.80, 1.00, 0.00, 0.00, 0.00, 0.00, 47.05, 1.00, 0.00, 0.00, 0.00, 0.00, 32.07, 1.00, 0.00, 0.00, 0.00, 0.00, 2.98, 38.53, 21.28, 88.57, 21.33, 84.16, 31.11, 62.61, 30.99, 74.00, 42.44, 22.99, -999
21/08/16 01, 4.12, 0.63, 4.63, 2.71, 2.25, 5.50, 3.80, 94.58, 1.00, 94.60, 1.00, 0.00, 0.00, 33.03, 1.00, 0.00, 0.00, 0.00, 0.00, 47.98, 1.00, 0.00, 0.00, 0.00, 0.00, 30.86, 1.00, 0.00, 0.00, 111.92, 1.00, 2.98, 35.88, 25.82, 91.19, 25.88, 87.04, 29.19, 62.73, 29.08, 76.27, 28.93, 28.03, -999
21/08/16 02, 4.11, 0.95, 5.16, 3.37, 1.75, 5.48, 4.69, 94.01, 1.00, 94.03, 1.00, 0.00, 0.00, 32.48, 1.00, 0.00, 0.00, 0.00, 0.00, 47.98, 1.00, 0.00, 0.00, 0.00, 0.00, 0.00, 0.00, 0.00, 0.00, 112.25, 1.00, 2.98, 36.18, 26.19, 92.44, 26.25, 87.41, 31.89, 62.41, 31.89, 60.48, 29.30, 28.40, -999
21/08/16 03, 4.23, 1.47, 5.12, 4.01, 1.59, 5.21, 3.52, 93.50, 1.00, 93.52, 1.00, 0.00, 0.00, 0.00, 0.00, 0.00, 0.00, 0.00, 0.00, 47.47, 1.00, 36.82, 1.00, 0.00, 0.00, 0.00, 0.00, 0.00, 0.00, 101.56, 1.00, 2.98, 36.45, 28.39, 76.85, 28.35, 90.44, 28.79, 87.46, 28.79, 60.04, 31.04, 30.14, -999
21/08/16 04, 4.33, 2.19, 4.95, 4.18, 2.47, 4.95, 2.56, 92.68, 1.00, 92.70, 1.00, 0.00, 0.00, 0.00, 0.00, 0.00, 0.00, 0.00, 0.00, 0.00, 0.00, 36.80, 1.00, 0.00, 0.00, 0.00, 0.00, 0.00, 0.00, 82.50, 1.00, 2.98, 36.89, 31.75, 76.42, 31.75, 69.68, 29.17, 87.89, 29.17, 59.70, 34.11, 33.21, -999
21/08/16 05, 4.37, 3.04, 4.76, 3.47, 3.26, 5.30, 3.49, 92.91, 1.00, 92.93, 1.00, 0.00, 0.00, 0.00, 0.00, 0.00, 0.00, 0.00, 0.00, 0.00, 0.00, 34.67, 1.00, 0.00, 0.00, 30.44, 1.00, 0.00, 0.00, 77.64, 1.00, 2.98, 36.77, 32.11, 76.11, 32.11, 68.86, 23.37, 85.91, 23.26, 71.83, 34.44, 33.54, -999
21/08/16 06, 4.39, 3.73, 4.57, 3.32, 4.03, 5.50, 4.66, 93.39, 1.00, 93.41, 1.00, 0.00, 0.00, 0.00, 0.00, 0.00, 0.00, 0.00, 0.00, 49.08, 1.00, 0.00, 0.00, 0.00, 0.00, 30.44, 1.00, 0.00, 0.00, 92.07, 1.00, 2.98, 36.51, 29.92, 75.33, 29.88, 88.98, 29.79, 64.81, 29.68, 78.26, 32.51, 31.61, -999
21/08/16 07, 4.51, 4.18, 4.33, 4.07, 3.60, 5.32, 4.11, 112.95, 1.00, 0.00, 0.00, 0.00, 0.00, 0.00, 0.00, 0.00, 0.00, 0.00, 0.00, 49.25, 1.00, 0.00, 0.00, 0.00, 0.00, 0.00, 0.00, 0.00, 0.00, 84.67, 1.00, 2.99, 25.79, 29.96, 74.56, 29.92, 88.70, 31.85, 63.67, 31.85, 59.67, 32.51, 31.61, -999
21/08/16 08, 4.45, 4.65, 4.07, 4.19, 3.02, 5.03, 2.88, 113.40, 1.00, 0.00, 0.00, 0.00, 0.00, 0.00, 0.00, 0.00, 0.00, 0.00, 0.00, 0.00, 0.00, 0.00, 0.00, 0.00, 0.00, 0.00, 0.00, 0.00, 0.00, 62.92, 1.00, 2.99, 25.54, 32.41, 73.44, 32.41, 66.24, 31.78, 62.54, 31.78, 57.08, 34.66, 33.76, -999
21/08/16 09, 4.27, 5.28, 3.76, 2.99, 2.35, 5.14, 2.81, 115.24, 1.00, 0.00, 0.00, 0.00, 0.00, 0.00, 0.00, 0.00, 0.00, 0.00, 0.00, 50.77, 1.00, 0.00, 0.00, 0.00, 0.00, 32.44, 1.00, 0.00, 0.00, 69.42, 1.00, 2.99, 24.49, 30.38, 71.03, 30.33, 86.16, 27.92, 61.49, 27.80, 69.51, 32.85, 31.95, -999
21/08/16 10, 3.99, 5.46, 3.37, 3.27, 1.62, 5.42, 3.27, 115.74, 1.00, 0.00, 0.00, 0.00, 0.00, 0.00, 0.00, 0.00, 0.00, 0.00, 0.00, 51.11, 1.00, 0.00, 0.00, 0.00, 0.00, 32.60, 1.00, 0.00, 0.00, 65.73, 1.00, 2.99, 24.20, 30.45, 70.33, 30.41, 85.54, 27.58, 59.81, 27.46, 68.59, 32.91, 32.01, -999
21/08/16 11, 3.77, 5.13, 3.04, 3.33, 1.77, 5.50, 3.38, 113.76, 1.00, 0.00, 0.00, 0.00, 0.00, 34.91, 1.00, 0.00, 0.00, 0.00, 0.00, 49.13, 1.00, 36.09, 1.00, 0.00, 0.00, 30.51, 1.00, 0.00, 0.00, 0.00, 0.00, 2.99, 25.33, 24.83, 87.07, 24.89, 83.90, 21.67, 81.73, 21.56, 69.90, 37.76, 26.61, -999
21/08/16 12, 3.65, 4.24, 3.48, 3.22, 2.14, 5.50, 3.62, 113.69, 1.00, 0.00, 0.00, 0.00, 0.00, 35.17, 1.00, 0.00, 0.00, 0.00, 0.00, 48.94, 1.00, 36.05, 1.00, 0.00, 0.00, 30.38, 1.00, 0.00, 0.00, 0.00, 0.00, 2.99, 25.37, 23.93, 85.73, 24.00, 83.37, 21.70, 81.84, 21.59, 70.36, 37.75, 25.71, -999
21/08/16 13, 3.55, 3.35, 3.86, 3.01, 2.49, 5.50, 3.91, 114.66, 1.00, 0.00, 0.00, 0.00, 0.00, 33.99, 1.00, 0.00, 0.00, 0.00, 0.00, 48.36, 1.00, 35.72, 1.00, 0.00, 0.00, 30.71, 1.00, 0.00, 0.00, 0.00, 0.00, 2.99, 24.82, 23.24, 87.05, 23.31, 83.76, 21.20, 81.92, 21.09, 68.78, 37.28, 25.00, -999
21/08/16 14, 3.39, 2.48, 4.28, 3.06, 2.84, 5.50, 3.79, 115.13, 1.00, 0.00, 0.00, 0.00, 0.00, 34.05, 1.00, 0.00, 0.00, 0.00, 0.00, 48.14, 1.00, 35.55, 1.00, 0.00, 0.00, 30.46, 1.00, 0.00, 0.00, 0.00, 0.00, 2.99, 24.55, 22.39, 86.09, 22.45, 83.32, 21.03, 82.04, 20.92, 69.43, 37.02, 24.15, -999
21/08/16 15, 3.21, 1.61, 4.65, 3.01, 3.18, 5.50, 3.86, 115.13, 1.00, 0.00, 0.00, 0.00, 0.00, 33.48, 1.00, 0.00, 0.00, 0.00, 0.00, 47.78, 1.00, 35.38, 1.00, 0.00, 0.00, 30.74, 1.00, 0.00, 0.00, 0.00, 0.00, 2.99, 24.55, 21.63, 86.27, 21.69, 83.22, 20.96, 82.28, 20.85, 68.44, 36.97, 23.37, -999
21/08/16 16, 3.06, 0.75, 5.02, 2.99, 3.53, 5.50, 3.67, 115.76, 1.00, 0.00, 0.00, 0.00, 0.00, 33.46, 1.00, 0.00, 0.00, 0.00, 0.00, 47.66, 1.00, 35.29, 1.00, 0.00, 0.00, 30.44, 1.00, 0.00, 0.00, 0.00, 0.00, 2.99, 24.19, 20.78, 85.45, 20.84, 82.58, 20.69, 82.16, 20.58, 69.14, 36.63, 22.53, -999
21/08/16 17, 2.63, 0.54, 5.20, 2.85, 3.80, 5.50, 3.67, 120.40, 1.00, 0.00, 0.00, 0.00, 0.00, 0.00, 0.00, 0.00, 0.00, 0.00, 0.00, 49.72, 1.00, 34.49, 1.00, 0.00, 0.00, 30.02, 1.00, 0.00, 0.00, 77.97, 1.00, 2.99, 21.51, 25.98, 70.52, 25.94, 83.82, 18.37, 81.22, 18.27, 68.21, 28.49, 27.59, -999
21/08/16 18, 2.17, 0.83, 4.74, 2.78, 3.93, 5.50, 3.55, 119.62, 1.00, 0.00, 0.00, 0.00, 0.00, 0.00, 0.00, 0.00, 0.00, 0.00, 0.00, 49.95, 1.00, 0.00, 0.00, 0.00, 0.00, 31.57, 1.00, 0.00, 0.00, 79.88, 1.00, 2.99, 21.97, 26.34, 69.32, 26.30, 83.73, 25.23, 62.24, 25.11, 69.89, 28.87, 27.97, -999
21/08/16 19, 1.81, 1.13, 4.25, 2.67, 3.09, 5.50, 3.66, 119.81, 1.00, 0.00, 0.00, 0.00, 0.00, 0.00, 0.00, 0.00, 0.00, 0.00, 0.00, 50.11, 1.00, 0.00, 0.00, 0.00, 0.00, 31.66, 1.00, 0.00, 0.00, 77.09, 1.00, 2.99, 21.86, 26.52, 70.12, 26.48, 83.60, 25.05, 61.84, 24.93, 69.39, 29.03, 28.13, -999
21/08/16 20, 1.47, 1.41, 3.80, 2.53, 2.30, 5.50, 3.64, 120.40, 1.00, 0.00, 0.00, 0.00, 0.00, 0.00, 0.00, 0.00, 0.00, 0.00, 0.00, 50.22, 1.00, 0.00, 0.00, 0.00, 0.00, 31.53, 1.00, 0.00, 0.00, 72.89, 1.00, 2.99, 21.51, 26.64, 69.61, 26.59, 83.50, 24.69, 60.08, 24.57, 69.49, 29.13, 28.23, -999
21/08/16 21, 1.14, 1.63, 3.36, 2.38, 1.39, 5.50, 3.65, 121.98, 1.00, 0.00, 0.00, 0.00, 0.00, 0.00, 0.00, 0.00, 0.00, 0.00, 0.00, 50.30, 1.00, 34.67, 1.00, 0.00, 0.00, 29.57, 1.00, 0.00, 0.00, 62.87, 1.00, 2.99, 20.60, 26.59, 69.59, 26.54, 83.30, 17.31, 79.84, 17.20, 68.57, 29.03, 28.13, -999
21/08/16 22, 0.89, 1.88, 2.92, 2.21, 1.74, 5.50, 3.68, 99.08, 1.00, 99.10, 1.00, 0.00, 0.00, 35.23, 1.00, 0.00, 0.00, 0.00, 0.00, 50.16, 1.00, 35.22, 1.00, 0.00, 0.00, 29.96, 1.00, 0.00, 0.00, 83.32, 1.00, 2.97, 33.46, 26.29, 88.71, 26.36, 83.39, 18.96, 80.55, 18.85, 68.98, 29.26, 28.36, -999
21/08/16 23, 0.75, 1.86, 3.42, 2.13, 2.07, 5.50, 3.73, 98.79, 1.00, 98.80, 1.00, 0.00, 0.00, 35.40, 1.00, 0.00, 0.00, 0.00, 0.00, 49.74, 1.00, 34.63, 1.00, 0.00, 0.00, 29.75, 1.00, 0.00, 0.00, 84.42, 1.00, 2.97, 33.62, 26.26, 87.67, 26.33, 84.18, 19.24, 81.85, 19.14, 69.94, 29.23, 28.33, -999
22/08/16 00, 0.64, 1.85, 3.87, 2.31, 2.56, 5.50, 3.98, 99.25, 1.00, 99.27, 1.00, 0.00, 0.00, 35.03, 1.00, 0.00, 0.00, 0.00, 0.00, 49.15, 1.00, 34.53, 1.00, 0.00, 0.00, 29.59, 1.00, 0.00, 0.00, 82.37, 1.00, 2.97, 33.37, 26.26, 88.31, 26.32, 85.31, 19.03, 81.79, 18.92, 70.22, 29.21, 28.31, -999
22/08/16 01, 0.52, 1.83, 4.32, 2.71, 3.00, 5.50, 4.24, 98.45, 1.00, 98.47, 1.00, 0.00, 0.00, 33.67, 1.00, 0.00, 0.00, 0.00, 0.00, 49.52, 1.00, 34.13, 1.00, 0.00, 0.00, 28.96, 1.00, 0.00, 0.00, 85.28, 1.00, 2.97, 33.80, 26.26, 90.60, 26.32, 84.59, 19.60, 83.05, 19.50, 72.76, 29.21, 28.31, -999
22/08/16 02, 0.49, 1.86, 4.84, 2.88, 3.58, 5.44, 4.50, 97.77, 1.00, 97.79, 1.00, 0.00, 0.00, 33.14, 1.00, 0.00, 0.00, 0.00, 0.00, 48.59, 1.00, 35.70, 1.00, 0.00, 0.00, 0.00, 0.00, 0.00, 0.00, 88.10, 1.00, 2.97, 34.17, 26.34, 91.52, 26.40, 86.43, 25.25, 85.93, 25.25, 59.73, 29.29, 28.39, -999
22/08/16 03, 0.63, 1.98, 5.26, 3.40, 3.95, 5.14, 3.19, 96.29, 1.00, 96.31, 1.00, 0.00, 0.00, 0.00, 0.00, 0.00, 0.00, 0.00, 0.00, 48.50, 1.00, 0.00, 0.00, 0.00, 0.00, 0.00, 0.00, 0.00, 0.00, 87.84, 1.00, 2.98, 34.97, 27.96, 75.85, 27.92, 88.12, 29.27, 64.57, 29.27, 59.74, 30.52, 29.62, -999
22/08/16 04, 0.89, 2.38, 5.02, 4.07, 3.48, 5.03, 2.71, 96.73, 1.00, 96.75, 1.00, 0.00, 0.00, 0.00, 0.00, 0.00, 0.00, 0.00, 0.00, 47.34, 1.00, 0.00, 0.00, 0.00, 0.00, 31.26, 1.00, 0.00, 0.00, 83.01, 1.00, 2.98, 34.73, 28.18, 75.32, 28.14, 90.47, 26.48, 64.46, 26.37, 72.19, 30.71, 29.81, -999
22/08/16 05, 1.09, 2.94, 4.76, 4.14, 3.10, 5.45, 3.82, 95.11, 1.00, 95.12, 1.00, 0.00, 0.00, 0.00, 0.00, 0.00, 0.00, 0.00, 0.00, 0.00, 0.00, 0.00, 0.00, 0.00, 0.00, 31.52, 1.00, 0.00, 0.00, 68.64, 1.00, 2.98, 35.60, 31.18, 75.65, 31.18, 66.26, 27.28, 63.92, 27.16, 72.10, 33.47, 32.57, -999
22/08/16 06, 1.38, 3.67, 4.53, 2.94, 2.67, 5.45, 4.59, 94.79, 1.00, 94.81, 1.00, 0.00, 0.00, 0.00, 0.00, 0.00, 0.00, 0.00, 0.00, 49.98, 1.00, 0.00, 0.00, 0.00, 0.00, 0.00, 0.00, 0.00, 0.00, 85.24, 1.00, 2.98, 35.77, 29.43, 75.28, 29.39, 86.85, 30.28, 62.64, 30.28, 58.13, 31.99, 31.09, -999
22/08/16 07, 1.70, 4.05, 4.30, 3.41, 2.08, 5.09, 2.89, 96.89, 1.00, 96.91, 1.00, 0.00, 0.00, 0.00, 0.00, 0.00, 0.00, 0.00, 0.00, 50.02, 1.00, 0.00, 0.00, 0.00, 0.00, 0.00, 0.00, 0.00, 0.00, 76.21, 1.00, 2.98, 34.64, 29.41, 72.82, 29.36, 86.67, 29.69, 62.13, 29.69, 57.41, 31.91, 31.01, -999
22/08/16 08, 1.79, 4.30, 3.95, 3.77, 1.50, 5.20, 2.86, 97.12, 1.00, 97.14, 1.00, 0.00, 0.00, 0.00, 0.00, 0.00, 0.00, 0.00, 0.00, 50.77, 1.00, 35.13, 1.00, 0.00, 0.00, 30.70, 1.00, 0.00, 0.00, 72.18, 1.00, 2.97, 34.52, 29.48, 70.96, 29.44, 85.25, 20.10, 81.86, 19.99, 67.70, 31.97, 31.07, -999
22/08/16 09, 1.73, 4.52, 3.55, 3.70, 2.01, 5.40, 3.01, 97.98, 1.00, 98.00, 1.00, 0.00, 0.00, 0.00, 0.00, 0.00, 0.00, 0.00, 0.00, 50.60, 1.00, 35.15, 1.00, 0.00, 0.00, 30.64, 1.00, 0.00, 0.00, 67.57, 1.00, 2.97, 34.06, 29.57, 68.84, 29.53, 85.69, 19.67, 81.38, 19.56, 67.49, 32.04, 31.14, -999
22/08/16 10, 1.62, 4.69, 3.08, 3.77, 2.41, 5.50, 3.11, 97.74, 1.00, 97.76, 1.00, 0.00, 0.00, 0.00, 0.00, 0.00, 0.00, 0.00, 0.00, 50.20, 1.00, 34.98, 1.00, 0.00, 0.00, 30.19, 1.00, 0.00, 0.00, 66.86, 1.00, 2.97, 34.18, 29.74, 70.87, 29.70, 86.65, 19.89, 81.90, 19.78, 69.16, 32.20, 31.30, -999
22/08/16 11, 1.53, 4.60, 3.39, 4.05, 2.84, 5.50, 3.29, 97.14, 1.00, 97.16, 1.00, 0.00, 0.00, 36.56, 1.00, 0.00, 0.00, 0.00, 0.00, 49.56, 1.00, 34.82, 1.00, 0.00, 0.00, 30.45, 1.00, 0.00, 0.00, 73.05, 1.00, 2.97, 34.51, 28.83, 88.18, 28.90, 87.10, 20.09, 82.37, 19.98, 68.53, 31.76, 30.86, -999
22/08/16 12, 1.50, 4.47, 3.84, 4.42, 3.29, 5.50, 3.28, 97.81, 1.00, 97.83, 1.00, 0.00, 0.00, 36.33, 1.00, 0.00, 0.00, 0.00, 0.00, 50.33, 1.00, 35.21, 1.00, 0.00, 0.00, 30.19, 1.00, 0.00, 0.00, 71.69, 1.00, 2.97, 34.15, 28.65, 88.41, 28.72, 85.40, 19.76, 81.37, 19.65, 69.02, 31.57, 30.67, -999
22/08/16 13, 1.42, 4.31, 4.29, 4.27, 3.52, 5.50, 3.40, 98.33, 1.00, 98.35, 1.00, 0.00, 0.00, 34.66, 1.00, 0.00, 0.00, 0.00, 0.00, 49.83, 1.00, 34.51, 1.00, 0.00, 0.00, 29.99, 1.00, 0.00, 0.00, 70.38, 1.00, 2.97, 33.87, 28.54, 91.23, 28.61, 86.28, 19.70, 82.51, 19.59, 69.61, 31.43, 30.53, -999
22/08/16 14, 1.30, 4.16, 4.82, 4.43, 3.93, 5.50, 3.62, 98.17, 1.00, 98.19, 1.00, 0.00, 0.00, 35.10, 1.00, 0.00, 0.00, 0.00, 0.00, 49.12, 1.00, 34.62, 1.00, 0.00, 0.00, 29.20, 1.00, 0.00, 0.00, 71.67, 1.00, 2.97, 33.95, 28.43, 90.36, 28.50, 87.52, 19.89, 82.50, 19.79, 72.30, 31.32, 30.42, -999
22/08/16 15, 1.35, 4.42, 5.29, 3.46, 3.45, 5.50, 4.43, 96.40, 1.00, 96.42, 1.00, 0.00, 0.00, 0.00, 0.00, 0.00, 0.00, 0.00, 0.00, 0.00, 0.00, 0.00, 0.00, 0.00, 0.00, 31.36, 1.00, 0.00, 0.00, 57.24, 1.00, 2.98, 34.91, 31.74, 73.73, 31.74, 62.23, 26.87, 63.31, 26.75, 72.25, 33.97, 33.07, -999
22/08/16 16, 1.51, 4.83, 4.94, 2.77, 2.84, 5.48, 4.70, 96.61, 1.00, 96.62, 1.00, 0.00, 0.00, 0.00, 0.00, 0.00, 0.00, 0.00, 0.00, 50.51, 1.00, 0.00, 0.00, 0.00, 0.00, 0.00, 0.00, 0.00, 0.00, 72.15, 1.00, 2.98, 34.80, 30.02, 73.28, 29.98, 86.32, 29.71, 62.29, 29.71, 57.00, 32.51, 31.61, -999
22/08/16 17, 1.73, 5.06, 4.59, 3.14, 2.16, 5.07, 2.76, 96.23, 1.00, 96.25, 1.00, 0.00, 0.00, 0.00, 0.00, 0.00, 0.00, 0.00, 0.00, 50.79, 1.00, 0.00, 0.00, 0.00, 0.00, 0.00, 0.00, 0.00, 0.00, 72.58, 1.00, 2.98, 35.00, 30.26, 73.15, 30.21, 85.99, 29.97, 61.48, 29.97, 56.65, 32.75, 31.85, -999
22/08/16 18, 1.86, 5.26, 4.24, 3.36, 1.46, 5.16, 2.62, 97.03, 1.00, 97.05, 1.00, 0.00, 0.00, 0.00, 0.00, 0.00, 0.00, 0.00, 0.00, 50.95, 1.00, 35.34, 1.00, 0.00, 0.00, 30.72, 1.00, 0.00, 0.00, 66.12, 1.00, 2.98, 34.57, 30.27, 72.23, 30.22, 85.68, 20.10, 81.50, 19.99, 67.64, 32.73, 31.83, -999
22/08/16 19, 1.82, 5.41, 3.88, 3.46, 1.91, 5.35, 2.81, 97.24, 1.00, 97.25, 1.00, 0.00, 0.00, 0.00, 0.00, 0.00, 0.00, 0.00, 0.00, 50.98, 1.00, 35.65, 1.00, 0.00, 0.00, 30.80, 1.00, 0.00, 0.00, 64.08, 1.00, 2.97, 34.46, 30.37, 72.11, 30.33, 85.73, 19.88, 80.71, 19.76, 67.15, 32.82, 31.92, -999
22/08/16 20, 1.83, 5.38, 3.52, 3.55, 2.19, 5.49, 2.76, 94.31, 1.00, 94.33, 1.00, 0.00, 0.00, 0.00, 0.00, 0.00, 0.00, 0.00, 0.00, 50.70, 1.00, 35.59, 1.00, 0.00, 0.00, 30.95, 1.00, 0.00, 0.00, 0.00, 0.00, 2.98, 36.02, 28.34, 69.38, 28.30, 84.27, 20.80, 81.75, 20.69, 67.57, 38.76, 29.72, -999
22/08/16 21, 2.04, 4.84, 3.08, 3.23, 2.57, 5.50, 3.02, 94.20, 1.00, 94.22, 1.00, 0.00, 0.00, 0.00, 0.00, 0.00, 0.00, 0.00, 0.00, 49.93, 1.00, 35.67, 1.00, 0.00, 0.00, 30.82, 1.00, 0.00, 0.00, 0.00, 0.00, 2.98, 36.08, 27.86, 67.44, 27.82, 85.30, 20.96, 81.76, 20.85, 68.16, 38.89, 29.24, -999
22/08/16 22, 2.24, 4.01, 3.32, 3.36, 2.90, 5.50, 2.95, 94.52, 1.00, 94.54, 1.00, 0.00, 0.00, 35.14, 1.00, 0.00, 0.00, 0.00, 0.00, 48.79, 1.00, 35.60, 1.00, 0.00, 0.00, 30.99, 1.00, 0.00, 0.00, 0.00, 0.00, 2.98, 35.91, 23.71, 85.58, 23.78, 83.43, 20.87, 81.80, 20.75, 67.49, 38.77, 25.49, -999
22/08/16 23, 2.41, 3.12, 3.70, 3.15, 3.20, 5.50, 2.73, 94.07, 1.00, 94.09, 1.00, 0.00, 0.00, 34.19, 1.00, 0.00, 0.00, 0.00, 0.00, 48.46, 1.00, 35.47, 1.00, 0.00, 0.00, 30.77, 1.00, 0.00, 0.00, 0.00, 0.00, 2.98, 36.15, 22.98, 86.45, 23.04, 83.31, 21.25, 82.40, 21.14, 68.62, 39.07, 24.74, -999
23/08/16 00, 2.59, 2.24, 4.10, 3.02, 3.55, 5.50, 2.83, 94.03, 1.00, 94.05, 1.00, 0.00, 0.00, 33.03, 1.00, 0.00, 0.00, 0.00, 0.00, 48.19, 1.00, 34.90, 1.00, 0.00, 0.00, 31.06, 1.00, 0.00, 0.00, 0.00, 0.00, 2.98, 36.17, 22.27, 87.63, 22.33, 83.10, 21.42, 83.57, 21.31, 67.82, 39.16, 24.01, -999
23/08/16 01, 2.78, 1.39, 4.53, 2.91, 3.94, 5.50, 2.72, 91.27, 1.00, 91.29, 1.00, 0.00, 0.00, 31.86, 1.00, 0.00, 0.00, 0.00, 0.00, 46.37, 1.00, 0.00, 0.00, 0.00, 0.00, 31.70, 1.00, 0.00, 0.00, 0.00, 0.00, 2.98, 37.63, 21.74, 88.95, 21.80, 85.82, 29.86, 63.18, 29.74, 74.04, 41.15, 23.45, -999
23/08/16 02, 3.17, 0.56, 5.00, 3.49, 3.23, 5.50, 3.60, 89.33, 1.00, 89.35, 1.00, 0.00, 0.00, 30.91, 1.00, 0.00, 0.00, 0.00, 0.00, 46.07, 1.00, 0.00, 0.00, 0.00, 0.00, 31.77, 1.00, 0.00, 0.00, 0.00, 0.00, 2.98, 38.65, 21.06, 89.69, 21.10, 85.65, 30.95, 63.41, 30.83, 74.90, 42.41, 22.74, -999
23/08/16 03, 3.28, 0.65, 5.32, 4.05, 2.67, 5.50, 4.44, 94.90, 1.00, 94.92, 1.00, 0.00, 0.00, 0.00, 0.00, 0.00, 0.00, 0.00, 0.00, 47.85, 1.00, 0.00, 0.00, 0.00, 0.00, 30.28, 1.00, 0.00, 0.00, 100.64, 1.00, 2.98, 35.71, 27.47, 75.88, 27.43, 88.82, 28.62, 63.34, 28.51, 77.60, 30.12, 29.22, -999
23/08/16 04, 3.46, 1.30, 5.07, 4.37, 2.22, 5.32, 3.99, 93.25, 1.00, 93.27, 1.00, 0.00, 0.00, 0.00, 0.00, 0.00, 0.00, 0.00, 0.00, 0.00, 0.00, 0.00, 0.00, 0.00, 0.00, 0.00, 0.00, 0.00, 0.00, 84.95, 1.00, 2.98, 36.59, 31.11, 76.51, 31.11, 70.51, 31.98, 63.03, 31.98, 59.78, 33.48, 32.58, -999
23/08/16 05, 3.73, 2.19, 4.88, 3.80, 1.79, 5.04, 2.81, 92.53, 1.00, 92.55, 1.00, 0.00, 0.00, 0.00, 0.00, 0.00, 0.00, 0.00, 0.00, 0.00, 0.00, 0.00, 0.00, 0.00, 0.00, 0.00, 0.00, 0.00, 0.00, 83.37, 1.00, 2.98, 36.97, 31.84, 75.53, 31.84, 66.26, 32.41, 62.65, 32.41, 58.99, 34.20, 33.30, -999
23/08/16 06, 3.90, 2.94, 4.64, 3.16, 1.72, 5.06, 2.69, 94.02, 1.00, 94.03, 1.00, 0.00, 0.00, 0.00, 0.00, 0.00, 0.00, 0.00, 0.00, 49.05, 1.00, 35.52, 1.00, 0.00, 0.00, 30.38, 1.00, 0.00, 0.00, 92.90, 1.00, 2.98, 36.18, 29.17, 74.51, 29.13, 88.29, 22.56, 83.63, 22.46, 71.22, 31.77, 30.87, -999
23/08/16 07, 3.86, 3.39, 4.36, 3.85, 2.35, 5.45, 3.69, 95.50, 1.00, 95.52, 1.00, 0.00, 0.00, 0.00, 0.00, 0.00, 0.00, 0.00, 0.00, 49.28, 1.00, 34.96, 1.00, 0.00, 0.00, 30.45, 1.00, 0.00, 0.00, 86.49, 1.00, 2.98, 35.39, 29.26, 74.99, 29.22, 87.95, 21.96, 84.00, 21.85, 70.40, 31.82, 30.92, -999
23/08/16 08, 3.72, 3.78, 4.12, 4.39, 3.01, 5.50, 4.64, 95.61, 1.00, 95.63, 1.00, 0.00, 0.00, 0.00, 0.00, 0.00, 0.00, 0.00, 0.00, 49.96, 1.00, 35.85, 1.00, 0.00, 0.00, 29.60, 1.00, 0.00, 0.00, 84.03, 1.00, 2.98, 35.33, 29.48, 72.32, 29.44, 86.85, 21.84, 82.32, 21.73, 73.00, 32.03, 31.13, -999
23/08/16 09, 3.71, 4.32, 3.76, 3.78, 3.38, 5.25, 3.64, 95.33, 1.00, 95.35, 1.00, 0.00, 0.00, 0.00, 0.00, 0.00, 0.00, 0.00, 0.00, 0.00, 0.00, 37.46, 1.00, 0.00, 0.00, 0.00, 0.00, 0.00, 0.00, 65.02, 1.00, 2.98, 35.48, 32.25, 68.07, 32.25, 61.43, 27.71, 85.21, 27.71, 56.16, 34.51, 33.61, -999
23/08/16 10, 3.64, 4.80, 3.26, 3.04, 3.80, 5.07, 2.53, 96.14, 1.00, 96.16, 1.00, 0.00, 0.00, 0.00, 0.00, 0.00, 0.00, 0.00, 0.00, 50.57, 1.00, 35.34, 1.00, 0.00, 0.00, 31.04, 1.00, 0.00, 0.00, 76.48, 1.00, 2.98, 35.05, 30.14, 68.51, 30.10, 86.32, 21.27, 82.65, 21.16, 67.73, 32.65, 31.75, -999
23/08/16 11, 3.51, 4.93, 3.14, 3.36, 3.83, 5.28, 2.75, 95.20, 1.00, 95.21, 1.00, 0.00, 0.00, 35.65, 1.00, 0.00, 0.00, 0.00, 0.00, 50.37, 1.00, 0.00, 0.00, 0.00, 0.00, 32.75, 1.00, 0.00, 0.00, 83.93, 1.00, 2.98, 35.55, 29.31, 90.28, 29.38, 85.99, 28.31, 63.92, 28.18, 68.78, 32.30, 31.40, -999
23/08/16 12, 3.55, 4.91, 3.67, 3.58, 3.26, 5.50, 3.02, 95.20, 1.00, 95.22, 1.00, 0.00, 0.00, 37.80, 1.00, 0.00, 0.00, 0.00, 0.00, 50.44, 1.00, 0.00, 0.00, 0.00, 0.00, 31.73, 1.00, 0.00, 0.00, 84.27, 1.00, 2.98, 35.55, 29.25, 86.33, 29.33, 85.79, 28.48, 64.16, 28.36, 72.58, 32.27, 31.37, -999
23/08/16 13, 3.59, 4.88, 4.05, 3.72, 2.85, 5.50, 3.65, 95.51, 1.00, 95.53, 1.00, 0.00, 0.00, 37.48, 1.00, 0.00, 0.00, 0.00, 0.00, 50.61, 1.00, 0.00, 0.00, 0.00, 0.00, 32.28, 1.00, 0.00, 0.00, 83.63, 1.00, 2.98, 35.38, 29.21, 86.88, 29.28, 85.41, 28.33, 62.82, 28.21, 70.49, 32.22, 31.32, -999
23/08/16 14, 3.59, 4.83, 4.44, 3.72, 2.26, 5.50, 3.80, 95.47, 1.00, 95.49, 1.00, 0.00, 0.00, 35.79, 1.00, 0.00, 0.00, 0.00, 0.00, 50.29, 1.00, 0.00, 0.00, 0.00, 0.00, 32.16, 1.00, 0.00, 0.00, 83.97, 1.00, 2.98, 35.40, 29.21, 89.94, 29.28, 86.06, 28.36, 61.65, 28.24, 70.96, 32.19, 31.29, -999
23/08/16 15, 3.59, 4.81, 4.92, 3.90, 1.57, 5.50, 4.01, 95.07, 1.00, 95.09, 1.00, 0.00, 0.00, 35.71, 1.00, 0.00, 0.00, 0.00, 0.00, 50.07, 1.00, 0.00, 0.00, 0.00, 0.00, 31.62, 1.00, 0.00, 0.00, 85.53, 1.00, 2.98, 35.62, 29.20, 90.07, 29.27, 86.47, 28.56, 61.01, 28.44, 73.03, 32.19, 31.29, -999
23/08/16 16, 3.50, 4.79, 5.39, 4.14, 1.93, 5.50, 4.45, 95.81, 1.00, 95.83, 1.00, 0.00, 0.00, 0.00, 0.00, 0.00, 0.00, 0.00, 0.00, 50.58, 1.00, 35.73, 1.00, 0.00, 0.00, 29.65, 1.00, 0.00, 0.00, 77.35, 1.00, 2.98, 35.22, 30.17, 73.92, 30.12, 86.32, 21.65, 82.35, 21.55, 72.67, 32.68, 31.78, -999
23/08/16 17, 3.41, 5.07, 5.05, 4.25, 2.41, 5.42, 4.49, 95.16, 1.00, 95.17, 1.00, 0.00, 0.00, 0.00, 0.00, 0.00, 0.00, 0.00, 0.00, 50.13, 1.00, 37.77, 1.00, 0.00, 0.00, 0.00, 0.00, 0.00, 0.00, 77.89, 1.00, 2.98, 35.57, 30.49, 73.12, 30.45, 87.53, 27.56, 84.48, 27.56, 57.95, 33.01, 32.11, -999
23/08/16 18, 3.47, 5.45, 4.69, 4.19, 2.86, 5.04, 2.78, 94.45, 1.00, 94.47, 1.00, 0.00, 0.00, 0.00, 0.00, 0.00, 0.00, 0.00, 0.00, 0.00, 0.00, 37.57, 1.00, 0.00, 0.00, 0.00, 0.00, 0.00, 0.00, 61.01, 1.00, 2.98, 35.95, 33.06, 73.26, 33.06, 64.36, 27.88, 85.17, 27.88, 54.99, 35.30, 34.40, -999
23/08/16 19, 3.72, 5.42, 4.34, 3.04, 3.32, 5.05, 2.29, 93.27, 1.00, 93.28, 1.00, 0.00, 0.00, 0.00, 0.00, 0.00, 0.00, 0.00, 0.00, 50.44, 1.00, 35.47, 1.00, 0.00, 0.00, 31.58, 1.00, 0.00, 0.00, 0.00, 0.00, 2.98, 36.58, 28.40, 72.35, 28.36, 84.84, 22.01, 83.17, 21.89, 66.64, 39.92, 29.78, -999
23/08/16 20, 3.86, 4.88, 3.98, 3.09, 3.74, 5.15, 2.12, 92.19, 1.00, 92.20, 1.00, 0.00, 0.00, 0.00, 0.00, 0.00, 0.00, 0.00, 0.00, 49.94, 1.00, 35.75, 1.00, 0.00, 0.00, 31.35, 1.00, 0.00, 0.00, 0.00, 0.00, 2.98, 37.15, 27.90, 69.39, 27.86, 85.31, 22.58, 83.24, 22.46, 68.00, 40.54, 29.27, -999
23/08/16 21, 4.09, 4.35, 3.52, 3.28, 3.78, 5.38, 2.48, 91.11, 1.00, 91.13, 1.00, 0.00, 0.00, 0.00, 0.00, 0.00, 0.00, 0.00, 0.00, 50.08, 1.00, 0.00, 0.00, 0.00, 0.00, 33.35, 1.00, 0.00, 0.00, 0.00, 0.00, 2.98, 37.72, 27.36, 68.47, 27.32, 84.51, 30.24, 62.07, 30.11, 68.48, 41.55, 28.74, -999
23/08/16 22, 4.40, 3.82, 3.04, 3.23, 2.94, 5.50, 2.73, 90.90, 1.00, 90.92, 1.00, 0.00, 0.00, 0.00, 0.00, 0.00, 0.00, 0.00, 0.00, 49.74, 1.00, 0.00, 0.00, 0.00, 0.00, 33.09, 1.00, 0.00, 0.00, 0.00, 0.00, 2.98, 37.83, 26.85, 69.47, 26.81, 84.67, 30.52, 60.50, 30.39, 69.74, 41.75, 28.23, -999
23/08/16 23, 4.55, 3.03, 3.25, 3.24, 2.00, 5.50, 2.82, 112.49, 1.00, 0.00, 0.00, 0.00, 0.00, 34.71, 1.00, 0.00, 0.00, 0.00, 0.00, 48.28, 1.00, 0.00, 0.00, 0.00, 0.00, 32.55, 1.00, 0.00, 0.00, 0.00, 0.00, 2.99, 26.05, 22.85, 85.44, 22.91, 83.52, 29.23, 60.04, 29.10, 70.42, 38.69, 24.61, -999
24/08/16 00, 4.48, 2.15, 3.63, 3.18, 1.63, 5.50, 3.01, 112.80, 1.00, 0.00, 0.00, 0.00, 0.00, 33.83, 1.00, 0.00, 0.00, 0.00, 0.00, 48.04, 1.00, 36.23, 1.00, 0.00, 0.00, 30.11, 1.00, 0.00, 0.00, 0.00, 0.00, 2.99, 25.87, 22.10, 86.17, 22.16, 83.20, 22.40, 82.20, 22.29, 71.95, 38.41, 23.85, -999
24/08/16 01, 4.36, 1.29, 4.03, 3.07, 2.06, 5.50, 3.68, 112.76, 1.00, 0.00, 0.00, 0.00, 0.00, 32.14, 1.00, 0.00, 0.00, 0.00, 0.00, 47.04, 1.00, 35.92, 1.00, 0.00, 0.00, 29.77, 1.00, 0.00, 0.00, 0.00, 0.00, 2.99, 25.90, 21.54, 88.30, 21.59, 84.44, 22.55, 82.90, 22.44, 73.18, 38.39, 23.25, -999
24/08/16 02, 4.22, 0.51, 4.49, 3.38, 2.55, 5.50, 4.46, 117.28, 1.00, 0.00, 0.00, 0.00, 0.00, 32.18, 1.00, 0.00, 0.00, 0.00, 0.00, 48.09, 1.00, 34.64, 1.00, 0.00, 0.00, 28.88, 1.00, 0.00, 0.00, 96.55, 1.00, 2.99, 23.32, 25.20, 91.91, 25.25, 86.20, 20.72, 83.30, 20.62, 74.11, 28.18, 27.28, -999
24/08/16 03, 3.82, 0.70, 5.04, 3.83, 3.18, 5.36, 4.21, 115.30, 1.00, 0.00, 0.00, 0.00, 0.00, 31.95, 1.00, 0.00, 0.00, 0.00, 0.00, 47.36, 1.00, 36.23, 1.00, 0.00, 0.00, 0.00, 0.00, 0.00, 0.00, 102.48, 1.00, 2.99, 24.45, 25.61, 92.68, 25.66, 87.94, 27.21, 86.96, 27.21, 59.79, 28.62, 27.72, -999
24/08/16 04, 3.56, 1.07, 5.18, 4.52, 3.92, 5.07, 2.98, 113.96, 1.00, 0.00, 0.00, 0.00, 0.00, 0.00, 0.00, 0.00, 0.00, 0.00, 0.00, 0.00, 0.00, 36.04, 1.00, 0.00, 0.00, 0.00, 0.00, 0.00, 0.00, 77.45, 1.00, 2.99, 25.22, 30.13, 76.75, 30.13, 70.59, 27.93, 88.02, 27.93, 59.28, 32.46, 31.56, -999
24/08/16 05, 3.51, 1.89, 5.00, 3.94, 3.66, 5.14, 3.00, 114.19, 1.00, 0.00, 0.00, 0.00, 0.00, 0.00, 0.00, 0.00, 0.00, 0.00, 0.00, 0.00, 0.00, 0.00, 0.00, 0.00, 0.00, 32.42, 1.00, 0.00, 0.00, 73.05, 1.00, 2.99, 25.08, 30.52, 76.71, 30.52, 70.20, 28.27, 64.28, 28.14, 69.92, 32.83, 31.93, -999
24/08/16 06, 3.40, 2.65, 4.83, 3.40, 3.19, 5.44, 3.52, 115.21, 1.00, 0.00, 0.00, 0.00, 0.00, 0.00, 0.00, 0.00, 0.00, 0.00, 0.00, 0.00, 0.00, 0.00, 0.00, 0.00, 0.00, 31.96, 1.00, 0.00, 0.00, 66.59, 1.00, 2.99, 24.50, 30.71, 74.27, 30.71, 63.91, 27.84, 63.72, 27.72, 71.14, 32.98, 32.08, -999
24/08/16 07, 3.18, 3.08, 4.53, 3.22, 2.70, 5.50, 4.53, 116.43, 1.00, 0.00, 0.00, 0.00, 0.00, 0.00, 0.00, 0.00, 0.00, 0.00, 0.00, 50.04, 1.00, 0.00, 0.00, 0.00, 0.00, 30.50, 1.00, 0.00, 0.00, 78.15, 1.00, 2.99, 23.80, 28.52, 72.09, 28.48, 85.73, 27.32, 61.99, 27.21, 75.59, 31.04, 30.14, -999
24/08/16 08, 3.01, 3.40, 4.14, 3.46, 2.00, 5.29, 3.81, 116.19, 1.00, 0.00, 0.00, 0.00, 0.00, 0.00, 0.00, 0.00, 0.00, 0.00, 0.00, 49.58, 1.00, 0.00, 0.00, 0.00, 0.00, 0.00, 0.00, 0.00, 0.00, 77.66, 1.00, 2.99, 23.94, 28.84, 74.57, 28.80, 86.95, 30.01, 61.81, 30.01, 57.94, 31.35, 30.45, -999
24/08/16 09, 2.82, 3.68, 3.89, 3.89, 1.58, 4.92, 2.23, 119.49, 1.00, 0.00, 0.00, 0.00, 0.00, 0.00, 0.00, 0.00, 0.00, 0.00, 0.00, 50.06, 1.00, 34.76, 1.00, 0.00, 0.00, 30.74, 1.00, 0.00, 0.00, 59.80, 1.00, 2.99, 22.04, 28.58, 70.09, 28.54, 85.76, 18.70, 81.08, 18.58, 66.26, 31.00, 30.10, -999
24/08/16 10, 2.39, 3.77, 3.46, 4.00, 2.03, 5.02, 2.06, 119.24, 1.00, 0.00, 0.00, 0.00, 0.00, 0.00, 0.00, 0.00, 0.00, 0.00, 0.00, 50.17, 1.00, 34.88, 1.00, 0.00, 0.00, 30.51, 1.00, 0.00, 0.00, 59.67, 1.00, 2.99, 22.18, 28.67, 70.54, 28.62, 85.64, 18.84, 81.01, 18.73, 67.06, 31.09, 30.19, -999
24/08/16 11, 2.01, 3.86, 3.05, 4.04, 2.41, 5.19, 2.24, 118.72, 1.00, 0.00, 0.00, 0.00, 0.00, 0.00, 0.00, 0.00, 0.00, 0.00, 0.00, 49.60, 1.00, 34.62, 1.00, 0.00, 0.00, 30.57, 1.00, 0.00, 0.00, 60.74, 1.00, 2.99, 22.49, 28.79, 71.19, 28.75, 86.86, 19.18, 81.81, 19.07, 67.22, 31.21, 30.31, -999
24/08/16 12, 1.67, 3.72, 3.34, 4.36, 2.86, 5.37, 2.40, 119.47, 1.00, 0.00, 0.00, 0.00, 0.00, 36.24, 1.00, 0.00, 0.00, 0.00, 0.00, 48.75, 1.00, 34.46, 1.00, 0.00, 0.00, 30.40, 1.00, 0.00, 0.00, 62.58, 1.00, 2.99, 22.06, 27.70, 87.63, 27.78, 87.51, 18.77, 81.66, 18.66, 67.37, 30.56, 29.66, -999
24/08/16 13, 1.35, 3.77, 3.79, 3.76, 3.26, 5.50, 2.62, 119.09, 1.00, 0.00, 0.00, 0.00, 0.00, 35.11, 1.00, 0.00, 0.00, 0.00, 0.00, 0.00, 0.00, 34.57, 1.00, 0.00, 0.00, 30.46, 1.00, 0.00, 0.00, 55.88, 1.00, 2.99, 22.27, 28.92, 90.83, 29.02, 58.32, 18.90, 81.61, 18.80, 67.30, 31.34, 30.44, -999
24/08/16 14, 1.05, 3.74, 4.31, 2.70, 3.59, 5.50, 2.48, 120.25, 1.00, 0.00, 0.00, 0.00, 0.00, 35.13, 1.00, 0.00, 0.00, 0.00, 0.00, 49.72, 1.00, 34.17, 1.00, 0.00, 0.00, 30.00, 1.00, 0.00, 0.00, 58.45, 1.00, 2.99, 21.60, 27.59, 89.46, 27.66, 85.55, 18.39, 81.78, 18.28, 68.28, 30.42, 29.52, -999
24/08/16 15, 0.95, 3.61, 4.79, 3.03, 3.96, 5.50, 2.65, 97.76, 1.00, 97.78, 1.00, 0.00, 0.00, 34.51, 1.00, 0.00, 0.00, 0.00, 0.00, 50.27, 1.00, 34.46, 1.00, 0.00, 0.00, 29.83, 1.00, 0.00, 0.00, 76.14, 1.00, 2.97, 34.18, 27.94, 90.87, 28.00, 84.82, 19.78, 82.68, 19.68, 70.23, 30.86, 29.96, -999
24/08/16 16, 1.03, 3.54, 5.30, 3.10, 3.51, 5.50, 3.23, 98.33, 1.00, 98.35, 1.00, 0.00, 0.00, 34.86, 1.00, 0.00, 0.00, 0.00, 0.00, 49.71, 1.00, 0.00, 0.00, 0.00, 0.00, 31.40, 1.00, 0.00, 0.00, 75.63, 1.00, 2.97, 33.87, 27.87, 90.21, 27.93, 85.84, 25.93, 63.31, 25.82, 71.18, 30.78, 29.88, -999
24/08/16 17, 1.09, 3.76, 4.93, 3.42, 2.89, 5.50, 3.64, 97.68, 1.00, 97.70, 1.00, 0.00, 0.00, 0.00, 0.00, 0.00, 0.00, 0.00, 0.00, 50.05, 1.00, 0.00, 0.00, 0.00, 0.00, 31.13, 1.00, 0.00, 0.00, 72.73, 1.00, 2.97, 34.22, 29.00, 73.79, 28.96, 86.19, 26.24, 62.51, 26.12, 72.39, 31.48, 30.58, -999
24/08/16 18, 1.19, 4.00, 4.60, 3.70, 2.23, 5.50, 4.20, 97.20, 1.00, 97.22, 1.00, 0.00, 0.00, 0.00, 0.00, 0.00, 0.00, 0.00, 0.00, 50.28, 1.00, 0.00, 0.00, 0.00, 0.00, 31.49, 1.00, 0.00, 0.00, 73.12, 1.00, 2.97, 34.48, 29.24, 72.46, 29.20, 85.99, 26.42, 61.84, 26.31, 71.36, 31.73, 30.83, -999
24/08/16 19, 1.31, 4.24, 4.23, 3.87, 1.58, 5.50, 4.47, 97.65, 1.00, 97.67, 1.00, 0.00, 0.00, 0.00, 0.00, 0.00, 0.00, 0.00, 0.00, 50.13, 1.00, 0.00, 0.00, 0.00, 0.00, 31.73, 1.00, 0.00, 0.00, 70.22, 1.00, 2.97, 34.24, 29.39, 71.55, 29.35, 86.43, 26.28, 60.21, 26.17, 70.37, 31.86, 30.96, -999
24/08/16 20, 1.28, 4.44, 3.83, 4.10, 1.64, 5.50, 4.37, 98.46, 1.00, 98.48, 1.00, 0.00, 0.00, 0.00, 0.00, 0.00, 0.00, 0.00, 0.00, 50.63, 1.00, 35.62, 1.00, 0.00, 0.00, 30.05, 1.00, 0.00, 0.00, 65.15, 1.00, 2.97, 33.80, 29.43, 70.96, 29.39, 85.48, 19.26, 80.15, 19.15, 69.00, 31.88, 30.98, -999
24/08/16 21, 1.17, 4.58, 3.43, 4.02, 1.88, 5.50, 4.26, 98.32, 1.00, 98.34, 1.00, 0.00, 0.00, 0.00, 0.00, 0.00, 0.00, 0.00, 0.00, 50.73, 1.00, 35.47, 1.00, 0.00, 0.00, 30.51, 1.00, 0.00, 0.00, 64.32, 1.00, 2.97, 33.87, 29.56, 66.34, 29.51, 85.41, 19.20, 80.34, 19.09, 67.43, 32.00, 31.10, -999
24/08/16 22, 1.09, 4.72, 2.89, 3.92, 2.14, 5.50, 3.76, 98.62, 1.00, 98.64, 1.00, 0.00, 0.00, 37.79, 1.00, 0.00, 0.00, 0.00, 0.00, 50.32, 1.00, 35.35, 1.00, 0.00, 0.00, 30.22, 1.00, 0.00, 0.00, 66.25, 1.00, 2.97, 33.71, 28.69, 86.21, 28.77, 85.48, 19.13, 80.50, 19.02, 68.32, 31.61, 30.71, -999
24/08/16 23, 0.99, 4.50, 3.30, 3.92, 2.39, 5.50, 3.62, 98.32, 1.00, 98.34, 1.00, 0.00, 0.00, 36.57, 1.00, 0.00, 0.00, 0.00, 0.00, 50.44, 1.00, 35.11, 1.00, 0.00, 0.00, 30.13, 1.00, 0.00, 0.00, 68.39, 1.00, 2.97, 33.87, 28.57, 87.91, 28.65, 85.12, 19.30, 81.08, 19.20, 68.78, 31.49, 30.59, -999
25/08/16 00, 0.92, 4.30, 3.75, 3.81, 2.71, 5.50, 3.62, 98.07, 1.00, 98.09, 1.00, 0.00, 0.00, 35.70, 1.00, 0.00, 0.00, 0.00, 0.00, 50.00, 1.00, 34.89, 1.00, 0.00, 0.00, 29.63, 1.00, 0.00, 0.00, 70.17, 1.00, 2.97, 34.01, 28.48, 89.37, 28.55, 85.89, 19.56, 81.72, 19.46, 70.64, 31.39, 30.49, -999
25/08/16 01, 0.88, 4.14, 4.24, 3.97, 3.09, 5.50, 4.02, 98.14, 1.00, 98.15, 1.00, 0.00, 0.00, 35.84, 1.00, 0.00, 0.00, 0.00, 0.00, 47.47, 1.00, 34.83, 1.00, 0.00, 0.00, 28.11, 1.00, 0.00, 0.00, 70.61, 1.00, 2.97, 33.97, 28.41, 89.05, 28.49, 90.58, 19.90, 82.15, 19.81, 75.62, 31.29, 30.39, -999
25/08/16 02, 0.89, 4.21, 4.70, 4.21, 3.51, 5.42, 4.44, 96.78, 1.00, 96.79, 1.00, 0.00, 0.00, 34.45, 1.00, 0.00, 0.00, 0.00, 0.00, 0.00, 0.00, 35.90, 1.00, 0.00, 0.00, 0.00, 0.00, 0.00, 0.00, 68.56, 1.00, 2.98, 34.70, 29.90, 92.92, 30.00, 66.20, 25.85, 86.19, 25.85, 59.61, 32.37, 31.47, -999
25/08/16 03, 1.09, 4.58, 5.27, 3.00, 3.87, 5.12, 3.11, 95.49, 1.00, 95.51, 1.00, 0.00, 0.00, 33.13, 1.00, 0.00, 0.00, 0.00, 0.00, 48.76, 1.00, 0.00, 0.00, 0.00, 0.00, 0.00, 0.00, 0.00, 0.00, 81.67, 1.00, 2.98, 35.39, 29.02, 94.22, 29.08, 88.86, 29.88, 64.72, 29.88, 59.02, 31.93, 31.03, -999
25/08/16 04, 1.37, 4.85, 5.10, 3.80, 3.45, 5.06, 2.69, 95.54, 1.00, 95.55, 1.00, 0.00, 0.00, 0.00, 0.00, 0.00, 0.00, 0.00, 0.00, 47.99, 1.00, 0.00, 0.00, 0.00, 0.00, 31.96, 1.00, 0.00, 0.00, 73.73, 1.00, 2.98, 35.37, 30.20, 75.81, 30.17, 91.31, 27.15, 64.70, 27.03, 70.45, 32.68, 31.78, -999
25/08/16 05, 1.59, 5.23, 4.86, 4.31, 3.14, 5.40, 3.42, 94.36, 1.00, 94.37, 1.00, 0.00, 0.00, 0.00, 0.00, 0.00, 0.00, 0.00, 0.00, 0.00, 0.00, 0.00, 0.00, 0.00, 0.00, 32.02, 1.00, 0.00, 0.00, 59.84, 1.00, 2.98, 36.00, 32.75, 76.17, 32.75, 67.30, 27.80, 63.74, 27.68, 70.89, 34.99, 34.09, -999
25/08/16 06, 1.99, 5.55, 4.66, 3.22, 2.67, 5.50, 4.37, 91.54, 1.00, 91.56, 1.00, 0.00, 0.00, 0.00, 0.00, 0.00, 0.00, 0.00, 0.00, 0.00, 0.00, 0.00, 0.00, 0.00, 0.00, 31.08, 1.00, 0.00, 0.00, 0.00, 0.00, 2.98, 37.49, 30.55, 74.70, 30.55, 65.22, 29.49, 63.21, 29.38, 75.83, 40.80, 31.74, -999
25/08/16 07, 2.46, 5.12, 4.39, 3.38, 2.18, 5.35, 4.13, 89.93, 1.00, 89.95, 1.00, 0.00, 0.00, 0.00, 0.00, 0.00, 0.00, 0.00, 0.00, 49.26, 1.00, 0.00, 0.00, 0.00, 0.00, 0.00, 0.00, 0.00, 0.00, 0.00, 0.00, 2.98, 38.34, 28.19, 73.69, 28.15, 86.92, 33.44, 61.62, 33.44, 57.39, 42.26, 29.56, -999
25/08/16 08, 2.98, 4.60, 4.08, 3.84, 1.50, 4.96, 2.37, 94.14, 1.00, 94.15, 1.00, 0.00, 0.00, 0.00, 0.00, 0.00, 0.00, 0.00, 0.00, 49.44, 1.00, 35.59, 1.00, 0.00, 0.00, 31.33, 1.00, 0.00, 0.00, 0.00, 0.00, 2.98, 36.12, 27.66, 69.33, 27.62, 86.05, 21.30, 82.24, 21.18, 66.77, 39.21, 29.03, -999
25/08/16 09, 3.12, 4.08, 3.61, 4.08, 2.01, 5.09, 2.27, 92.77, 1.00, 92.79, 1.00, 0.00, 0.00, 0.00, 0.00, 0.00, 0.00, 0.00, 0.00, 49.41, 1.00, 36.00, 1.00, 0.00, 0.00, 31.52, 1.00, 0.00, 0.00, 0.00, 0.00, 2.98, 36.84, 27.13, 69.49, 27.09, 85.58, 21.86, 82.09, 21.75, 66.68, 40.00, 28.51, -999
25/08/16 10, 3.33, 3.55, 3.17, 4.18, 2.41, 5.19, 2.13, 92.76, 1.00, 92.78, 1.00, 0.00, 0.00, 0.00, 0.00, 0.00, 0.00, 0.00, 0.00, 49.58, 1.00, 35.99, 1.00, 0.00, 0.00, 31.31, 1.00, 0.00, 0.00, 0.00, 0.00, 2.98, 36.85, 26.60, 70.24, 26.56, 84.70, 22.01, 82.25, 21.90, 67.55, 40.07, 27.97, -999
25/08/16 11, 3.52, 2.82, 3.25, 3.97, 2.78, 5.38, 2.33, 91.27, 1.00, 91.29, 1.00, 0.00, 0.00, 34.61, 1.00, 0.00, 0.00, 0.00, 0.00, 47.57, 1.00, 35.63, 1.00, 0.00, 0.00, 31.41, 1.00, 0.00, 0.00, 0.00, 0.00, 2.98, 37.63, 22.73, 85.50, 22.80, 84.70, 22.91, 83.79, 22.79, 68.13, 40.96, 24.49, -999
25/08/16 12, 3.78, 1.95, 3.64, 4.10, 3.32, 5.50, 2.73, 92.68, 1.00, 92.70, 1.00, 0.00, 0.00, 34.49, 1.00, 0.00, 0.00, 0.00, 0.00, 47.33, 1.00, 35.80, 1.00, 0.00, 0.00, 30.82, 1.00, 0.00, 0.00, 0.00, 0.00, 2.98, 36.89, 21.90, 84.86, 21.97, 84.29, 22.43, 83.00, 22.32, 69.65, 40.25, 23.66, -999
25/08/16 13, 3.95, 1.09, 3.98, 4.14, 3.69, 5.50, 3.02, 93.02, 1.00, 93.04, 1.00, 0.00, 0.00, 33.98, 1.00, 0.00, 0.00, 0.00, 0.00, 47.13, 1.00, 35.66, 1.00, 0.00, 0.00, 29.94, 1.00, 0.00, 0.00, 0.00, 0.00, 2.98, 36.71, 21.12, 84.95, 21.18, 83.87, 22.61, 83.43, 22.50, 72.69, 40.13, 22.86, -999
25/08/16 14, 3.98, 0.58, 4.34, 4.10, 3.84, 5.50, 3.83, 95.55, 1.00, 95.57, 1.00, 0.00, 0.00, 34.81, 1.00, 0.00, 0.00, 0.00, 0.00, 49.15, 1.00, 0.00, 0.00, 0.00, 0.00, 32.00, 1.00, 0.00, 0.00, 110.03, 1.00, 2.98, 35.36, 25.53, 87.95, 25.59, 84.57, 28.60, 63.17, 28.48, 71.75, 28.66, 27.76, -999
25/08/16 15, 3.88, 0.84, 4.77, 3.96, 3.14, 5.50, 4.19, 95.60, 1.00, 95.61, 1.00, 0.00, 0.00, 34.19, 1.00, 0.00, 0.00, 0.00, 0.00, 48.72, 1.00, 0.00, 0.00, 0.00, 0.00, 31.76, 1.00, 0.00, 0.00, 108.17, 1.00, 2.98, 35.34, 25.78, 89.25, 25.84, 85.63, 28.57, 62.38, 28.45, 72.54, 28.89, 27.99, -999
25/08/16 16, 3.79, 1.11, 5.23, 4.17, 2.43, 5.50, 4.63, 95.60, 1.00, 95.62, 1.00, 0.00, 0.00, 33.55, 1.00, 0.00, 0.00, 0.00, 0.00, 48.66, 1.00, 0.00, 0.00, 0.00, 0.00, 31.77, 1.00, 0.00, 0.00, 106.53, 1.00, 2.98, 35.34, 26.02, 90.56, 26.08, 85.97, 28.52, 61.66, 28.40, 72.49, 29.10, 28.20, -999
25/08/16 17, 3.81, 1.56, 5.11, 4.43, 1.71, 5.28, 3.74, 94.90, 1.00, 94.92, 1.00, 0.00, 0.00, 0.00, 0.00, 0.00, 0.00, 0.00, 0.00, 49.60, 1.00, 0.00, 0.00, 0.00, 0.00, 0.00, 0.00, 0.00, 0.00, 98.46, 1.00, 2.98, 35.71, 28.11, 73.28, 28.07, 86.18, 31.50, 61.43, 31.50, 56.99, 30.75, 29.85, -999
25/08/16 18, 3.82, 2.23, 4.75, 3.73, 1.87, 5.06, 2.56, 95.39, 1.00, 95.41, 1.00, 0.00, 0.00, 0.00, 0.00, 0.00, 0.00, 0.00, 0.00, 0.00, 0.00, 36.03, 1.00, 0.00, 0.00, 31.02, 1.00, 0.00, 0.00, 74.68, 1.00, 2.98, 35.45, 31.02, 72.78, 31.02, 63.32, 21.56, 81.74, 21.45, 68.10, 33.33, 32.43, -999
25/08/16 19, 3.67, 2.83, 4.39, 3.12, 2.24, 5.29, 2.86, 96.13, 1.00, 96.15, 1.00, 0.00, 0.00, 0.00, 0.00, 0.00, 0.00, 0.00, 0.00, 50.77, 1.00, 35.88, 1.00, 0.00, 0.00, 31.00, 1.00, 0.00, 0.00, 87.65, 1.00, 2.98, 35.05, 28.66, 72.06, 28.62, 84.43, 21.18, 81.62, 21.06, 67.79, 31.24, 30.34, -999
25/08/16 20, 3.49, 3.21, 4.01, 2.99, 2.57, 5.48, 3.00, 96.84, 1.00, 96.86, 1.00, 0.00, 0.00, 0.00, 0.00, 0.00, 0.00, 0.00, 0.00, 50.97, 1.00, 35.74, 1.00, 0.00, 0.00, 31.06, 1.00, 0.00, 0.00, 83.15, 1.00, 2.98, 34.67, 28.81, 68.06, 28.77, 84.19, 20.72, 81.40, 20.61, 67.10, 31.37, 30.47, -999
25/08/16 21, 3.29, 3.54, 3.50, 2.80, 2.84, 5.50, 2.94, 97.03, 1.00, 97.05, 1.00, 0.00, 0.00, 0.00, 0.00, 0.00, 0.00, 0.00, 0.00, 51.02, 1.00, 35.81, 1.00, 0.00, 0.00, 30.85, 1.00, 0.00, 0.00, 80.36, 1.00, 2.98, 34.57, 29.02, 69.07, 28.97, 84.28, 20.58, 81.14, 20.47, 67.70, 31.55, 30.65, -999
25/08/16 22, 3.09, 3.84, 3.05, 2.68, 3.03, 5.50, 2.78, 97.40, 1.00, 97.42, 1.00, 0.00, 0.00, 0.00, 0.00, 0.00, 0.00, 0.00, 0.00, 51.20, 1.00, 35.36, 1.00, 0.00, 0.00, 30.79, 1.00, 0.00, 0.00, 77.05, 1.00, 2.97, 34.37, 29.18, 69.99, 29.13, 84.08, 20.43, 81.79, 20.32, 67.72, 31.70, 30.80, -999
25/08/16 23, 2.87, 3.85, 3.30, 2.50, 3.34, 5.50, 2.67, 97.27, 1.00, 97.29, 1.00, 0.00, 0.00, 36.04, 1.00, 0.00, 0.00, 0.00, 0.00, 50.59, 1.00, 35.13, 1.00, 0.00, 0.00, 30.59, 1.00, 0.00, 0.00, 81.32, 1.00, 2.97, 34.44, 28.20, 88.49, 28.27, 84.44, 20.55, 82.30, 20.44, 68.51, 31.17, 30.27, -999
26/08/16 00, 2.69, 3.79, 3.77, 2.57, 3.69, 5.50, 2.77, 97.23, 1.00, 97.25, 1.00, 0.00, 0.00, 36.10, 1.00, 0.00, 0.00, 0.00, 0.00, 50.06, 1.00, 34.76, 1.00, 0.00, 0.00, 29.80, 1.00, 0.00, 0.00, 81.51, 1.00, 2.97, 34.46, 28.15, 88.32, 28.22, 85.44, 20.80, 83.18, 20.69, 71.34, 31.12, 30.22, -999
26/08/16 01, 2.56, 3.75, 4.22, 2.86, 3.86, 5.50, 3.44, 96.13, 1.00, 96.15, 1.00, 0.00, 0.00, 34.21, 1.00, 0.00, 0.00, 0.00, 0.00, 48.45, 1.00, 0.00, 0.00, 0.00, 0.00, 31.21, 1.00, 0.00, 0.00, 86.41, 1.00, 2.98, 35.05, 28.19, 91.62, 28.25, 88.56, 27.64, 63.57, 27.53, 73.52, 31.14, 30.24, -999
26/08/16 02, 2.62, 3.79, 4.77, 3.66, 3.22, 5.50, 4.19, 95.67, 1.00, 95.69, 1.00, 0.00, 0.00, 34.00, 1.00, 0.00, 0.00, 0.00, 0.00, 48.90, 1.00, 0.00, 0.00, 0.00, 0.00, 30.49, 1.00, 0.00, 0.00, 87.98, 1.00, 2.98, 35.30, 28.24, 92.03, 28.30, 87.75, 27.94, 63.42, 27.83, 76.22, 31.21, 30.31, -999
26/08/16 03, 2.76, 3.86, 5.31, 4.23, 2.67, 5.38, 4.24, 94.24, 1.00, 94.25, 1.00, 0.00, 0.00, 0.00, 0.00, 0.00, 0.00, 0.00, 0.00, 48.76, 1.00, 0.00, 0.00, 0.00, 0.00, 0.00, 0.00, 0.00, 0.00, 87.47, 1.00, 2.98, 36.06, 29.81, 75.53, 29.77, 89.47, 31.21, 63.60, 31.21, 60.49, 32.37, 31.47, -999
26/08/16 04, 3.05, 4.45, 5.04, 4.12, 2.27, 5.13, 3.21, 92.68, 1.00, 92.70, 1.00, 0.00, 0.00, 0.00, 0.00, 0.00, 0.00, 0.00, 0.00, 0.00, 0.00, 0.00, 0.00, 0.00, 0.00, 0.00, 0.00, 0.00, 0.00, 72.19, 1.00, 2.98, 36.89, 33.01, 76.76, 33.01, 69.69, 32.09, 63.19, 32.09, 59.87, 35.31, 34.41, -999
26/08/16 05, 3.39, 5.21, 4.87, 3.44, 1.87, 4.86, 2.29, 93.17, 1.00, 93.19, 1.00, 0.00, 0.00, 0.00, 0.00, 0.00, 0.00, 0.00, 0.00, 0.00, 0.00, 0.00, 0.00, 0.00, 0.00, 32.15, 1.00, 0.00, 0.00, 66.13, 1.00, 2.98, 36.63, 33.23, 76.20, 33.23, 67.83, 29.15, 62.27, 29.03, 71.78, 35.50, 34.60, -999
26/08/16 06, 3.70, 5.29, 4.67, 3.38, 1.65, 5.26, 3.31, 90.14, 1.00, 90.15, 1.00, 0.00, 0.00, 0.00, 0.00, 0.00, 0.00, 0.00, 0.00, 49.25, 1.00, 35.53, 1.00, 0.00, 0.00, 31.05, 1.00, 0.00, 0.00, 0.00, 0.00, 2.98, 38.23, 28.36, 75.54, 28.32, 87.11, 23.67, 84.72, 23.56, 70.10, 41.67, 29.73, -999
26/08/16 07, 4.00, 4.77, 4.45, 3.88, 2.39, 5.50, 4.01, 91.26, 1.00, 91.28, 1.00, 0.00, 0.00, 0.00, 0.00, 0.00, 0.00, 0.00, 0.00, 49.48, 1.00, 35.82, 1.00, 0.00, 0.00, 30.34, 1.00, 0.00, 0.00, 0.00, 0.00, 2.98, 37.64, 27.82, 74.25, 27.78, 86.13, 23.34, 83.89, 23.23, 72.15, 41.11, 29.19, -999
26/08/16 08, 4.24, 4.25, 4.16, 4.12, 2.96, 5.50, 4.54, 91.98, 1.00, 91.99, 1.00, 0.00, 0.00, 0.00, 0.00, 0.00, 0.00, 0.00, 0.00, 50.01, 1.00, 35.77, 1.00, 0.00, 0.00, 30.22, 1.00, 0.00, 0.00, 0.00, 0.00, 2.98, 37.26, 27.26, 71.73, 27.22, 84.54, 23.13, 83.77, 23.03, 72.32, 40.78, 28.63, -999
26/08/16 09, 4.47, 3.71, 3.78, 3.83, 3.49, 5.33, 4.00, 91.13, 1.00, 91.15, 1.00, 0.00, 0.00, 0.00, 0.00, 0.00, 0.00, 0.00, 0.00, 49.23, 1.00, 38.34, 1.00, 0.00, 0.00, 0.00, 0.00, 0.00, 0.00, 0.00, 0.00, 2.98, 37.70, 26.78, 71.43, 26.74, 85.57, 29.64, 85.47, 29.64, 56.38, 41.58, 28.15, -999
26/08/16 10, 4.51, 3.19, 3.40, 4.00, 3.86, 4.90, 2.07, 113.15, 1.00, 0.00, 0.00, 0.00, 0.00, 0.00, 0.00, 0.00, 0.00, 0.00, 0.00, 48.57, 1.00, 35.07, 1.00, 0.00, 0.00, 31.71, 1.00, 0.00, 0.00, 0.00, 0.00, 2.99, 25.68, 26.31, 70.31, 26.27, 86.33, 22.12, 83.97, 22.00, 66.36, 38.26, 27.68, -999
26/08/16 11, 4.46, 2.68, 2.99, 4.33, 3.53, 5.02, 1.92, 112.00, 1.00, 0.00, 0.00, 0.00, 0.00, 34.05, 1.00, 0.00, 0.00, 0.00, 0.00, 47.21, 1.00, 0.00, 0.00, 0.00, 0.00, 33.10, 1.00, 0.00, 0.00, 0.00, 0.00, 2.99, 26.33, 22.69, 86.39, 22.76, 85.30, 29.25, 62.81, 29.13, 68.43, 38.85, 24.44, -999
26/08/16 12, 4.52, 1.82, 3.41, 4.55, 2.83, 5.25, 2.22, 111.62, 1.00, 0.00, 0.00, 0.00, 0.00, 32.26, 1.00, 0.00, 0.00, 0.00, 0.00, 0.00, 0.00, 0.00, 0.00, 0.00, 0.00, 32.99, 1.00, 0.00, 0.00, 0.00, 0.00, 2.99, 26.54, 25.85, 92.45, 25.94, 67.09, 29.43, 63.42, 29.31, 69.02, 39.03, 27.21, -999
26/08/16 13, 4.60, 1.48, 4.01, 3.41, 2.35, 5.50, 2.62, 112.10, 1.00, 0.00, 0.00, 0.00, 0.00, 33.85, 1.00, 0.00, 0.00, 0.00, 0.00, 0.00, 0.00, 0.00, 0.00, 0.00, 0.00, 32.60, 1.00, 0.00, 0.00, 0.00, 0.00, 2.99, 26.27, 25.41, 89.45, 25.51, 61.62, 29.37, 61.56, 29.24, 70.39, 38.86, 26.79, -999
26/08/16 14, 4.64, 0.76, 4.47, 3.01, 1.63, 5.50, 2.90, 111.61, 1.00, 0.00, 0.00, 0.00, 0.00, 32.63, 1.00, 0.00, 0.00, 0.00, 0.00, 46.99, 1.00, 0.00, 0.00, 0.00, 0.00, 32.04, 1.00, 0.00, 0.00, 0.00, 0.00, 2.99, 26.55, 20.96, 86.96, 21.02, 83.96, 29.63, 61.02, 29.51, 72.62, 39.08, 22.68, -999
26/08/16 15, 4.30, 0.59, 4.90, 3.28, 1.80, 5.50, 3.39, 118.38, 1.00, 0.00, 0.00, 0.00, 0.00, 33.62, 1.00, 0.00, 0.00, 0.00, 0.00, 48.73, 1.00, 35.16, 1.00, 0.00, 0.00, 29.58, 1.00, 0.00, 0.00, 92.23, 1.00, 2.99, 22.68, 25.12, 89.52, 25.18, 84.95, 19.76, 81.45, 19.66, 70.99, 28.10, 27.20, -999
26/08/16 16, 3.81, 0.73, 5.25, 3.49, 2.23, 5.50, 3.89, 118.58, 1.00, 0.00, 0.00, 0.00, 0.00, 0.00, 0.00, 0.00, 0.00, 0.00, 0.00, 49.33, 1.00, 35.08, 1.00, 0.00, 0.00, 29.59, 1.00, 0.00, 0.00, 83.87, 1.00, 2.99, 22.57, 26.46, 73.04, 26.42, 85.05, 19.59, 81.43, 19.49, 70.79, 29.01, 28.11, -999
26/08/16 17, 3.34, 1.08, 4.87, 3.62, 2.62, 5.50, 4.28, 118.43, 1.00, 0.00, 0.00, 0.00, 0.00, 0.00, 0.00, 0.00, 0.00, 0.00, 0.00, 49.27, 1.00, 34.84, 1.00, 0.00, 0.00, 29.36, 1.00, 0.00, 0.00, 82.02, 1.00, 2.99, 22.65, 26.73, 73.83, 26.69, 85.44, 19.74, 81.98, 19.64, 71.65, 29.26, 28.36, -999
26/08/16 18, 2.91, 1.42, 4.55, 3.80, 3.04, 5.50, 4.76, 118.81, 1.00, 0.00, 0.00, 0.00, 0.00, 0.00, 0.00, 0.00, 0.00, 0.00, 0.00, 48.92, 1.00, 34.82, 1.00, 0.00, 0.00, 29.38, 1.00, 0.00, 0.00, 78.32, 1.00, 2.99, 22.44, 26.91, 72.73, 26.87, 86.29, 19.47, 81.75, 19.37, 71.34, 29.42, 28.52, -999
26/08/16 19, 2.57, 1.76, 4.19, 4.13, 3.45, 5.22, 3.51, 118.45, 1.00, 0.00, 0.00, 0.00, 0.00, 0.00, 0.00, 0.00, 0.00, 0.00, 0.00, 49.15, 1.00, 36.98, 1.00, 0.00, 0.00, 0.00, 0.00, 0.00, 0.00, 78.29, 1.00, 2.99, 22.64, 27.24, 72.54, 27.20, 86.17, 25.19, 83.57, 25.19, 56.04, 29.75, 28.85, -999
26/08/16 20, 2.19, 2.02, 3.84, 4.37, 3.72, 5.07, 2.51, 121.34, 1.00, 0.00, 0.00, 0.00, 0.00, 0.00, 0.00, 0.00, 0.00, 0.00, 0.00, 49.20, 1.00, 34.22, 1.00, 0.00, 0.00, 30.26, 1.00, 0.00, 0.00, 63.67, 1.00, 2.99, 20.97, 27.02, 70.66, 26.99, 85.87, 17.74, 81.03, 17.63, 66.80, 29.46, 28.56, -999
26/08/16 21, 1.71, 2.16, 3.43, 4.49, 3.95, 5.21, 2.51, 121.64, 1.00, 0.00, 0.00, 0.00, 0.00, 0.00, 0.00, 0.00, 0.00, 0.00, 0.00, 49.32, 1.00, 33.98, 1.00, 0.00, 0.00, 30.34, 1.00, 0.00, 0.00, 60.68, 1.00, 2.99, 20.79, 27.10, 70.80, 27.06, 85.72, 17.54, 81.25, 17.43, 66.35, 29.52, 28.62, -999
26/08/16 22, 1.40, 2.64, 3.04, 3.20, 3.32, 5.34, 2.40, 119.31, 1.00, 0.00, 0.00, 0.00, 0.00, 0.00, 0.00, 0.00, 0.00, 0.00, 0.00, 0.00, 0.00, 0.00, 0.00, 0.00, 0.00, 32.38, 1.00, 0.00, 0.00, 52.09, 1.00, 2.99, 22.15, 29.58, 70.11, 29.58, 59.79, 25.21, 61.83, 25.09, 67.00, 31.79, 30.89, -999
26/08/16 23, 1.09, 2.53, 3.42, 2.95, 2.51, 5.43, 2.19, 120.12, 1.00, 0.00, 0.00, 0.00, 0.00, 35.70, 1.00, 0.00, 0.00, 0.00, 0.00, 50.22, 1.00, 0.00, 0.00, 0.00, 0.00, 32.16, 1.00, 0.00, 0.00, 69.52, 1.00, 2.99, 21.68, 26.69, 87.58, 26.76, 83.66, 24.69, 60.45, 24.57, 67.27, 29.59, 28.69, -999
27/08/16 00, 1.01, 2.45, 3.86, 2.72, 1.62, 5.50, 2.24, 98.31, 1.00, 98.33, 1.00, 0.00, 0.00, 34.81, 1.00, 0.00, 0.00, 0.00, 0.00, 49.21, 1.00, 0.00, 0.00, 0.00, 0.00, 31.82, 1.00, 0.00, 0.00, 83.38, 1.00, 2.97, 33.88, 26.86, 89.28, 26.93, 85.80, 25.86, 60.41, 25.75, 69.65, 29.82, 28.92, -999
27/08/16 01, 0.93, 2.43, 4.35, 3.13, 1.70, 5.50, 2.43, 97.63, 1.00, 97.65, 1.00, 0.00, 0.00, 33.55, 1.00, 0.00, 0.00, 0.00, 0.00, 48.43, 1.00, 34.83, 1.00, 0.00, 0.00, 29.18, 1.00, 0.00, 0.00, 85.01, 1.00, 2.97, 34.24, 26.88, 91.41, 26.94, 87.27, 19.93, 82.19, 19.82, 72.42, 29.82, 28.92, -999
27/08/16 02, 0.91, 2.47, 4.89, 3.73, 2.25, 5.50, 3.32, 97.45, 1.00, 97.47, 1.00, 0.00, 0.00, 33.33, 1.00, 0.00, 0.00, 0.00, 0.00, 48.36, 1.00, 34.35, 1.00, 0.00, 0.00, 29.19, 1.00, 0.00, 0.00, 85.32, 1.00, 2.97, 34.34, 26.92, 91.81, 26.98, 87.44, 20.09, 83.17, 19.99, 72.54, 29.85, 28.95, -999
27/08/16 03, 0.91, 2.57, 5.24, 4.29, 2.88, 5.50, 4.10, 97.26, 1.00, 97.28, 1.00, 0.00, 0.00, 0.00, 0.00, 0.00, 0.00, 0.00, 0.00, 48.38, 1.00, 34.25, 1.00, 0.00, 0.00, 28.54, 1.00, 0.00, 0.00, 79.59, 1.00, 2.97, 34.44, 28.15, 75.77, 28.11, 88.53, 20.31, 83.56, 20.21, 74.75, 30.66, 29.76, -999
27/08/16 04, 1.01, 3.08, 4.99, 4.10, 3.52, 5.42, 4.42, 95.53, 1.00, 95.54, 1.00, 0.00, 0.00, 0.00, 0.00, 0.00, 0.00, 0.00, 0.00, 0.00, 0.00, 35.70, 1.00, 0.00, 0.00, 0.00, 0.00, 0.00, 0.00, 66.39, 1.00, 2.98, 35.37, 31.13, 76.66, 31.13, 68.38, 26.49, 87.19, 26.49, 60.82, 33.40, 32.50, -999
27/08/16 05, 1.29, 3.80, 4.82, 3.19, 3.85, 5.18, 3.43, 94.73, 1.00, 94.75, 1.00, 0.00, 0.00, 0.00, 0.00, 0.00, 0.00, 0.00, 0.00, 0.00, 0.00, 0.00, 0.00, 0.00, 0.00, 0.00, 0.00, 0.00, 0.00, 67.17, 1.00, 2.98, 35.80, 31.91, 74.63, 31.91, 66.67, 30.39, 64.58, 30.39, 59.16, 34.18, 33.28, -999
27/08/16 06, 1.60, 4.22, 4.53, 3.43, 3.41, 4.88, 2.23, 96.06, 1.00, 96.08, 1.00, 0.00, 0.00, 0.00, 0.00, 0.00, 0.00, 0.00, 0.00, 49.47, 1.00, 0.00, 0.00, 0.00, 0.00, 32.13, 1.00, 0.00, 0.00, 76.37, 1.00, 2.98, 35.09, 29.61, 74.81, 29.57, 87.93, 27.01, 63.69, 26.89, 69.74, 32.12, 31.22, -999
27/08/16 07, 1.75, 4.51, 4.27, 4.01, 2.87, 5.19, 2.88, 96.30, 1.00, 96.32, 1.00, 0.00, 0.00, 0.00, 0.00, 0.00, 0.00, 0.00, 0.00, 49.52, 1.00, 0.00, 0.00, 0.00, 0.00, 32.15, 1.00, 0.00, 0.00, 74.08, 1.00, 2.98, 34.96, 29.81, 73.56, 29.77, 88.04, 26.99, 62.79, 26.87, 69.60, 32.30, 31.40, -999
27/08/16 08, 1.89, 4.76, 3.96, 4.53, 2.27, 5.48, 3.37, 95.68, 1.00, 95.70, 1.00, 0.00, 0.00, 0.00, 0.00, 0.00, 0.00, 0.00, 0.00, 0.00, 0.00, 0.00, 0.00, 0.00, 0.00, 32.37, 1.00, 0.00, 0.00, 58.51, 1.00, 2.98, 35.29, 32.18, 72.62, 32.18, 65.25, 27.30, 61.72, 27.18, 69.15, 34.41, 33.51, -999
27/08/16 09, 2.07, 5.38, 3.62, 3.18, 1.59, 5.50, 3.85, 96.34, 1.00, 96.36, 1.00, 0.00, 0.00, 0.00, 0.00, 0.00, 0.00, 0.00, 0.00, 0.00, 0.00, 0.00, 0.00, 0.00, 0.00, 31.75, 1.00, 0.00, 0.00, 53.27, 1.00, 2.98, 34.94, 32.40, 69.35, 32.40, 62.19, 27.21, 60.41, 27.09, 71.25, 34.61, 33.71, -999
27/08/16 10, 2.24, 5.08, 3.17, 2.98, 1.84, 5.50, 4.03, 94.32, 1.00, 94.34, 1.00, 0.00, 0.00, 0.00, 0.00, 0.00, 0.00, 0.00, 0.00, 50.50, 1.00, 35.90, 1.00, 0.00, 0.00, 30.46, 1.00, 0.00, 0.00, 0.00, 0.00, 2.98, 36.02, 28.06, 69.29, 28.02, 84.37, 21.02, 81.42, 20.91, 69.42, 38.88, 29.44, -999
27/08/16 11, 2.42, 4.33, 3.25, 2.88, 2.19, 5.50, 4.05, 93.14, 1.00, 93.16, 1.00, 0.00, 0.00, 34.42, 1.00, 0.00, 0.00, 0.00, 0.00, 48.44, 1.00, 35.78, 1.00, 0.00, 0.00, 30.33, 1.00, 0.00, 0.00, 0.00, 0.00, 2.98, 36.64, 24.16, 87.25, 24.23, 84.53, 21.75, 82.36, 21.64, 70.56, 39.60, 25.93, -999
27/08/16 12, 2.65, 3.46, 3.70, 3.11, 2.62, 5.50, 4.30, 92.77, 1.00, 92.79, 1.00, 0.00, 0.00, 34.14, 1.00, 0.00, 0.00, 0.00, 0.00, 48.51, 1.00, 35.58, 1.00, 0.00, 0.00, 30.50, 1.00, 0.00, 0.00, 0.00, 0.00, 2.98, 36.84, 23.31, 86.86, 23.38, 83.56, 22.04, 83.00, 21.93, 70.32, 39.88, 25.07, -999
27/08/16 13, 2.89, 2.58, 4.11, 3.06, 3.09, 5.50, 4.45, 93.38, 1.00, 93.39, 1.00, 0.00, 0.00, 33.43, 1.00, 0.00, 0.00, 0.00, 0.00, 47.91, 1.00, 35.45, 1.00, 0.00, 0.00, 30.08, 1.00, 0.00, 0.00, 0.00, 0.00, 2.98, 36.52, 22.59, 87.31, 22.65, 83.93, 21.98, 83.17, 21.88, 71.61, 39.61, 24.33, -999
27/08/16 14, 3.09, 1.72, 4.53, 3.19, 3.55, 5.50, 4.84, 91.00, 1.00, 91.02, 1.00, 0.00, 0.00, 32.39, 1.00, 0.00, 0.00, 0.00, 0.00, 47.28, 1.00, 37.68, 1.00, 0.00, 0.00, 0.00, 0.00, 0.00, 0.00, 0.00, 0.00, 2.98, 37.77, 21.92, 88.30, 21.97, 84.39, 29.23, 86.31, 29.23, 59.08, 41.32, 23.64, -999
27/08/16 15, 3.47, 0.88, 4.98, 3.44, 3.90, 5.15, 3.24, 88.43, 1.00, 88.45, 1.00, 0.00, 0.00, 32.14, 1.00, 0.00, 0.00, 0.00, 0.00, 46.94, 1.00, 0.00, 0.00, 0.00, 0.00, 0.00, 0.00, 0.00, 0.00, 0.00, 0.00, 2.98, 39.12, 21.14, 87.91, 21.20, 84.22, 34.56, 63.75, 34.56, 57.10, 43.39, 22.86, -999
27/08/16 16, 3.69, 0.72, 5.22, 3.69, 3.28, 5.12, 2.70, 95.64, 1.00, 95.66, 1.00, 0.00, 0.00, 0.00, 0.00, 0.00, 0.00, 0.00, 0.00, 49.25, 1.00, 0.00, 0.00, 0.00, 0.00, 32.72, 1.00, 0.00, 0.00, 99.74, 1.00, 2.98, 35.31, 27.38, 73.63, 27.34, 86.12, 28.31, 62.29, 28.18, 68.88, 30.03, 29.13, -999
27/08/16 17, 3.63, 1.25, 4.87, 3.98, 2.54, 5.37, 3.00, 95.44, 1.00, 95.46, 1.00, 0.00, 0.00, 0.00, 0.00, 0.00, 0.00, 0.00, 0.00, 49.38, 1.00, 0.00, 0.00, 0.00, 0.00, 32.54, 1.00, 0.00, 0.00, 97.68, 1.00, 2.98, 35.42, 27.76, 72.44, 27.72, 86.26, 28.37, 61.97, 28.24, 69.60, 30.40, 29.50, -999
27/08/16 18, 3.61, 1.75, 4.49, 4.24, 1.85, 5.50, 3.57, 95.13, 1.00, 95.15, 1.00, 0.00, 0.00, 0.00, 0.00, 0.00, 0.00, 0.00, 0.00, 49.10, 1.00, 0.00, 0.00, 0.00, 0.00, 31.49, 1.00, 0.00, 0.00, 95.84, 1.00, 2.98, 35.59, 28.16, 73.26, 28.13, 87.19, 28.58, 61.51, 28.46, 73.51, 30.79, 29.89, -999
27/08/16 19, 3.57, 2.32, 4.15, 4.22, 1.73, 5.50, 4.22, 95.41, 1.00, 95.43, 1.00, 0.00, 0.00, 0.00, 0.00, 0.00, 0.00, 0.00, 0.00, 0.00, 0.00, 36.18, 1.00, 0.00, 0.00, 29.90, 1.00, 0.00, 0.00, 73.82, 1.00, 2.98, 35.44, 31.03, 71.80, 31.03, 61.67, 21.69, 81.59, 21.58, 71.91, 33.34, 32.44, -999
27/08/16 20, 3.47, 3.00, 3.77, 2.97, 2.09, 5.50, 4.71, 96.26, 1.00, 96.28, 1.00, 0.00, 0.00, 0.00, 0.00, 0.00, 0.00, 0.00, 0.00, 50.40, 1.00, 35.71, 1.00, 0.00, 0.00, 30.37, 1.00, 0.00, 0.00, 85.94, 1.00, 2.98, 34.98, 28.77, 69.91, 28.73, 85.28, 21.23, 81.97, 21.12, 69.91, 31.33, 30.43, -999
27/08/16 21, 3.30, 3.36, 3.34, 3.14, 2.49, 5.50, 4.70, 97.04, 1.00, 97.06, 1.00, 0.00, 0.00, 0.00, 0.00, 0.00, 0.00, 0.00, 0.00, 50.42, 1.00, 35.86, 1.00, 0.00, 0.00, 30.49, 1.00, 0.00, 0.00, 81.19, 1.00, 2.97, 34.56, 28.91, 68.75, 28.87, 85.39, 20.66, 81.14, 20.55, 68.98, 31.45, 30.55, -999
27/08/16 22, 3.10, 3.59, 3.12, 3.28, 2.73, 5.50, 4.46, 98.09, 1.00, 98.11, 1.00, 0.00, 0.00, 37.07, 1.00, 0.00, 0.00, 0.00, 0.00, 50.79, 1.00, 35.75, 1.00, 0.00, 0.00, 30.47, 1.00, 0.00, 0.00, 80.35, 1.00, 2.97, 34.00, 27.89, 86.32, 27.97, 83.74, 20.01, 80.67, 19.90, 68.39, 30.88, 29.98, -999
27/08/16 23, 2.84, 3.51, 3.52, 2.82, 2.88, 5.50, 4.15, 97.21, 1.00, 97.23, 1.00, 0.00, 0.00, 36.57, 1.00, 0.00, 0.00, 0.00, 0.00, 50.72, 1.00, 35.60, 1.00, 0.00, 0.00, 30.24, 1.00, 0.00, 0.00, 83.93, 1.00, 2.97, 34.47, 27.86, 87.20, 27.93, 83.86, 20.54, 81.47, 20.43, 69.65, 30.86, 29.96, -999
28/08/16 00, 2.66, 3.47, 3.94, 2.62, 3.13, 5.50, 4.21, 96.25, 1.00, 96.27, 1.00, 0.00, 0.00, 34.79, 1.00, 0.00, 0.00, 0.00, 0.00, 49.91, 1.00, 34.77, 1.00, 0.00, 0.00, 29.34, 1.00, 0.00, 0.00, 87.57, 1.00, 2.98, 34.99, 27.88, 90.34, 27.94, 85.45, 21.40, 83.77, 21.30, 73.39, 30.87, 29.97, -999
28/08/16 01, 2.60, 3.50, 4.45, 2.92, 3.72, 5.43, 4.47, 95.56, 1.00, 95.58, 1.00, 0.00, 0.00, 33.49, 1.00, 0.00, 0.00, 0.00, 0.00, 49.02, 1.00, 36.26, 1.00, 0.00, 0.00, 0.00, 0.00, 0.00, 0.00, 90.05, 1.00, 2.98, 35.36, 27.99, 92.61, 28.05, 87.27, 27.19, 86.88, 27.19, 59.84, 30.96, 30.06, -999
28/08/16 02, 2.76, 3.60, 5.02, 3.51, 3.71, 5.14, 3.19, 94.50, 1.00, 94.52, 1.00, 0.00, 0.00, 33.45, 1.00, 0.00, 0.00, 0.00, 0.00, 48.72, 1.00, 0.00, 0.00, 0.00, 0.00, 0.00, 0.00, 0.00, 0.00, 95.01, 1.00, 2.98, 35.92, 28.19, 92.88, 28.25, 88.03, 31.05, 64.39, 31.05, 59.02, 31.19, 30.29, -999
28/08/16 03, 2.98, 3.88, 5.17, 4.16, 3.26, 4.99, 2.51, 94.11, 1.00, 94.13, 1.00, 0.00, 0.00, 0.00, 0.00, 0.00, 0.00, 0.00, 0.00, 48.22, 1.00, 0.00, 0.00, 0.00, 0.00, 31.72, 1.00, 0.00, 0.00, 86.74, 1.00, 2.98, 36.13, 29.81, 76.55, 29.78, 90.49, 28.57, 64.04, 28.46, 72.69, 32.37, 31.47, -999
28/08/16 04, 3.18, 4.49, 4.98, 4.04, 2.83, 5.43, 3.69, 93.01, 1.00, 93.03, 1.00, 0.00, 0.00, 0.00, 0.00, 0.00, 0.00, 0.00, 0.00, 0.00, 0.00, 0.00, 0.00, 0.00, 0.00, 31.69, 1.00, 0.00, 0.00, 69.91, 1.00, 2.98, 36.71, 32.85, 76.59, 32.85, 69.44, 29.18, 64.01, 29.07, 73.40, 35.13, 34.23, -999
28/08/16 05, 3.44, 5.23, 4.80, 3.33, 2.48, 5.48, 4.90, 91.53, 1.00, 91.55, 1.00, 0.00, 0.00, 0.00, 0.00, 0.00, 0.00, 0.00, 0.00, 0.00, 0.00, 0.00, 0.00, 0.00, 0.00, 0.00, 0.00, 0.00, 0.00, 72.36, 1.00, 2.98, 37.49, 33.81, 76.14, 33.81, 68.47, 32.76, 63.52, 32.76, 61.50, 36.11, 35.21, -999
28/08/16 06, 3.99, 5.24, 4.60, 3.39, 2.11, 5.28, 4.00, 85.82, 1.00, 85.84, 1.00, 0.00, 0.00, 0.00, 0.00, 0.00, 0.00, 0.00, 0.00, 48.50, 1.00, 0.00, 0.00, 0.00, 0.00, 0.00, 0.00, 0.00, 0.00, 0.00, 0.00, 2.98, 40.47, 28.37, 75.43, 28.33, 88.53, 36.00, 62.92, 36.00, 60.33, 45.11, 29.73, -999
28/08/16 07, 4.55, 4.73, 4.37, 4.11, 1.69, 5.02, 2.99, 109.48, 1.00, 0.00, 0.00, 0.00, 0.00, 0.00, 0.00, 0.00, 0.00, 0.00, 0.00, 48.33, 1.00, 0.00, 0.00, 0.00, 0.00, 0.00, 0.00, 0.00, 0.00, 0.00, 0.00, 2.99, 27.75, 27.86, 74.66, 27.83, 88.34, 33.19, 61.86, 33.19, 58.34, 40.28, 29.23, -999
28/08/16 08, 4.65, 4.35, 4.11, 4.32, 1.91, 5.01, 2.64, 111.98, 1.00, 0.00, 0.00, 0.00, 0.00, 0.00, 0.00, 0.00, 0.00, 0.00, 0.00, 0.00, 0.00, 35.80, 1.00, 0.00, 0.00, 31.12, 1.00, 0.00, 0.00, 0.00, 0.00, 2.99, 26.34, 29.35, 73.21, 29.35, 66.19, 22.69, 83.27, 22.57, 68.87, 38.82, 30.54, -999
28/08/16 09, 4.57, 4.35, 3.79, 3.10, 2.47, 5.28, 3.11, 112.65, 1.00, 0.00, 0.00, 0.00, 0.00, 0.00, 0.00, 0.00, 0.00, 0.00, 0.00, 0.00, 0.00, 35.87, 1.00, 0.00, 0.00, 31.25, 1.00, 0.00, 0.00, 0.00, 0.00, 2.99, 25.96, 29.35, 70.70, 29.35, 63.42, 22.30, 82.75, 22.18, 68.04, 38.50, 30.54, -999
28/08/16 10, 4.44, 3.86, 3.38, 3.26, 2.90, 5.48, 3.23, 112.64, 1.00, 0.00, 0.00, 0.00, 0.00, 0.00, 0.00, 0.00, 0.00, 0.00, 0.00, 49.69, 1.00, 35.90, 1.00, 0.00, 0.00, 31.31, 1.00, 0.00, 0.00, 0.00, 0.00, 2.99, 25.97, 26.90, 70.63, 26.86, 84.80, 22.24, 82.65, 22.13, 67.78, 38.46, 28.27, -999
28/08/16 11, 4.33, 3.32, 3.01, 3.33, 3.27, 5.50, 3.38, 113.25, 1.00, 0.00, 0.00, 0.00, 0.00, 34.18, 1.00, 0.00, 0.00, 0.00, 0.00, 48.31, 1.00, 35.78, 1.00, 0.00, 0.00, 30.67, 1.00, 0.00, 0.00, 0.00, 0.00, 2.99, 25.62, 23.20, 86.69, 23.26, 83.81, 22.11, 82.73, 22.00, 69.81, 38.16, 24.96, -999
28/08/16 12, 4.19, 2.45, 3.45, 3.32, 3.62, 5.50, 3.59, 114.02, 1.00, 0.00, 0.00, 0.00, 0.00, 34.21, 1.00, 0.00, 0.00, 0.00, 0.00, 47.45, 1.00, 35.45, 1.00, 0.00, 0.00, 30.61, 1.00, 0.00, 0.00, 0.00, 0.00, 2.99, 25.18, 22.42, 85.85, 22.48, 84.60, 21.78, 82.97, 21.67, 69.67, 37.77, 24.17, -999
28/08/16 13, 4.00, 1.59, 3.84, 3.57, 3.99, 5.50, 3.74, 114.01, 1.00, 0.00, 0.00, 0.00, 0.00, 33.49, 1.00, 0.00, 0.00, 0.00, 0.00, 47.22, 1.00, 35.39, 1.00, 0.00, 0.00, 30.42, 1.00, 0.00, 0.00, 0.00, 0.00, 2.99, 25.19, 21.67, 86.29, 21.73, 84.27, 21.80, 83.09, 21.69, 70.34, 37.72, 23.40, -999
28/08/16 14, 3.96, 0.74, 4.23, 3.73, 3.47, 5.50, 4.11, 113.27, 1.00, 0.00, 0.00, 0.00, 0.00, 32.83, 1.00, 0.00, 0.00, 0.00, 0.00, 47.49, 1.00, 0.00, 0.00, 0.00, 0.00, 31.92, 1.00, 0.00, 0.00, 0.00, 0.00, 2.99, 25.61, 20.86, 86.55, 20.92, 82.96, 28.75, 62.51, 28.63, 72.17, 38.15, 22.59, -999
28/08/16 15, 3.76, 0.38, 4.65, 3.47, 2.73, 5.50, 4.47, 118.32, 1.00, 0.00, 0.00, 0.00, 0.00, 34.84, 1.00, 0.00, 0.00, 0.00, 0.00, 49.15, 1.00, 0.00, 0.00, 0.00, 0.00, 31.48, 1.00, 0.00, 0.00, 94.76, 1.00, 2.99, 22.72, 24.90, 87.26, 24.96, 83.93, 26.25, 61.66, 26.13, 71.22, 27.92, 27.02, -999
28/08/16 16, 3.34, 0.49, 5.05, 3.34, 1.97, 5.50, 4.67, 118.16, 1.00, 0.00, 0.00, 0.00, 0.00, 35.04, 1.00, 0.00, 0.00, 0.00, 0.00, 49.22, 1.00, 0.00, 0.00, 0.00, 0.00, 31.45, 1.00, 0.00, 0.00, 94.44, 1.00, 2.99, 22.81, 24.99, 87.02, 25.05, 83.90, 26.25, 59.69, 26.14, 71.30, 28.02, 27.12, -999
28/08/16 17, 2.90, 0.65, 5.14, 3.22, 1.61, 5.50, 4.76, 120.47, 1.00, 0.00, 0.00, 0.00, 0.00, 0.00, 0.00, 0.00, 0.00, 0.00, 0.00, 49.75, 1.00, 35.25, 1.00, 0.00, 0.00, 29.80, 1.00, 0.00, 0.00, 77.23, 1.00, 2.99, 21.48, 26.06, 70.43, 26.02, 83.84, 18.22, 79.76, 18.12, 68.75, 28.57, 27.67, -999
28/08/16 18, 2.41, 0.93, 4.68, 3.04, 1.85, 5.50, 4.53, 120.76, 1.00, 0.00, 0.00, 0.00, 0.00, 0.00, 0.00, 0.00, 0.00, 0.00, 0.00, 49.88, 1.00, 35.13, 1.00, 0.00, 0.00, 29.57, 1.00, 0.00, 0.00, 74.08, 1.00, 2.99, 21.31, 26.21, 68.09, 26.17, 83.74, 18.08, 79.83, 17.98, 69.34, 28.71, 27.81, -999
28/08/16 19, 1.94, 1.17, 4.16, 2.86, 2.07, 5.50, 4.50, 121.44, 1.00, 0.00, 0.00, 0.00, 0.00, 0.00, 0.00, 0.00, 0.00, 0.00, 0.00, 49.88, 1.00, 34.70, 1.00, 0.00, 0.00, 29.53, 1.00, 0.00, 0.00, 69.36, 1.00, 2.99, 20.91, 26.30, 69.54, 26.26, 83.84, 17.72, 80.21, 17.62, 69.13, 28.77, 27.87, -999
28/08/16 20, 1.48, 1.36, 3.69, 2.77, 2.36, 5.50, 4.44, 121.89, 1.00, 0.00, 0.00, 0.00, 0.00, 0.00, 0.00, 0.00, 0.00, 0.00, 0.00, 50.14, 1.00, 34.58, 1.00, 0.00, 0.00, 29.64, 1.00, 0.00, 0.00, 65.69, 1.00, 2.99, 20.65, 26.38, 68.55, 26.34, 83.41, 17.40, 80.09, 17.30, 68.44, 28.84, 27.94, -999
28/08/16 21, 1.03, 1.51, 3.22, 2.52, 2.61, 5.50, 4.22, 121.59, 1.00, 0.00, 0.00, 0.00, 0.00, 0.00, 0.00, 0.00, 0.00, 0.00, 0.00, 50.10, 1.00, 34.00, 1.00, 0.00, 0.00, 29.53, 1.00, 0.00, 0.00, 65.36, 1.00, 2.99, 20.82, 26.53, 68.86, 26.49, 83.63, 17.72, 81.38, 17.61, 69.10, 28.98, 28.08, -999
28/08/16 22, 0.82, 1.63, 3.20, 2.43, 3.06, 5.50, 4.25, 99.15, 1.00, 99.17, 1.00, 0.00, 0.00, 35.72, 1.00, 0.00, 0.00, 0.00, 0.00, 49.59, 1.00, 34.58, 1.00, 0.00, 0.00, 29.59, 1.00, 0.00, 0.00, 84.87, 1.00, 2.97, 33.43, 26.02, 86.88, 26.09, 84.23, 19.15, 81.84, 19.04, 70.36, 29.00, 28.10, -999
28/08/16 23, 0.68, 1.62, 3.63, 2.58, 3.45, 5.50, 4.49, 99.17, 1.00, 99.19, 1.00, 0.00, 0.00, 34.44, 1.00, 0.00, 0.00, 0.00, 0.00, 49.51, 1.00, 34.46, 1.00, 0.00, 0.00, 29.21, 1.00, 0.00, 0.00, 84.47, 1.00, 2.97, 33.41, 26.04, 89.08, 26.10, 84.40, 19.20, 82.08, 19.10, 71.60, 28.99, 28.09, -999
29/08/16 00, 0.59, 1.63, 4.12, 2.73, 3.85, 5.39, 4.26, 98.87, 1.00, 98.89, 1.00, 0.00, 0.00, 34.48, 1.00, 0.00, 0.00, 0.00, 0.00, 49.24, 1.00, 36.24, 1.00, 0.00, 0.00, 0.00, 0.00, 0.00, 0.00, 86.03, 1.00, 2.97, 33.57, 26.05, 89.03, 26.12, 84.92, 24.84, 84.57, 24.84, 58.51, 29.02, 28.12, -999
29/08/16 01, 0.69, 1.68, 4.59, 2.99, 3.52, 5.04, 2.71, 98.61, 1.00, 98.63, 1.00, 0.00, 0.00, 33.22, 1.00, 0.00, 0.00, 0.00, 0.00, 48.44, 1.00, 0.00, 0.00, 0.00, 0.00, 0.00, 0.00, 0.00, 0.00, 87.98, 1.00, 2.97, 33.72, 26.16, 91.23, 26.22, 86.53, 28.44, 63.71, 28.44, 59.14, 29.11, 28.21, -999
29/08/16 02, 0.73, 1.73, 5.12, 3.51, 2.97, 5.24, 3.14, 97.53, 1.00, 97.55, 1.00, 0.00, 0.00, 32.38, 1.00, 0.00, 0.00, 0.00, 0.00, 48.27, 1.00, 0.00, 0.00, 0.00, 0.00, 31.76, 1.00, 0.00, 0.00, 90.37, 1.00, 2.97, 34.30, 26.28, 92.68, 26.33, 86.96, 25.99, 63.28, 25.87, 69.96, 29.22, 28.32, -999
29/08/16 03, 0.86, 2.02, 5.15, 4.05, 2.44, 5.50, 3.75, 96.74, 1.00, 96.76, 1.00, 0.00, 0.00, 0.00, 0.00, 0.00, 0.00, 0.00, 0.00, 48.14, 1.00, 0.00, 0.00, 0.00, 0.00, 29.92, 1.00, 0.00, 0.00, 85.15, 1.00, 2.98, 34.72, 27.88, 75.62, 27.84, 88.71, 26.65, 63.10, 26.54, 76.81, 30.43, 29.53, -999
29/08/16 04, 1.04, 2.50, 4.90, 4.34, 1.98, 5.50, 4.98, 94.44, 1.00, 94.45, 1.00, 0.00, 0.00, 0.00, 0.00, 0.00, 0.00, 0.00, 0.00, 0.00, 0.00, 0.00, 0.00, 0.00, 0.00, 0.00, 0.00, 0.00, 0.00, 74.04, 1.00, 2.98, 35.96, 31.23, 76.70, 31.23, 70.13, 30.35, 62.80, 30.35, 61.72, 33.53, 32.63, -999
29/08/16 05, 1.41, 3.28, 4.73, 3.70, 1.55, 5.31, 4.10, 95.06, 1.00, 95.08, 1.00, 0.00, 0.00, 0.00, 0.00, 0.00, 0.00, 0.00, 0.00, 0.00, 0.00, 0.00, 0.00, 0.00, 0.00, 0.00, 0.00, 0.00, 0.00, 68.83, 1.00, 2.98, 35.62, 31.53, 74.89, 31.53, 67.40, 30.30, 62.64, 30.30, 59.19, 33.81, 32.91, -999
29/08/16 06, 1.61, 3.85, 4.46, 3.20, 2.08, 4.99, 2.74, 95.93, 1.00, 95.95, 1.00, 0.00, 0.00, 0.00, 0.00, 0.00, 0.00, 0.00, 0.00, 49.13, 1.00, 36.97, 1.00, 0.00, 0.00, 0.00, 0.00, 0.00, 0.00, 78.78, 1.00, 2.98, 35.16, 29.36, 74.86, 29.32, 88.33, 26.40, 84.81, 26.40, 58.20, 31.87, 30.97, -999
29/08/16 07, 1.67, 4.15, 4.21, 3.88, 2.62, 5.13, 2.86, 96.78, 1.00, 96.80, 1.00, 0.00, 0.00, 0.00, 0.00, 0.00, 0.00, 0.00, 0.00, 50.16, 1.00, 35.49, 1.00, 0.00, 0.00, 30.48, 1.00, 0.00, 0.00, 73.75, 1.00, 2.98, 34.70, 29.41, 73.20, 29.37, 86.40, 20.14, 81.26, 20.03, 68.46, 31.90, 31.00, -999
29/08/16 08, 1.66, 4.39, 3.89, 4.11, 2.89, 5.38, 3.25, 97.61, 1.00, 97.63, 1.00, 0.00, 0.00, 0.00, 0.00, 0.00, 0.00, 0.00, 0.00, 49.52, 1.00, 35.27, 1.00, 0.00, 0.00, 30.50, 1.00, 0.00, 0.00, 69.36, 1.00, 2.97, 34.26, 29.53, 71.78, 29.49, 87.76, 19.83, 81.32, 19.72, 68.08, 32.00, 31.10, -999
29/08/16 09, 1.59, 4.66, 3.51, 4.30, 3.17, 5.50, 3.52, 97.71, 1.00, 97.73, 1.00, 0.00, 0.00, 0.00, 0.00, 0.00, 0.00, 0.00, 0.00, 0.00, 0.00, 35.06, 1.00, 0.00, 0.00, 29.57, 1.00, 0.00, 0.00, 51.51, 1.00, 2.97, 34.20, 31.56, 70.56, 31.56, 60.59, 19.96, 81.82, 19.85, 71.23, 33.76, 32.86, -999
29/08/16 10, 1.53, 5.08, 3.11, 2.99, 3.49, 5.50, 4.04, 97.50, 1.00, 97.52, 1.00, 0.00, 0.00, 0.00, 0.00, 0.00, 0.00, 0.00, 0.00, 50.67, 1.00, 34.85, 1.00, 0.00, 0.00, 29.99, 1.00, 0.00, 0.00, 64.71, 1.00, 2.97, 34.32, 30.06, 68.51, 30.02, 86.05, 20.02, 82.25, 19.91, 69.95, 32.52, 31.62, -999
29/08/16 11, 1.47, 4.97, 3.33, 3.26, 3.84, 5.50, 4.21, 97.35, 1.00, 97.37, 1.00, 0.00, 0.00, 35.27, 1.00, 0.00, 0.00, 0.00, 0.00, 50.25, 1.00, 34.51, 1.00, 0.00, 0.00, 29.87, 1.00, 0.00, 0.00, 69.53, 1.00, 2.97, 34.39, 29.14, 90.77, 29.21, 86.05, 20.18, 82.99, 20.08, 70.50, 32.03, 31.13, -999
29/08/16 12, 1.53, 4.82, 3.87, 3.52, 3.56, 5.50, 4.55, 97.51, 1.00, 97.53, 1.00, 0.00, 0.00, 35.23, 1.00, 0.00, 0.00, 0.00, 0.00, 50.65, 1.00, 0.00, 0.00, 0.00, 0.00, 32.13, 1.00, 0.00, 0.00, 71.03, 1.00, 2.97, 34.31, 29.01, 90.71, 29.08, 85.14, 26.40, 61.69, 26.28, 69.11, 31.92, 31.02, -999
29/08/16 13, 1.59, 4.67, 4.39, 3.50, 2.70, 5.50, 4.22, 97.80, 1.00, 97.82, 1.00, 0.00, 0.00, 36.87, 1.00, 0.00, 0.00, 0.00, 0.00, 50.16, 1.00, 0.00, 0.00, 0.00, 0.00, 29.71, 1.00, 0.00, 0.00, 71.52, 1.00, 2.97, 34.15, 28.83, 87.62, 28.90, 85.94, 26.69, 63.21, 26.59, 77.55, 31.76, 30.86, -999
29/08/16 14, 1.70, 4.52, 4.79, 3.71, 2.21, 5.37, 4.22, 97.15, 1.00, 97.17, 1.00, 0.00, 0.00, 35.12, 1.00, 0.00, 0.00, 0.00, 0.00, 50.07, 1.00, 0.00, 0.00, 0.00, 0.00, 0.00, 0.00, 0.00, 0.00, 76.14, 1.00, 2.97, 34.50, 28.84, 90.73, 28.91, 86.11, 29.60, 61.50, 29.60, 58.96, 31.77, 30.87, -999
29/08/16 15, 1.87, 4.43, 5.29, 3.92, 1.50, 5.05, 2.78, 95.93, 1.00, 95.94, 1.00, 0.00, 0.00, 35.68, 1.00, 0.00, 0.00, 0.00, 0.00, 50.10, 1.00, 0.00, 0.00, 0.00, 0.00, 0.00, 0.00, 0.00, 0.00, 82.26, 1.00, 2.98, 35.16, 28.81, 89.72, 28.88, 86.02, 30.11, 61.12, 30.11, 54.65, 31.78, 30.88, -999
29/08/16 16, 1.87, 4.63, 4.99, 4.08, 1.98, 5.03, 2.21, 96.63, 1.00, 96.65, 1.00, 0.00, 0.00, 0.00, 0.00, 0.00, 0.00, 0.00, 0.00, 50.71, 1.00, 35.30, 1.00, 0.00, 0.00, 30.88, 1.00, 0.00, 0.00, 71.75, 1.00, 2.98, 34.78, 29.80, 72.52, 29.76, 85.70, 20.25, 81.70, 20.14, 67.24, 32.29, 31.39, -999
29/08/16 17, 1.85, 4.85, 4.61, 4.05, 2.41, 5.21, 2.36, 96.80, 1.00, 96.82, 1.00, 0.00, 0.00, 0.00, 0.00, 0.00, 0.00, 0.00, 0.00, 49.58, 1.00, 35.24, 1.00, 0.00, 0.00, 30.80, 1.00, 0.00, 0.00, 69.48, 1.00, 2.98, 34.69, 29.99, 72.59, 29.95, 88.11, 20.20, 81.77, 20.09, 67.46, 32.46, 31.56, -999
29/08/16 18, 1.83, 5.10, 4.24, 4.35, 2.80, 5.39, 2.54, 96.31, 1.00, 96.32, 1.00, 0.00, 0.00, 0.00, 0.00, 0.00, 0.00, 0.00, 0.00, 0.00, 0.00, 34.82, 1.00, 0.00, 0.00, 30.87, 1.00, 0.00, 0.00, 53.35, 1.00, 2.98, 34.96, 32.13, 71.77, 32.13, 64.65, 20.37, 82.66, 20.26, 67.41, 34.34, 33.44, -999
29/08/16 19, 1.94, 5.50, 3.86, 2.95, 3.29, 5.50, 2.71, 94.95, 1.00, 94.97, 1.00, 0.00, 0.00, 0.00, 0.00, 0.00, 0.00, 0.00, 0.00, 50.83, 1.00, 35.36, 1.00, 0.00, 0.00, 30.23, 1.00, 0.00, 0.00, 0.00, 0.00, 2.98, 35.68, 28.45, 68.84, 28.41, 84.11, 20.79, 82.13, 20.68, 69.95, 38.45, 29.83, -999
29/08/16 20, 2.11, 4.96, 3.38, 2.76, 3.60, 5.50, 3.10, 94.96, 1.00, 94.98, 1.00, 0.00, 0.00, 0.00, 0.00, 0.00, 0.00, 0.00, 0.00, 50.58, 1.00, 35.14, 1.00, 0.00, 0.00, 30.79, 1.00, 0.00, 0.00, 0.00, 0.00, 2.98, 35.67, 27.93, 69.73, 27.89, 84.09, 20.76, 82.49, 20.65, 68.08, 38.49, 29.31, -999
29/08/16 21, 2.26, 4.42, 2.95, 2.67, 3.95, 5.50, 3.00, 93.70, 1.00, 93.72, 1.00, 0.00, 0.00, 35.18, 1.00, 0.00, 0.00, 0.00, 0.00, 49.19, 1.00, 35.80, 1.00, 0.00, 0.00, 31.03, 1.00, 0.00, 0.00, 0.00, 0.00, 2.98, 36.35, 24.10, 86.62, 24.16, 83.07, 21.22, 81.79, 21.10, 67.73, 39.23, 25.88, -999
29/08/16 22, 2.55, 3.54, 3.39, 2.50, 3.49, 5.50, 2.90, 92.67, 1.00, 92.69, 1.00, 0.00, 0.00, 34.35, 1.00, 0.00, 0.00, 0.00, 0.00, 48.43, 1.00, 0.00, 0.00, 0.00, 0.00, 32.49, 1.00, 0.00, 0.00, 0.00, 0.00, 2.98, 36.89, 23.38, 86.59, 23.44, 83.78, 28.96, 61.73, 28.84, 70.39, 40.25, 25.14, -999
29/08/16 23, 2.88, 2.66, 3.80, 2.66, 2.64, 5.50, 3.14, 92.54, 1.00, 92.56, 1.00, 0.00, 0.00, 33.92, 1.00, 0.00, 0.00, 0.00, 0.00, 48.20, 1.00, 0.00, 0.00, 0.00, 0.00, 32.62, 1.00, 0.00, 0.00, 0.00, 0.00, 2.98, 36.96, 22.58, 86.49, 22.64, 83.40, 29.15, 61.81, 29.02, 70.07, 40.41, 24.33, -999
30/08/16 00, 3.20, 1.79, 4.21, 2.72, 1.92, 5.50, 3.27, 90.57, 1.00, 90.59, 1.00, 0.00, 0.00, 33.33, 1.00, 0.00, 0.00, 0.00, 0.00, 47.69, 1.00, 0.00, 0.00, 0.00, 0.00, 32.44, 1.00, 0.00, 0.00, 0.00, 0.00, 2.98, 38.00, 21.84, 86.73, 21.90, 83.58, 30.26, 61.07, 30.14, 71.84, 41.66, 23.58, -999
30/08/16 01, 3.53, 0.94, 4.61, 2.87, 1.69, 5.50, 3.63, 91.13, 1.00, 91.15, 1.00, 0.00, 0.00, 31.31, 1.00, 0.00, 0.00, 0.00, 0.00, 46.45, 1.00, 36.14, 1.00, 0.00, 0.00, 29.64, 1.00, 0.00, 0.00, 0.00, 0.00, 2.98, 37.71, 21.35, 89.40, 21.40, 85.29, 23.31, 83.28, 23.20, 74.34, 41.06, 23.04, -999
30/08/16 02, 3.68, 0.39, 5.10, 3.40, 2.24, 5.50, 4.58, 95.45, 1.00, 95.47, 1.00, 0.00, 0.00, 32.84, 1.00, 0.00, 0.00, 0.00, 0.00, 47.96, 1.00, 35.06, 1.00, 0.00, 0.00, 29.33, 1.00, 0.00, 0.00, 109.21, 1.00, 2.98, 35.41, 25.48, 91.16, 25.54, 86.74, 22.19, 84.06, 22.09, 74.20, 28.57, 27.67, -999
30/08/16 03, 3.63, 0.83, 5.21, 3.94, 2.95, 5.28, 3.77, 94.76, 1.00, 94.78, 1.00, 0.00, 0.00, 0.00, 0.00, 0.00, 0.00, 0.00, 0.00, 48.01, 1.00, 36.60, 1.00, 0.00, 0.00, 0.00, 0.00, 0.00, 0.00, 100.67, 1.00, 2.98, 35.78, 27.64, 76.03, 27.60, 88.70, 28.03, 87.12, 28.03, 59.88, 30.29, 29.39, -999
30/08/16 04, 3.65, 1.38, 4.98, 4.65, 3.70, 5.00, 2.68, 93.47, 1.00, 93.49, 1.00, 0.00, 0.00, 0.00, 0.00, 0.00, 0.00, 0.00, 0.00, 0.00, 0.00, 36.42, 1.00, 0.00, 0.00, 0.00, 0.00, 0.00, 0.00, 83.19, 1.00, 2.98, 36.47, 31.00, 76.19, 31.00, 69.23, 28.56, 87.97, 28.56, 59.15, 33.37, 32.47, -999
30/08/16 05, 3.79, 2.25, 4.78, 3.80, 3.76, 5.26, 3.27, 93.23, 1.00, 93.25, 1.00, 0.00, 0.00, 0.00, 0.00, 0.00, 0.00, 0.00, 0.00, 0.00, 0.00, 0.00, 0.00, 0.00, 0.00, 32.10, 1.00, 0.00, 0.00, 80.35, 1.00, 2.98, 36.60, 31.58, 74.87, 31.58, 67.86, 29.31, 64.73, 29.19, 72.11, 33.93, 33.03, -999
30/08/16 06, 3.96, 3.09, 4.51, 2.86, 3.37, 5.50, 4.36, 95.07, 1.00, 95.08, 1.00, 0.00, 0.00, 0.00, 0.00, 0.00, 0.00, 0.00, 0.00, 49.33, 1.00, 0.00, 0.00, 0.00, 0.00, 30.51, 1.00, 0.00, 0.00, 90.24, 1.00, 2.98, 35.62, 29.15, 75.82, 29.11, 87.75, 28.97, 62.60, 28.86, 77.19, 31.74, 30.84, -999
30/08/16 07, 4.02, 3.52, 4.31, 3.50, 2.66, 5.37, 4.33, 94.54, 1.00, 94.56, 1.00, 0.00, 0.00, 0.00, 0.00, 0.00, 0.00, 0.00, 0.00, 49.68, 1.00, 0.00, 0.00, 0.00, 0.00, 0.00, 0.00, 0.00, 0.00, 90.31, 1.00, 2.98, 35.90, 29.57, 73.26, 29.53, 87.49, 31.79, 62.35, 31.79, 58.92, 32.16, 31.26, -999
30/08/16 08, 4.16, 3.95, 3.98, 4.00, 2.02, 5.04, 2.86, 95.00, 1.00, 95.02, 1.00, 0.00, 0.00, 0.00, 0.00, 0.00, 0.00, 0.00, 0.00, 50.80, 1.00, 0.00, 0.00, 0.00, 0.00, 0.00, 0.00, 0.00, 0.00, 87.35, 1.00, 2.98, 35.65, 29.77, 72.12, 29.72, 85.49, 31.75, 62.31, 31.75, 56.93, 32.34, 31.44, -999
30/08/16 09, 4.15, 4.32, 3.62, 3.92, 1.48, 5.15, 2.77, 95.62, 1.00, 95.64, 1.00, 0.00, 0.00, 0.00, 0.00, 0.00, 0.00, 0.00, 0.00, 50.76, 1.00, 36.56, 1.00, 0.00, 0.00, 31.43, 1.00, 0.00, 0.00, 81.88, 1.00, 2.98, 35.33, 29.88, 68.04, 29.83, 85.68, 21.34, 80.63, 21.22, 66.48, 32.42, 31.52, -999
30/08/16 10, 3.97, 4.64, 3.13, 3.92, 1.71, 5.20, 2.40, 95.62, 1.00, 95.64, 1.00, 0.00, 0.00, 0.00, 0.00, 0.00, 0.00, 0.00, 0.00, 50.26, 1.00, 35.76, 1.00, 0.00, 0.00, 31.27, 1.00, 0.00, 0.00, 79.63, 1.00, 2.98, 35.32, 30.12, 69.57, 30.08, 86.91, 21.51, 82.15, 21.40, 67.20, 32.65, 31.75, -999
30/08/16 11, 3.80, 4.77, 3.15, 4.21, 2.17, 5.36, 2.43, 95.53, 1.00, 95.55, 1.00, 0.00, 0.00, 35.89, 1.00, 0.00, 0.00, 0.00, 0.00, 50.09, 1.00, 35.66, 1.00, 0.00, 0.00, 31.17, 1.00, 0.00, 0.00, 83.75, 1.00, 2.98, 35.37, 29.15, 89.70, 29.22, 86.37, 21.56, 82.38, 21.44, 67.57, 32.13, 31.23, -999
30/08/16 12, 3.66, 4.74, 3.66, 4.38, 2.62, 5.50, 2.61, 95.53, 1.00, 95.55, 1.00, 0.00, 0.00, 36.44, 1.00, 0.00, 0.00, 0.00, 0.00, 50.25, 1.00, 35.25, 1.00, 0.00, 0.00, 30.96, 1.00, 0.00, 0.00, 83.65, 1.00, 2.98, 35.37, 29.11, 88.69, 29.18, 86.02, 21.66, 83.20, 21.55, 68.40, 32.10, 31.20, -999
30/08/16 13, 3.53, 4.71, 4.13, 4.41, 3.14, 5.50, 2.67, 96.03, 1.00, 96.05, 1.00, 0.00, 0.00, 35.30, 1.00, 0.00, 0.00, 0.00, 0.00, 49.66, 1.00, 35.73, 1.00, 0.00, 0.00, 29.90, 1.00, 0.00, 0.00, 81.55, 1.00, 2.98, 35.10, 29.10, 90.69, 29.16, 87.16, 21.49, 82.18, 21.39, 71.72, 32.05, 31.15, -999
30/08/16 14, 3.40, 4.91, 4.65, 3.83, 3.44, 5.50, 3.37, 95.62, 1.00, 95.64, 1.00, 0.00, 0.00, 36.45, 1.00, 0.00, 0.00, 0.00, 0.00, 0.00, 0.00, 35.02, 1.00, 0.00, 0.00, 30.72, 1.00, 0.00, 0.00, 73.22, 1.00, 2.98, 35.32, 30.71, 90.26, 30.82, 64.69, 21.59, 83.53, 21.48, 69.13, 33.23, 32.33, -999
30/08/16 15, 3.30, 5.17, 5.13, 2.92, 3.93, 5.50, 3.45, 95.84, 1.00, 95.86, 1.00, 0.00, 0.00, 35.49, 1.00, 0.00, 0.00, 0.00, 0.00, 50.85, 1.00, 34.81, 1.00, 0.00, 0.00, 30.42, 1.00, 0.00, 0.00, 78.53, 1.00, 2.98, 35.20, 29.50, 90.75, 29.56, 85.22, 21.58, 83.88, 21.47, 70.09, 32.45, 31.55, -999
30/08/16 16, 3.31, 5.27, 5.18, 3.04, 3.58, 5.50, 3.82, 95.38, 1.00, 95.39, 1.00, 0.00, 0.00, 0.00, 0.00, 0.00, 0.00, 0.00, 0.00, 50.66, 1.00, 0.00, 0.00, 0.00, 0.00, 31.91, 1.00, 0.00, 0.00, 76.03, 1.00, 2.98, 35.45, 30.59, 72.72, 30.55, 86.58, 28.24, 62.48, 28.12, 71.69, 33.10, 32.20, -999
30/08/16 17, 3.37, 5.54, 4.80, 3.39, 2.82, 5.50, 4.17, 90.61, 1.00, 90.62, 1.00, 0.00, 0.00, 0.00, 0.00, 0.00, 0.00, 0.00, 0.00, 49.75, 1.00, 0.00, 0.00, 0.00, 0.00, 31.88, 1.00, 0.00, 0.00, 0.00, 0.00, 2.98, 37.98, 28.57, 72.82, 28.53, 86.34, 30.40, 62.47, 30.28, 73.97, 41.68, 29.94, -999
30/08/16 18, 3.76, 5.01, 4.43, 3.72, 2.17, 5.48, 4.71, 89.19, 1.00, 89.21, 1.00, 0.00, 0.00, 0.00, 0.00, 0.00, 0.00, 0.00, 0.00, 49.60, 1.00, 0.00, 0.00, 0.00, 0.00, 0.00, 0.00, 0.00, 0.00, 0.00, 0.00, 2.98, 38.72, 28.05, 71.58, 28.01, 86.14, 34.34, 61.04, 34.34, 57.68, 42.98, 29.42, -999
30/08/16 19, 4.22, 4.48, 4.03, 3.98, 1.56, 5.09, 2.90, 90.81, 1.00, 90.82, 1.00, 0.00, 0.00, 0.00, 0.00, 0.00, 0.00, 0.00, 0.00, 49.68, 1.00, 38.53, 1.00, 0.00, 0.00, 0.00, 0.00, 0.00, 0.00, 0.00, 0.00, 2.98, 37.87, 27.52, 73.11, 27.48, 85.45, 29.66, 85.13, 29.66, 56.65, 41.70, 28.89, -999
30/08/16 20, 4.44, 3.96, 3.71, 4.04, 2.04, 5.17, 2.71, 92.51, 1.00, 92.53, 1.00, 0.00, 0.00, 0.00, 0.00, 0.00, 0.00, 0.00, 0.00, 49.77, 1.00, 36.70, 1.00, 0.00, 0.00, 31.47, 1.00, 0.00, 0.00, 0.00, 0.00, 2.98, 36.98, 26.99, 69.89, 26.95, 84.74, 22.40, 81.37, 22.29, 67.39, 40.54, 28.36, -999
30/08/16 21, 4.40, 3.43, 3.28, 3.88, 2.27, 5.33, 2.70, 113.42, 1.00, 0.00, 0.00, 0.00, 0.00, 0.00, 0.00, 0.00, 0.00, 0.00, 0.00, 49.70, 1.00, 36.00, 1.00, 0.00, 0.00, 31.43, 1.00, 0.00, 0.00, 0.00, 0.00, 2.99, 25.52, 26.46, 69.33, 26.42, 84.35, 21.79, 82.00, 21.67, 66.93, 38.10, 27.84, -999
30/08/16 22, 4.23, 2.81, 3.05, 3.64, 2.63, 5.43, 2.52, 113.17, 1.00, 0.00, 0.00, 0.00, 0.00, 34.98, 1.00, 0.00, 0.00, 0.00, 0.00, 48.19, 1.00, 36.09, 1.00, 0.00, 0.00, 31.34, 1.00, 0.00, 0.00, 0.00, 0.00, 2.99, 25.66, 22.61, 84.73, 22.68, 83.46, 21.87, 81.93, 21.75, 67.32, 38.16, 24.38, -999
30/08/16 23, 4.10, 1.93, 3.41, 3.44, 2.92, 5.50, 2.62, 113.27, 1.00, 0.00, 0.00, 0.00, 0.00, 34.31, 1.00, 0.00, 0.00, 0.00, 0.00, 47.89, 1.00, 35.80, 1.00, 0.00, 0.00, 31.09, 1.00, 0.00, 0.00, 0.00, 0.00, 2.99, 25.61, 21.84, 85.12, 21.91, 83.24, 21.92, 82.50, 21.81, 68.22, 38.08, 23.60, -999
31/08/16 00, 3.98, 1.06, 3.78, 3.28, 3.28, 5.50, 2.62, 113.11, 1.00, 0.00, 0.00, 0.00, 0.00, 32.81, 1.00, 0.00, 0.00, 0.00, 0.00, 46.88, 1.00, 35.38, 1.00, 0.00, 0.00, 30.99, 1.00, 0.00, 0.00, 0.00, 0.00, 2.99, 25.70, 21.26, 86.98, 21.32, 84.45, 22.09, 83.40, 21.98, 68.71, 38.11, 22.98, -999
31/08/16 01, 3.76, 0.53, 4.22, 3.59, 3.74, 5.50, 2.72, 117.74, 1.00, 0.00, 0.00, 0.00, 0.00, 33.18, 1.00, 0.00, 0.00, 0.00, 0.00, 48.04, 1.00, 34.35, 1.00, 0.00, 0.00, 29.41, 1.00, 0.00, 0.00, 94.51, 1.00, 2.99, 23.05, 25.14, 90.26, 25.20, 86.24, 20.32, 83.40, 20.22, 72.10, 28.12, 27.22, -999
31/08/16 02, 3.38, 0.70, 4.73, 4.02, 3.71, 5.50, 3.57, 116.62, 1.00, 0.00, 0.00, 0.00, 0.00, 33.30, 1.00, 0.00, 0.00, 0.00, 0.00, 47.59, 1.00, 0.00, 0.00, 0.00, 0.00, 30.83, 1.00, 0.00, 0.00, 98.22, 1.00, 2.99, 23.70, 25.40, 90.32, 25.46, 87.32, 27.16, 64.36, 27.05, 74.34, 28.41, 27.51, -999
31/08/16 03, 3.07, 0.87, 5.23, 4.57, 3.25, 5.50, 4.45, 115.78, 1.00, 0.00, 0.00, 0.00, 0.00, 32.94, 1.00, 0.00, 0.00, 0.00, 0.00, 0.00, 0.00, 0.00, 0.00, 0.00, 0.00, 29.99, 1.00, 0.00, 0.00, 86.83, 1.00, 2.99, 24.18, 27.76, 93.27, 27.86, 69.44, 27.67, 63.97, 27.57, 77.61, 30.33, 29.43, -999
31/08/16 04, 2.98, 1.63, 5.10, 3.76, 2.80, 5.37, 4.37, 114.45, 1.00, 0.00, 0.00, 0.00, 0.00, 0.00, 0.00, 0.00, 0.00, 0.00, 0.00, 0.00, 0.00, 0.00, 0.00, 0.00, 0.00, 0.00, 0.00, 0.00, 0.00, 73.32, 1.00, 2.99, 24.94, 30.29, 76.03, 30.29, 68.36, 30.52, 63.95, 30.52, 60.93, 32.60, 31.70, -999
31/08/16 05, 3.03, 2.36, 4.87, 3.08, 2.46, 5.14, 3.44, 114.87, 1.00, 0.00, 0.00, 0.00, 0.00, 0.00, 0.00, 0.00, 0.00, 0.00, 0.00, 48.13, 1.00, 0.00, 0.00, 0.00, 0.00, 0.00, 0.00, 0.00, 0.00, 87.06, 1.00, 2.99, 24.70, 28.32, 75.99, 28.28, 89.16, 30.45, 63.62, 30.45, 59.91, 30.88, 29.98, -999
31/08/16 06, 2.98, 2.76, 4.66, 3.94, 2.12, 4.88, 2.46, 115.84, 1.00, 0.00, 0.00, 0.00, 0.00, 0.00, 0.00, 0.00, 0.00, 0.00, 0.00, 48.32, 1.00, 0.00, 0.00, 0.00, 0.00, 32.08, 1.00, 0.00, 0.00, 81.25, 1.00, 2.99, 24.15, 28.42, 74.43, 28.38, 88.92, 27.35, 62.24, 27.23, 70.24, 30.94, 30.04, -999
31/08/16 07, 2.78, 3.10, 4.37, 4.65, 1.55, 5.21, 3.18, 117.04, 1.00, 0.00, 0.00, 0.00, 0.00, 0.00, 0.00, 0.00, 0.00, 0.00, 0.00, 0.00, 0.00, 0.00, 0.00, 0.00, 0.00, 32.32, 1.00, 0.00, 0.00, 58.22, 1.00, 2.99, 23.45, 30.49, 73.09, 30.49, 68.00, 26.71, 61.27, 26.59, 68.71, 32.72, 31.82, -999
31/08/16 08, 2.44, 3.65, 4.04, 3.62, 1.95, 5.40, 3.27, 119.06, 1.00, 0.00, 0.00, 0.00, 0.00, 0.00, 0.00, 0.00, 0.00, 0.00, 0.00, 0.00, 0.00, 34.44, 1.00, 0.00, 0.00, 30.68, 1.00, 0.00, 0.00, 46.31, 1.00, 2.99, 22.29, 30.21, 74.43, 30.21, 64.06, 19.01, 81.94, 18.90, 66.67, 32.39, 31.49, -999
31/08/16 09, 2.05, 3.89, 3.78, 3.17, 2.48, 5.46, 2.90, 119.09, 1.00, 0.00, 0.00, 0.00, 0.00, 0.00, 0.00, 0.00, 0.00, 0.00, 0.00, 50.59, 1.00, 35.19, 1.00, 0.00, 0.00, 30.51, 1.00, 0.00, 0.00, 58.87, 1.00, 2.99, 22.28, 28.77, 71.46, 28.73, 84.91, 18.83, 80.48, 18.72, 67.08, 31.19, 30.29, -999
31/08/16 10, 1.70, 3.97, 3.40, 3.19, 2.70, 5.50, 2.93, 120.23, 1.00, 0.00, 0.00, 0.00, 0.00, 0.00, 0.00, 0.00, 0.00, 0.00, 0.00, 50.57, 1.00, 34.71, 1.00, 0.00, 0.00, 30.17, 1.00, 0.00, 0.00, 51.54, 1.00, 2.99, 21.61, 28.78, 70.43, 28.74, 84.96, 18.29, 80.76, 18.18, 67.61, 31.18, 30.28, -999
31/08/16 11, 1.33, 3.97, 3.00, 3.22, 2.98, 5.50, 2.82, 119.93, 1.00, 0.00, 0.00, 0.00, 0.00, 35.20, 1.00, 0.00, 0.00, 0.00, 0.00, 49.68, 1.00, 34.58, 1.00, 0.00, 0.00, 29.43, 1.00, 0.00, 0.00, 58.44, 1.00, 2.99, 21.79, 27.82, 89.60, 27.88, 85.85, 18.66, 81.35, 18.56, 70.37, 30.65, 29.75, -999
31/08/16 12, 1.00, 3.69, 3.51, 3.50, 3.32, 5.50, 3.33, 98.33, 1.00, 98.35, 1.00, 0.00, 0.00, 35.89, 1.00, 0.00, 0.00, 0.00, 0.00, 50.22, 1.00, 34.29, 1.00, 0.00, 0.00, 30.63, 1.00, 0.00, 0.00, 73.82, 1.00, 2.97, 33.87, 27.94, 88.49, 28.01, 84.92, 19.41, 82.58, 19.30, 67.26, 30.87, 29.97, -999
31/08/16 13, 0.92, 3.57, 3.98, 3.49, 3.78, 5.50, 3.00, 97.61, 1.00, 97.63, 1.00, 0.00, 0.00, 36.94, 1.00, 0.00, 0.00, 0.00, 0.00, 48.54, 1.00, 34.98, 1.00, 0.00, 0.00, 30.10, 1.00, 0.00, 0.00, 76.90, 1.00, 2.97, 34.26, 27.88, 86.55, 27.96, 88.08, 19.63, 81.63, 19.52, 69.21, 30.82, 29.92, -999
31/08/16 14, 0.91, 3.48, 4.36, 4.14, 3.97, 5.50, 3.22, 97.72, 1.00, 97.74, 1.00, 0.00, 0.00, 35.56, 1.00, 0.00, 0.00, 0.00, 0.00, 49.84, 1.00, 0.00, 0.00, 0.00, 0.00, 31.89, 1.00, 0.00, 0.00, 78.04, 1.00, 2.97, 34.20, 27.82, 88.94, 27.89, 85.54, 26.01, 64.14, 25.89, 69.54, 30.76, 29.86, -999
31/08/16 15, 1.01, 3.41, 4.82, 4.19, 3.41, 5.50, 3.30, 97.91, 1.00, 97.93, 1.00, 0.00, 0.00, 35.53, 1.00, 0.00, 0.00, 0.00, 0.00, 48.91, 1.00, 0.00, 0.00, 0.00, 0.00, 31.19, 1.00, 0.00, 0.00, 78.03, 1.00, 2.97, 34.10, 27.77, 88.95, 27.84, 87.27, 26.10, 63.23, 25.98, 72.04, 30.70, 29.80, -999
31/08/16 16, 1.09, 3.45, 5.26, 4.20, 2.79, 5.50, 3.86, 97.36, 1.00, 97.38, 1.00, 0.00, 0.00, 35.80, 1.00, 0.00, 0.00, 0.00, 0.00, 0.00, 0.00, 0.00, 0.00, 0.00, 0.00, 31.44, 1.00, 0.00, 0.00, 72.00, 1.00, 2.97, 34.39, 29.23, 89.95, 29.34, 63.44, 26.32, 61.96, 26.20, 71.43, 31.74, 30.84, -999
31/08/16 17, 1.24, 3.95, 5.07, 3.04, 2.07, 5.50, 4.21, 97.20, 1.00, 97.22, 1.00, 0.00, 0.00, 0.00, 0.00, 0.00, 0.00, 0.00, 0.00, 50.43, 1.00, 0.00, 0.00, 0.00, 0.00, 31.20, 1.00, 0.00, 0.00, 73.60, 1.00, 2.97, 34.47, 29.19, 71.42, 29.15, 85.65, 26.49, 61.57, 26.38, 72.41, 31.69, 30.79, -999
31/08/16 18, 1.35, 4.19, 4.64, 3.26, 1.39, 5.50, 4.68, 97.39, 1.00, 97.41, 1.00, 0.00, 0.00, 0.00, 0.00, 0.00, 0.00, 0.00, 0.00, 50.14, 1.00, 35.29, 1.00, 0.00, 0.00, 29.55, 1.00, 0.00, 0.00, 70.71, 1.00, 2.97, 34.37, 29.35, 73.38, 29.31, 86.38, 19.99, 81.48, 19.89, 71.31, 31.83, 30.93, -999
31/08/16 19, 1.39, 4.41, 4.31, 3.59, 1.89, 5.31, 3.95, 97.86, 1.00, 97.88, 1.00, 0.00, 0.00, 0.00, 0.00, 0.00, 0.00, 0.00, 0.00, 50.12, 1.00, 37.46, 1.00, 0.00, 0.00, 0.00, 0.00, 0.00, 0.00, 68.34, 1.00, 2.97, 34.12, 29.50, 71.65, 29.46, 86.58, 25.44, 82.94, 25.44, 55.18, 31.97, 31.07, -999
31/08/16 20, 1.38, 4.60, 3.91, 3.90, 2.24, 5.03, 2.45, 98.28, 1.00, 98.30, 1.00, 0.00, 0.00, 0.00, 0.00, 0.00, 0.00, 0.00, 0.00, 50.55, 1.00, 34.97, 1.00, 0.00, 0.00, 30.82, 1.00, 0.00, 0.00, 64.92, 1.00, 2.97, 33.89, 29.59, 70.77, 29.55, 85.81, 19.36, 81.39, 19.25, 66.56, 32.04, 31.14, -999
31/08/16 21, 1.29, 4.74, 3.50, 3.96, 2.63, 5.15, 2.31, 97.92, 1.00, 97.94, 1.00, 0.00, 0.00, 0.00, 0.00, 0.00, 0.00, 0.00, 0.00, 50.70, 1.00, 35.18, 1.00, 0.00, 0.00, 30.98, 1.00, 0.00, 0.00, 64.93, 1.00, 2.97, 34.09, 29.73, 68.39, 29.69, 85.65, 19.38, 81.04, 19.27, 66.06, 32.18, 31.28, -999
31/08/16 22, 1.22, 4.89, 3.03, 3.95, 2.91, 5.17, 1.95, 98.36, 1.00, 98.38, 1.00, 0.00, 0.00, 0.00, 0.00, 0.00, 0.00, 0.00, 0.00, 50.69, 1.00, 34.96, 1.00, 0.00, 0.00, 30.78, 1.00, 0.00, 0.00, 61.99, 1.00, 2.97, 33.85, 29.81, 69.07, 29.77, 85.74, 19.25, 81.30, 19.14, 66.58, 32.25, 31.35, -999
31/08/16 23, 1.12, 4.75, 3.26, 3.96, 3.20, 5.29, 1.95, 98.39, 1.00, 98.41, 1.00, 0.00, 0.00, 37.19, 1.00, 0.00, 0.00, 0.00, 0.00, 50.14, 1.00, 34.73, 1.00, 0.00, 0.00, 30.86, 1.00, 0.00, 0.00, 66.87, 1.00, 2.97, 33.84, 28.76, 86.98, 28.84, 85.91, 19.25, 81.69, 19.14, 66.31, 31.68, 30.78, -999
01/09/16 00, 1.03, 4.53, 3.68, 4.07, 3.54, 5.37, 1.81, 98.10, 1.00, 98.12, 1.00, 0.00, 0.00, 35.17, 1.00, 0.00, 0.00, 0.00, 0.00, 49.43, 1.00, 34.29, 1.00, 0.00, 0.00, 30.85, 1.00, 0.00, 0.00, 68.58, 1.00, 2.97, 33.99, 28.72, 90.53, 28.79, 87.22, 19.45, 82.64, 19.34, 66.54, 31.60, 30.70, -999
01/09/16 01, 0.98, 4.37, 4.20, 4.47, 3.99, 5.47, 1.80, 97.19, 1.00, 97.21, 1.00, 0.00, 0.00, 35.70, 1.00, 0.00, 0.00, 0.00, 0.00, 49.42, 1.00, 33.92, 1.00, 0.00, 0.00, 30.20, 1.00, 0.00, 0.00, 72.75, 1.00, 2.97, 34.48, 28.63, 89.52, 28.70, 87.15, 20.03, 83.83, 19.92, 69.29, 31.54, 30.64, -999
01/09/16 02, 1.16, 4.61, 4.69, 3.53, 3.48, 5.50, 2.97, 95.95, 1.00, 95.97, 1.00, 0.00, 0.00, 35.12, 1.00, 0.00, 0.00, 0.00, 0.00, 0.00, 0.00, 0.00, 0.00, 0.00, 0.00, 30.49, 1.00, 0.00, 0.00, 69.94, 1.00, 2.98, 35.15, 30.33, 92.23, 30.44, 65.24, 27.08, 63.58, 26.98, 75.40, 32.82, 31.92, -999
01/09/16 03, 1.36, 4.72, 5.22, 3.25, 2.91, 5.50, 4.09, 96.02, 1.00, 96.04, 1.00, 0.00, 0.00, 33.73, 1.00, 0.00, 0.00, 0.00, 0.00, 48.90, 1.00, 0.00, 0.00, 0.00, 0.00, 30.19, 1.00, 0.00, 0.00, 76.97, 1.00, 2.98, 35.11, 29.12, 93.35, 29.18, 88.64, 27.18, 63.55, 27.08, 76.48, 32.02, 31.12, -999
01/09/16 04, 1.58, 4.95, 5.08, 3.99, 2.44, 5.44, 4.63, 94.55, 1.00, 94.57, 1.00, 0.00, 0.00, 0.00, 0.00, 0.00, 0.00, 0.00, 0.00, 48.43, 1.00, 0.00, 0.00, 0.00, 0.00, 0.00, 0.00, 0.00, 0.00, 78.82, 1.00, 2.98, 35.90, 30.49, 76.39, 30.45, 90.78, 30.53, 63.46, 30.53, 61.78, 33.00, 32.10, -999
01/09/16 05, 1.92, 5.36, 4.88, 4.49, 2.07, 5.26, 3.93, 93.45, 1.00, 93.46, 1.00, 0.00, 0.00, 0.00, 0.00, 0.00, 0.00, 0.00, 0.00, 0.00, 0.00, 0.00, 0.00, 0.00, 0.00, 0.00, 0.00, 0.00, 0.00, 64.08, 1.00, 2.98, 36.48, 33.22, 76.81, 33.22, 69.01, 31.26, 62.72, 31.26, 61.46, 35.48, 34.58, -999
01/09/16 06, 2.48, 5.53, 4.73, 3.63, 1.60, 5.08, 3.40, 87.63, 1.00, 87.65, 1.00, 0.00, 0.00, 0.00, 0.00, 0.00, 0.00, 0.00, 0.00, 0.00, 0.00, 0.00, 0.00, 0.00, 0.00, 0.00, 0.00, 0.00, 0.00, 0.00, 0.00, 2.98, 39.53, 30.53, 74.85, 30.53, 65.29, 34.52, 62.30, 34.52, 59.32, 43.69, 31.72, -999
01/09/16 07, 2.93, 5.40, 4.46, 2.80, 2.07, 4.93, 2.67, 91.86, 1.00, 91.88, 1.00, 0.00, 0.00, 0.00, 0.00, 0.00, 0.00, 0.00, 0.00, 49.96, 1.00, 35.39, 1.00, 0.00, 0.00, 31.14, 1.00, 0.00, 0.00, 0.00, 0.00, 2.98, 37.32, 28.42, 74.46, 28.38, 85.79, 22.50, 83.81, 22.38, 68.63, 40.47, 29.79, -999
01/09/16 08, 3.20, 4.87, 4.18, 3.12, 2.70, 5.19, 3.08, 92.03, 1.00, 92.05, 1.00, 0.00, 0.00, 0.00, 0.00, 0.00, 0.00, 0.00, 0.00, 50.13, 1.00, 35.40, 1.00, 0.00, 0.00, 31.62, 1.00, 0.00, 0.00, 0.00, 0.00, 2.98, 37.23, 27.88, 72.79, 27.84, 84.93, 22.39, 83.67, 22.27, 66.88, 40.44, 29.25, -999
01/09/16 09, 3.44, 4.34, 3.84, 3.21, 3.25, 5.28, 2.76, 92.83, 1.00, 92.85, 1.00, 0.00, 0.00, 0.00, 0.00, 0.00, 0.00, 0.00, 0.00, 50.27, 1.00, 35.83, 1.00, 0.00, 0.00, 31.39, 1.00, 0.00, 0.00, 0.00, 0.00, 2.98, 36.81, 27.33, 70.61, 27.29, 84.09, 22.05, 82.57, 21.93, 67.32, 40.06, 28.71, -999
01/09/16 10, 3.62, 3.81, 3.43, 3.03, 3.58, 5.43, 2.72, 92.30, 1.00, 92.32, 1.00, 0.00, 0.00, 0.00, 0.00, 0.00, 0.00, 0.00, 0.00, 49.27, 1.00, 35.36, 1.00, 0.00, 0.00, 31.35, 1.00, 0.00, 0.00, 0.00, 0.00, 2.98, 37.09, 26.88, 69.67, 26.84, 85.58, 22.52, 83.88, 22.40, 67.91, 40.41, 28.25, -999
01/09/16 11, 3.82, 3.29, 3.00, 3.34, 4.05, 5.50, 3.01, 90.60, 1.00, 90.62, 1.00, 0.00, 0.00, 34.23, 1.00, 0.00, 0.00, 0.00, 0.00, 47.93, 1.00, 0.00, 0.00, 0.00, 0.00, 32.53, 1.00, 0.00, 0.00, 0.00, 0.00, 2.98, 37.98, 23.21, 87.17, 23.28, 84.53, 30.49, 62.91, 30.37, 71.76, 41.79, 24.97, -999
01/09/16 12, 4.18, 2.42, 3.45, 3.53, 3.28, 5.50, 3.46, 90.59, 1.00, 90.60, 1.00, 0.00, 0.00, 32.87, 1.00, 0.00, 0.00, 0.00, 0.00, 48.19, 1.00, 0.00, 0.00, 0.00, 0.00, 32.06, 1.00, 0.00, 0.00, 0.00, 0.00, 2.98, 37.99, 22.46, 88.09, 22.52, 83.29, 30.73, 61.97, 30.61, 73.68, 41.89, 24.20, -999
01/09/16 13, 4.52, 1.56, 3.92, 3.32, 2.49, 5.50, 4.16, 112.03, 1.00, 0.00, 0.00, 0.00, 0.00, 33.29, 1.00, 0.00, 0.00, 0.00, 0.00, 46.61, 1.00, 0.00, 0.00, 0.00, 0.00, 32.36, 1.00, 0.00, 0.00, 0.00, 0.00, 2.99, 26.31, 21.73, 86.69, 21.79, 85.40, 29.38, 61.03, 29.26, 71.26, 38.86, 23.46, -999
01/09/16 14, 4.57, 0.72, 4.33, 3.77, 1.68, 5.50, 4.35, 111.79, 1.00, 0.00, 0.00, 0.00, 0.00, 32.77, 1.00, 0.00, 0.00, 0.00, 0.00, 46.36, 1.00, 0.00, 0.00, 0.00, 0.00, 32.07, 1.00, 0.00, 0.00, 0.00, 0.00, 2.99, 26.45, 20.97, 86.75, 21.03, 85.07, 29.53, 60.06, 29.41, 72.42, 38.98, 22.69, -999
01/09/16 15, 4.21, 0.59, 4.76, 4.16, 1.71, 5.50, 4.57, 118.67, 1.00, 0.00, 0.00, 0.00, 0.00, 34.45, 1.00, 0.00, 0.00, 0.00, 0.00, 48.43, 1.00, 35.23, 1.00, 0.00, 0.00, 30.02, 1.00, 0.00, 0.00, 91.08, 1.00, 2.99, 22.52, 25.08, 88.11, 25.15, 85.47, 19.44, 81.01, 19.34, 69.27, 28.07, 27.17, -999
01/09/16 16, 3.71, 0.67, 5.18, 4.33, 2.09, 5.50, 4.48, 118.92, 1.00, 0.00, 0.00, 0.00, 0.00, 34.02, 1.00, 0.00, 0.00, 0.00, 0.00, 48.03, 1.00, 34.82, 1.00, 0.00, 0.00, 29.77, 1.00, 0.00, 0.00, 89.15, 1.00, 2.99, 22.37, 25.15, 88.91, 25.22, 86.28, 19.40, 81.68, 19.29, 70.03, 28.12, 27.22, -999
01/09/16 17, 3.25, 0.98, 5.21, 4.25, 2.55, 5.50, 4.60, 117.38, 1.00, 0.00, 0.00, 0.00, 0.00, 0.00, 0.00, 0.00, 0.00, 0.00, 0.00, 0.00, 0.00, 34.97, 1.00, 0.00, 0.00, 29.89, 1.00, 0.00, 0.00, 67.97, 1.00, 2.99, 23.26, 29.16, 73.89, 29.16, 63.72, 20.21, 82.24, 20.11, 70.45, 31.44, 30.54, -999
01/09/16 18, 2.89, 1.68, 4.87, 2.77, 3.00, 5.50, 4.77, 119.22, 1.00, 0.00, 0.00, 0.00, 0.00, 0.00, 0.00, 0.00, 0.00, 0.00, 0.00, 49.44, 1.00, 34.61, 1.00, 0.00, 0.00, 29.45, 1.00, 0.00, 0.00, 75.34, 1.00, 2.99, 22.20, 27.03, 73.10, 26.99, 85.43, 19.24, 81.88, 19.14, 70.87, 29.53, 28.63, -999
01/09/16 19, 2.55, 1.99, 4.51, 3.09, 3.46, 5.15, 3.17, 119.54, 1.00, 0.00, 0.00, 0.00, 0.00, 0.00, 0.00, 0.00, 0.00, 0.00, 0.00, 50.03, 1.00, 36.39, 1.00, 0.00, 0.00, 0.00, 0.00, 0.00, 0.00, 73.09, 1.00, 2.99, 22.01, 27.24, 71.08, 27.20, 84.47, 24.67, 84.13, 24.67, 56.67, 29.73, 28.83, -999
01/09/16 20, 2.11, 2.18, 4.09, 3.09, 3.84, 5.12, 2.61, 120.76, 1.00, 0.00, 0.00, 0.00, 0.00, 0.00, 0.00, 0.00, 0.00, 0.00, 0.00, 50.20, 1.00, 34.32, 1.00, 0.00, 0.00, 30.31, 1.00, 0.00, 0.00, 65.12, 1.00, 2.99, 21.30, 27.19, 70.93, 27.15, 84.09, 18.06, 81.19, 17.95, 66.93, 29.64, 28.74, -999
01/09/16 21, 1.70, 2.35, 3.68, 2.95, 3.75, 5.28, 2.65, 120.11, 1.00, 0.00, 0.00, 0.00, 0.00, 0.00, 0.00, 0.00, 0.00, 0.00, 0.00, 49.80, 1.00, 0.00, 0.00, 0.00, 0.00, 32.16, 1.00, 0.00, 0.00, 67.69, 1.00, 2.99, 21.68, 27.43, 69.43, 27.39, 85.13, 24.81, 61.67, 24.68, 67.40, 29.89, 28.99, -999
01/09/16 22, 1.36, 2.53, 3.23, 3.16, 2.86, 5.42, 2.56, 120.45, 1.00, 0.00, 0.00, 0.00, 0.00, 0.00, 0.00, 0.00, 0.00, 0.00, 0.00, 50.20, 1.00, 0.00, 0.00, 0.00, 0.00, 32.14, 1.00, 0.00, 0.00, 64.60, 1.00, 2.99, 21.48, 27.52, 70.21, 27.48, 84.42, 24.57, 62.07, 24.44, 67.23, 29.97, 29.07, -999
01/09/16 23, 1.03, 2.57, 3.08, 3.10, 2.14, 5.50, 2.46, 120.36, 1.00, 0.00, 0.00, 0.00, 0.00, 36.16, 1.00, 0.00, 0.00, 0.00, 0.00, 49.74, 1.00, 0.00, 0.00, 0.00, 0.00, 31.90, 1.00, 0.00, 0.00, 68.24, 1.00, 2.99, 21.54, 26.69, 86.76, 26.76, 84.60, 24.59, 61.22, 24.47, 68.10, 29.58, 28.68, -999
02/09/16 00, 0.94, 2.48, 3.51, 3.16, 1.55, 5.50, 2.39, 98.38, 1.00, 98.40, 1.00, 0.00, 0.00, 34.90, 1.00, 0.00, 0.00, 0.00, 0.00, 49.84, 1.00, 35.00, 1.00, 0.00, 0.00, 30.60, 1.00, 0.00, 0.00, 81.93, 1.00, 2.97, 33.84, 26.87, 89.14, 26.94, 84.59, 19.21, 81.19, 19.10, 67.13, 29.83, 28.93, -999
02/09/16 01, 0.85, 2.45, 4.00, 3.19, 2.00, 5.50, 2.25, 97.78, 1.00, 97.80, 1.00, 0.00, 0.00, 34.85, 1.00, 0.00, 0.00, 0.00, 0.00, 49.69, 1.00, 33.93, 1.00, 0.00, 0.00, 29.45, 1.00, 0.00, 0.00, 84.15, 1.00, 2.97, 34.16, 26.86, 89.21, 26.92, 84.86, 19.97, 83.75, 19.86, 71.61, 29.82, 28.92, -999
02/09/16 02, 0.82, 2.45, 4.48, 3.30, 2.74, 5.50, 3.04, 97.89, 1.00, 97.91, 1.00, 0.00, 0.00, 33.37, 1.00, 0.00, 0.00, 0.00, 0.00, 48.44, 1.00, 34.66, 1.00, 0.00, 0.00, 28.85, 1.00, 0.00, 0.00, 83.68, 1.00, 2.97, 34.11, 26.89, 91.71, 26.95, 87.27, 19.88, 82.42, 19.78, 73.37, 29.82, 28.92, -999
02/09/16 03, 0.79, 2.47, 5.02, 3.89, 3.22, 5.50, 4.00, 97.59, 1.00, 97.61, 1.00, 0.00, 0.00, 32.50, 1.00, 0.00, 0.00, 0.00, 0.00, 47.62, 1.00, 33.64, 1.00, 0.00, 0.00, 28.42, 1.00, 0.00, 0.00, 84.41, 1.00, 2.97, 34.26, 26.95, 93.16, 27.01, 88.82, 20.31, 84.58, 20.22, 75.10, 29.86, 28.96, -999
02/09/16 04, 0.84, 2.66, 5.20, 4.65, 3.97, 5.44, 4.54, 95.23, 1.00, 95.25, 1.00, 0.00, 0.00, 0.00, 0.00, 0.00, 0.00, 0.00, 0.00, 0.00, 0.00, 35.88, 1.00, 0.00, 0.00, 0.00, 0.00, 0.00, 0.00, 69.15, 1.00, 2.98, 35.53, 30.95, 76.56, 30.95, 69.06, 26.52, 86.89, 26.52, 61.26, 33.23, 32.33, -999
02/09/16 05, 1.20, 3.43, 5.00, 3.77, 3.80, 5.23, 3.67, 94.34, 1.00, 94.35, 1.00, 0.00, 0.00, 0.00, 0.00, 0.00, 0.00, 0.00, 0.00, 0.00, 0.00, 0.00, 0.00, 0.00, 0.00, 0.00, 0.00, 0.00, 0.00, 70.10, 1.00, 2.98, 36.01, 31.80, 75.57, 31.80, 67.93, 30.49, 65.00, 30.49, 57.73, 34.08, 33.18, -999
02/09/16 06, 1.53, 4.15, 4.76, 2.85, 3.47, 5.02, 2.58, 96.41, 1.00, 96.43, 1.00, 0.00, 0.00, 0.00, 0.00, 0.00, 0.00, 0.00, 0.00, 49.41, 1.00, 0.00, 0.00, 0.00, 0.00, 31.80, 1.00, 0.00, 0.00, 75.47, 1.00, 2.98, 34.90, 29.51, 72.33, 29.47, 87.96, 26.88, 64.37, 26.76, 70.73, 32.01, 31.11, -999
02/09/16 07, 1.68, 4.42, 4.37, 3.51, 3.07, 5.37, 3.39, 96.14, 1.00, 96.15, 1.00, 0.00, 0.00, 0.00, 0.00, 0.00, 0.00, 0.00, 0.00, 49.23, 1.00, 0.00, 0.00, 0.00, 0.00, 31.73, 1.00, 0.00, 0.00, 74.98, 1.00, 2.98, 35.05, 29.77, 71.14, 29.73, 88.56, 27.08, 63.19, 26.96, 71.19, 32.27, 31.37, -999
02/09/16 08, 1.83, 4.70, 3.96, 4.18, 2.50, 5.50, 4.39, 96.68, 1.00, 96.70, 1.00, 0.00, 0.00, 0.00, 0.00, 0.00, 0.00, 0.00, 0.00, 49.92, 1.00, 0.00, 0.00, 0.00, 0.00, 30.60, 1.00, 0.00, 0.00, 71.83, 1.00, 2.98, 34.75, 29.90, 70.39, 29.86, 87.36, 27.11, 60.98, 27.00, 75.05, 32.39, 31.49, -999
02/09/16 09, 2.00, 4.99, 3.53, 4.36, 1.68, 5.35, 4.11, 95.32, 1.00, 95.34, 1.00, 0.00, 0.00, 0.00, 0.00, 0.00, 0.00, 0.00, 0.00, 0.00, 0.00, 0.00, 0.00, 0.00, 0.00, 0.00, 0.00, 0.00, 0.00, 60.06, 1.00, 2.98, 35.48, 32.52, 70.02, 32.52, 61.04, 30.55, 60.01, 30.55, 55.37, 34.76, 33.86, -999
02/09/16 10, 2.13, 5.49, 3.11, 3.00, 1.74, 5.03, 2.47, 97.19, 1.00, 97.21, 1.00, 0.00, 0.00, 0.00, 0.00, 0.00, 0.00, 0.00, 0.00, 50.32, 1.00, 35.62, 1.00, 0.00, 0.00, 30.68, 1.00, 0.00, 0.00, 64.49, 1.00, 2.97, 34.48, 30.48, 69.98, 30.44, 87.16, 20.09, 80.99, 19.98, 67.76, 32.92, 32.02, -999
02/09/16 11, 2.24, 4.87, 3.32, 3.43, 2.09, 5.25, 2.74, 93.60, 1.00, 93.61, 1.00, 0.00, 0.00, 34.34, 1.00, 0.00, 0.00, 0.00, 0.00, 48.57, 1.00, 35.80, 1.00, 0.00, 0.00, 31.07, 1.00, 0.00, 0.00, 0.00, 0.00, 2.98, 36.40, 24.70, 87.92, 24.76, 84.83, 21.25, 81.82, 21.13, 67.62, 39.28, 26.46, -999
02/09/16 12, 2.46, 3.99, 3.78, 3.59, 2.47, 5.43, 2.85, 92.37, 1.00, 92.39, 1.00, 0.00, 0.00, 33.29, 1.00, 0.00, 0.00, 0.00, 0.00, 47.41, 1.00, 35.44, 1.00, 0.00, 0.00, 31.02, 1.00, 0.00, 0.00, 0.00, 0.00, 2.98, 37.05, 24.07, 89.02, 24.13, 86.33, 22.06, 83.27, 21.95, 68.59, 40.05, 25.81, -999
02/09/16 13, 2.73, 3.14, 4.27, 4.08, 3.00, 5.50, 3.38, 92.58, 1.00, 92.59, 1.00, 0.00, 0.00, 34.13, 1.00, 0.00, 0.00, 0.00, 0.00, 47.62, 1.00, 35.91, 1.00, 0.00, 0.00, 29.94, 1.00, 0.00, 0.00, 0.00, 0.00, 2.98, 36.94, 23.10, 86.68, 23.17, 84.98, 22.23, 82.61, 22.12, 72.31, 40.01, 24.85, -999
02/09/16 14, 2.98, 2.28, 4.66, 4.25, 3.35, 5.50, 4.06, 92.87, 1.00, 92.89, 1.00, 0.00, 0.00, 33.39, 1.00, 0.00, 0.00, 0.00, 0.00, 47.45, 1.00, 35.46, 1.00, 0.00, 0.00, 31.06, 1.00, 0.00, 0.00, 0.00, 0.00, 2.98, 36.79, 22.34, 87.13, 22.40, 84.52, 22.01, 83.20, 21.90, 68.41, 39.91, 24.08, -999
02/09/16 15, 3.19, 1.42, 5.06, 4.29, 3.78, 5.50, 3.79, 92.41, 1.00, 92.43, 1.00, 0.00, 0.00, 32.49, 1.00, 0.00, 0.00, 0.00, 0.00, 46.73, 1.00, 35.26, 1.00, 0.00, 0.00, 30.44, 1.00, 0.00, 0.00, 0.00, 0.00, 2.98, 37.03, 21.67, 87.90, 21.73, 85.12, 22.54, 84.06, 22.43, 71.00, 40.24, 23.39, -999
02/09/16 16, 3.49, 0.67, 5.28, 4.53, 3.64, 5.50, 4.25, 90.41, 1.00, 90.42, 1.00, 0.00, 0.00, 0.00, 0.00, 0.00, 0.00, 0.00, 0.00, 0.00, 0.00, 0.00, 0.00, 0.00, 0.00, 31.88, 1.00, 0.00, 0.00, 0.00, 0.00, 2.98, 38.08, 25.67, 72.21, 25.67, 64.67, 30.55, 63.04, 30.43, 74.14, 41.83, 26.86, -999
02/09/16 17, 3.88, 0.67, 4.87, 3.12, 2.95, 5.50, 4.92, 89.03, 1.00, 89.04, 1.00, 0.00, 0.00, 0.00, 0.00, 0.00, 0.00, 0.00, 0.00, 0.00, 0.00, 0.00, 0.00, 0.00, 0.00, 0.00, 0.00, 0.00, 0.00, 0.00, 0.00, 2.98, 38.81, 25.67, 72.77, 25.67, 64.31, 34.47, 61.90, 34.47, 58.66, 43.11, 26.86, -999
02/09/16 18, 4.19, 0.74, 4.50, 3.06, 2.20, 5.14, 3.21, 94.80, 1.00, 94.82, 1.00, 0.00, 0.00, 0.00, 0.00, 0.00, 0.00, 0.00, 0.00, 49.97, 1.00, 0.00, 0.00, 0.00, 0.00, 0.00, 0.00, 0.00, 0.00, 103.12, 1.00, 2.98, 35.76, 27.57, 72.48, 27.53, 84.94, 31.76, 61.54, 31.76, 56.85, 30.26, 29.36, -999
02/09/16 19, 4.19, 1.29, 4.13, 3.18, 1.50, 5.07, 2.54, 96.84, 1.00, 96.86, 1.00, 0.00, 0.00, 0.00, 0.00, 0.00, 0.00, 0.00, 0.00, 50.34, 1.00, 36.14, 1.00, 0.00, 0.00, 31.09, 1.00, 0.00, 0.00, 93.89, 1.00, 2.98, 34.67, 27.50, 69.86, 27.46, 84.14, 20.82, 80.79, 20.70, 67.10, 30.12, 29.22, -999
02/09/16 20, 3.92, 1.74, 3.68, 3.02, 1.79, 5.22, 2.53, 96.68, 1.00, 96.70, 1.00, 0.00, 0.00, 0.00, 0.00, 0.00, 0.00, 0.00, 0.00, 50.24, 1.00, 36.14, 1.00, 0.00, 0.00, 31.07, 1.00, 0.00, 0.00, 91.76, 1.00, 2.98, 34.76, 27.83, 70.02, 27.79, 84.65, 20.85, 80.82, 20.73, 67.20, 30.43, 29.53, -999
02/09/16 21, 3.67, 2.17, 3.25, 3.05, 2.04, 5.37, 2.55, 96.05, 1.00, 96.07, 1.00, 0.00, 0.00, 0.00, 0.00, 0.00, 0.00, 0.00, 0.00, 50.93, 1.00, 35.93, 1.00, 0.00, 0.00, 31.23, 1.00, 0.00, 0.00, 91.29, 1.00, 2.98, 35.09, 28.19, 67.22, 28.15, 83.65, 21.15, 81.51, 21.04, 66.97, 30.79, 29.89, -999
02/09/16 22, 3.48, 2.43, 3.19, 2.62, 2.38, 5.49, 2.45, 97.29, 1.00, 97.31, 1.00, 0.00, 0.00, 36.19, 1.00, 0.00, 0.00, 0.00, 0.00, 50.16, 1.00, 35.77, 1.00, 0.00, 0.00, 31.09, 1.00, 0.00, 0.00, 92.23, 1.00, 2.97, 34.43, 26.84, 86.86, 26.91, 83.93, 20.44, 81.07, 20.32, 66.73, 29.88, 28.98, -999
02/09/16 23, 3.23, 2.48, 3.62, 2.58, 2.63, 5.50, 2.37, 97.80, 1.00, 97.82, 1.00, 0.00, 0.00, 35.12, 1.00, 0.00, 0.00, 0.00, 0.00, 49.94, 1.00, 35.44, 1.00, 0.00, 0.00, 30.62, 1.00, 0.00, 0.00, 89.39, 1.00, 2.97, 34.15, 26.90, 88.79, 26.97, 84.43, 20.26, 81.48, 20.15, 68.12, 29.91, 29.01, -999
03/09/16 00, 2.97, 2.52, 4.09, 2.70, 2.94, 5.50, 2.45, 96.58, 1.00, 96.60, 1.00, 0.00, 0.00, 35.58, 1.00, 0.00, 0.00, 0.00, 0.00, 49.44, 1.00, 34.80, 1.00, 0.00, 0.00, 30.26, 1.00, 0.00, 0.00, 93.26, 1.00, 2.98, 34.81, 26.98, 88.08, 27.05, 85.48, 21.14, 83.46, 21.03, 70.20, 30.02, 29.12, -999
03/09/16 01, 2.82, 2.61, 4.53, 3.04, 3.49, 5.50, 2.92, 95.63, 1.00, 95.65, 1.00, 0.00, 0.00, 33.66, 1.00, 0.00, 0.00, 0.00, 0.00, 48.94, 1.00, 34.73, 1.00, 0.00, 0.00, 29.26, 1.00, 0.00, 0.00, 95.42, 1.00, 2.98, 35.32, 27.18, 91.52, 27.24, 86.63, 21.80, 84.24, 21.70, 74.05, 30.19, 29.29, -999
03/09/16 02, 2.76, 2.74, 5.07, 3.53, 4.00, 5.50, 3.97, 95.45, 1.00, 95.47, 1.00, 0.00, 0.00, 33.36, 1.00, 0.00, 0.00, 0.00, 0.00, 48.56, 1.00, 0.00, 0.00, 0.00, 0.00, 30.47, 1.00, 0.00, 0.00, 95.59, 1.00, 2.98, 35.41, 27.35, 92.18, 27.40, 87.49, 28.10, 64.21, 27.99, 76.45, 30.35, 29.45, -999
03/09/16 03, 2.89, 3.05, 5.15, 4.14, 3.45, 5.43, 4.47, 94.30, 1.00, 94.32, 1.00, 0.00, 0.00, 0.00, 0.00, 0.00, 0.00, 0.00, 0.00, 48.84, 1.00, 0.00, 0.00, 0.00, 0.00, 0.00, 0.00, 0.00, 0.00, 91.57, 1.00, 2.98, 36.03, 29.22, 75.43, 29.18, 88.75, 31.22, 63.89, 31.22, 60.13, 31.82, 30.92, -999
03/09/16 04, 3.15, 3.59, 4.89, 4.37, 2.94, 5.16, 3.27, 92.45, 1.00, 92.47, 1.00, 0.00, 0.00, 0.00, 0.00, 0.00, 0.00, 0.00, 0.00, 0.00, 0.00, 0.00, 0.00, 0.00, 0.00, 0.00, 0.00, 0.00, 0.00, 76.93, 1.00, 2.98, 37.01, 32.60, 75.93, 32.60, 69.20, 32.20, 64.07, 32.20, 59.60, 34.92, 34.02, -999
03/09/16 05, 3.46, 4.39, 4.67, 3.56, 2.60, 5.04, 2.73, 93.97, 1.00, 93.98, 1.00, 0.00, 0.00, 0.00, 0.00, 0.00, 0.00, 0.00, 0.00, 0.00, 0.00, 0.00, 0.00, 0.00, 0.00, 32.25, 1.00, 0.00, 0.00, 67.98, 1.00, 2.98, 36.21, 32.57, 75.57, 32.57, 67.73, 28.83, 63.32, 28.70, 71.08, 34.85, 33.95, -999
03/09/16 06, 3.61, 5.01, 4.44, 3.06, 2.15, 5.40, 3.55, 94.35, 1.00, 94.37, 1.00, 0.00, 0.00, 0.00, 0.00, 0.00, 0.00, 0.00, 0.00, 50.01, 1.00, 0.00, 0.00, 0.00, 0.00, 32.29, 1.00, 0.00, 0.00, 81.23, 1.00, 2.98, 36.00, 30.58, 74.58, 30.54, 87.85, 28.73, 62.46, 28.61, 70.86, 33.11, 32.21, -999
03/09/16 07, 3.71, 5.34, 4.17, 3.64, 1.62, 5.50, 4.42, 94.45, 1.00, 94.47, 1.00, 0.00, 0.00, 0.00, 0.00, 0.00, 0.00, 0.00, 0.00, 49.96, 1.00, 0.00, 0.00, 0.00, 0.00, 31.69, 1.00, 0.00, 0.00, 79.25, 1.00, 2.98, 35.95, 30.82, 73.61, 30.78, 88.21, 28.85, 61.65, 28.73, 73.10, 33.35, 32.45, -999
03/09/16 08, 3.77, 5.43, 3.87, 4.19, 1.90, 5.50, 4.83, 90.16, 1.00, 90.18, 1.00, 0.00, 0.00, 0.00, 0.00, 0.00, 0.00, 0.00, 0.00, 49.60, 1.00, 38.42, 1.00, 0.00, 0.00, 0.00, 0.00, 0.00, 0.00, 0.00, 0.00, 2.98, 38.22, 28.47, 71.80, 28.43, 86.55, 29.80, 85.48, 29.80, 58.92, 41.98, 29.85, -999
03/09/16 09, 4.14, 4.91, 3.50, 4.43, 2.45, 5.15, 3.19, 90.55, 1.00, 90.56, 1.00, 0.00, 0.00, 0.00, 0.00, 0.00, 0.00, 0.00, 0.00, 49.76, 1.00, 37.95, 1.00, 0.00, 0.00, 0.00, 0.00, 0.00, 0.00, 0.00, 0.00, 2.98, 38.01, 27.93, 70.84, 27.89, 85.69, 29.85, 86.42, 29.85, 56.87, 41.84, 29.31, -999
03/09/16 10, 4.40, 4.38, 3.11, 4.43, 3.04, 5.06, 2.49, 92.52, 1.00, 92.54, 1.00, 0.00, 0.00, 0.00, 0.00, 0.00, 0.00, 0.00, 0.00, 49.58, 1.00, 35.98, 1.00, 0.00, 0.00, 31.67, 1.00, 0.00, 0.00, 0.00, 0.00, 2.98, 36.97, 27.42, 68.83, 27.38, 85.53, 22.51, 82.77, 22.39, 66.81, 40.53, 28.79, -999
03/09/16 11, 4.45, 3.58, 3.30, 4.38, 3.40, 5.17, 2.31, 112.85, 1.00, 0.00, 0.00, 0.00, 0.00, 34.13, 1.00, 0.00, 0.00, 0.00, 0.00, 48.01, 1.00, 35.57, 1.00, 0.00, 0.00, 31.35, 1.00, 0.00, 0.00, 0.00, 0.00, 2.99, 25.85, 23.50, 87.07, 23.56, 84.67, 22.22, 83.20, 22.10, 67.64, 38.38, 25.25, -999
03/09/16 12, 4.32, 2.71, 3.74, 4.35, 3.81, 5.36, 2.50, 113.54, 1.00, 0.00, 0.00, 0.00, 0.00, 33.92, 1.00, 0.00, 0.00, 0.00, 0.00, 47.41, 1.00, 35.26, 1.00, 0.00, 0.00, 31.22, 1.00, 0.00, 0.00, 0.00, 0.00, 2.99, 25.46, 22.72, 86.64, 22.78, 84.98, 21.95, 83.48, 21.84, 67.79, 38.03, 24.47, -999
03/09/16 13, 4.24, 1.85, 4.15, 4.48, 3.61, 5.50, 2.82, 112.74, 1.00, 0.00, 0.00, 0.00, 0.00, 33.36, 1.00, 0.00, 0.00, 0.00, 0.00, 47.53, 1.00, 0.00, 0.00, 0.00, 0.00, 32.43, 1.00, 0.00, 0.00, 0.00, 0.00, 2.99, 25.91, 21.91, 86.75, 21.97, 83.94, 29.00, 62.68, 28.87, 70.60, 38.47, 23.65, -999
03/09/16 14, 4.27, 1.00, 4.55, 4.27, 2.87, 5.50, 3.12, 112.32, 1.00, 0.00, 0.00, 0.00, 0.00, 32.70, 1.00, 0.00, 0.00, 0.00, 0.00, 47.08, 1.00, 0.00, 0.00, 0.00, 0.00, 31.76, 1.00, 0.00, 0.00, 0.00, 0.00, 2.99, 26.15, 21.18, 87.08, 21.24, 84.02, 29.25, 62.54, 29.13, 73.23, 38.65, 22.91, -999
03/09/16 15, 4.14, 0.58, 4.97, 4.25, 2.23, 5.50, 3.81, 116.56, 1.00, 0.00, 0.00, 0.00, 0.00, 33.32, 1.00, 0.00, 0.00, 0.00, 0.00, 47.99, 1.00, 0.00, 0.00, 0.00, 0.00, 31.46, 1.00, 0.00, 0.00, 99.72, 1.00, 2.99, 23.73, 25.31, 90.21, 25.36, 86.50, 27.27, 61.88, 27.15, 72.32, 28.33, 27.43, -999
03/09/16 16, 3.81, 0.96, 5.20, 4.10, 1.58, 5.50, 4.31, 115.72, 1.00, 0.00, 0.00, 0.00, 0.00, 0.00, 0.00, 0.00, 0.00, 0.00, 0.00, 0.00, 0.00, 0.00, 0.00, 0.00, 0.00, 31.18, 1.00, 0.00, 0.00, 74.06, 1.00, 2.99, 24.21, 29.70, 73.89, 29.70, 63.72, 27.75, 60.64, 27.63, 73.73, 32.01, 31.11, -999
03/09/16 17, 3.44, 1.60, 4.86, 3.05, 1.71, 5.46, 4.62, 117.43, 1.00, 0.00, 0.00, 0.00, 0.00, 0.00, 0.00, 0.00, 0.00, 0.00, 0.00, 49.81, 1.00, 37.22, 1.00, 0.00, 0.00, 0.00, 0.00, 0.00, 0.00, 83.53, 1.00, 2.99, 23.23, 27.29, 72.40, 27.25, 84.95, 25.87, 83.82, 25.87, 57.14, 29.84, 28.94, -999
03/09/16 18, 3.09, 1.95, 4.47, 3.19, 2.22, 5.06, 2.72, 117.87, 1.00, 0.00, 0.00, 0.00, 0.00, 0.00, 0.00, 0.00, 0.00, 0.00, 0.00, 49.66, 1.00, 37.11, 1.00, 0.00, 0.00, 0.00, 0.00, 0.00, 0.00, 79.72, 1.00, 2.99, 22.98, 27.47, 73.66, 27.43, 85.43, 25.58, 83.74, 25.58, 57.44, 29.99, 29.09, -999
03/09/16 19, 2.66, 2.20, 4.16, 3.41, 2.61, 5.21, 2.84, 119.56, 1.00, 0.00, 0.00, 0.00, 0.00, 0.00, 0.00, 0.00, 0.00, 0.00, 0.00, 49.47, 1.00, 34.77, 1.00, 0.00, 0.00, 30.50, 1.00, 0.00, 0.00, 70.37, 1.00, 2.99, 22.00, 27.38, 72.47, 27.34, 85.70, 18.71, 81.08, 18.60, 66.98, 29.85, 28.95, -999
03/09/16 20, 2.24, 2.41, 3.81, 3.66, 2.94, 5.35, 2.78, 120.05, 1.00, 0.00, 0.00, 0.00, 0.00, 0.00, 0.00, 0.00, 0.00, 0.00, 0.00, 49.84, 1.00, 34.82, 1.00, 0.00, 0.00, 30.47, 1.00, 0.00, 0.00, 66.50, 1.00, 2.99, 21.72, 27.46, 68.20, 27.42, 85.07, 18.35, 80.64, 18.25, 66.72, 29.92, 29.02, -999
03/09/16 21, 1.82, 2.58, 3.31, 3.69, 3.16, 5.45, 2.62, 120.07, 1.00, 0.00, 0.00, 0.00, 0.00, 0.00, 0.00, 0.00, 0.00, 0.00, 0.00, 50.40, 1.00, 34.51, 1.00, 0.00, 0.00, 30.60, 1.00, 0.00, 0.00, 64.84, 1.00, 2.99, 21.71, 27.57, 68.92, 27.53, 84.09, 18.35, 81.16, 18.24, 66.28, 30.02, 29.12, -999
03/09/16 22, 1.43, 2.63, 3.08, 3.29, 3.45, 5.47, 2.27, 121.91, 1.00, 0.00, 0.00, 0.00, 0.00, 36.84, 1.00, 0.00, 0.00, 0.00, 0.00, 50.10, 1.00, 34.41, 1.00, 0.00, 0.00, 30.47, 1.00, 0.00, 0.00, 60.68, 1.00, 2.99, 20.64, 26.45, 85.31, 26.53, 83.67, 17.22, 80.19, 17.11, 65.59, 29.32, 28.42, -999
03/09/16 23, 0.98, 2.35, 3.45, 2.94, 3.58, 5.37, 1.70, 99.30, 1.00, 99.32, 1.00, 0.00, 0.00, 35.97, 1.00, 0.00, 0.00, 0.00, 0.00, 50.07, 1.00, 34.66, 1.00, 0.00, 0.00, 30.80, 1.00, 0.00, 0.00, 79.50, 1.00, 2.97, 33.34, 26.69, 87.09, 26.76, 83.96, 18.79, 81.34, 18.68, 66.07, 29.65, 28.75, -999
04/09/16 00, 0.82, 2.28, 3.87, 2.83, 3.82, 5.41, 1.52, 98.24, 1.00, 98.26, 1.00, 0.00, 0.00, 33.97, 1.00, 0.00, 0.00, 0.00, 0.00, 49.14, 1.00, 34.21, 1.00, 0.00, 0.00, 30.58, 1.00, 0.00, 0.00, 83.62, 1.00, 2.97, 33.92, 26.70, 90.53, 26.76, 85.76, 19.42, 82.74, 19.31, 67.41, 29.64, 28.74, -999
04/09/16 01, 0.84, 2.29, 4.40, 3.21, 3.60, 5.50, 2.06, 97.35, 1.00, 97.37, 1.00, 0.00, 0.00, 33.19, 1.00, 0.00, 0.00, 0.00, 0.00, 48.21, 1.00, 0.00, 0.00, 0.00, 0.00, 30.60, 1.00, 0.00, 0.00, 87.67, 1.00, 2.97, 34.39, 26.78, 91.89, 26.84, 87.57, 26.29, 64.12, 26.18, 74.21, 29.72, 28.82, -999
04/09/16 02, 0.96, 2.36, 4.95, 3.86, 3.11, 5.50, 3.13, 97.18, 1.00, 97.20, 1.00, 0.00, 0.00, 32.78, 1.00, 0.00, 0.00, 0.00, 0.00, 47.97, 1.00, 0.00, 0.00, 0.00, 0.00, 30.19, 1.00, 0.00, 0.00, 88.08, 1.00, 2.97, 34.49, 26.87, 92.64, 26.93, 88.11, 26.48, 63.76, 26.37, 75.77, 29.81, 28.91, -999
04/09/16 03, 1.09, 2.51, 5.31, 4.52, 2.64, 5.50, 4.30, 95.16, 1.00, 95.18, 1.00, 0.00, 0.00, 0.00, 0.00, 0.00, 0.00, 0.00, 0.00, 0.00, 0.00, 0.00, 0.00, 0.00, 0.00, 29.56, 1.00, 0.00, 0.00, 70.64, 1.00, 2.98, 35.57, 30.93, 76.88, 30.93, 69.58, 27.54, 63.75, 27.43, 78.84, 33.22, 32.32, -999
04/09/16 04, 1.41, 3.28, 5.13, 3.74, 2.29, 5.40, 4.51, 93.83, 1.00, 93.85, 1.00, 0.00, 0.00, 0.00, 0.00, 0.00, 0.00, 0.00, 0.00, 0.00, 0.00, 0.00, 0.00, 0.00, 0.00, 0.00, 0.00, 0.00, 0.00, 72.58, 1.00, 2.98, 36.28, 31.87, 76.77, 31.87, 69.01, 30.80, 63.41, 30.80, 61.31, 34.17, 33.27, -999
04/09/16 05, 1.79, 4.04, 4.95, 3.01, 1.94, 5.20, 3.67, 93.24, 1.00, 93.26, 1.00, 0.00, 0.00, 0.00, 0.00, 0.00, 0.00, 0.00, 0.00, 0.00, 0.00, 0.00, 0.00, 0.00, 0.00, 0.00, 0.00, 0.00, 0.00, 71.16, 1.00, 2.98, 36.59, 32.51, 76.47, 32.51, 68.29, 31.25, 63.01, 31.25, 60.47, 34.80, 33.90, -999
04/09/16 06, 2.11, 4.43, 4.76, 3.89, 1.58, 4.96, 2.81, 94.38, 1.00, 94.39, 1.00, 0.00, 0.00, 0.00, 0.00, 0.00, 0.00, 0.00, 0.00, 48.77, 1.00, 0.00, 0.00, 0.00, 0.00, 0.00, 0.00, 0.00, 0.00, 83.12, 1.00, 2.98, 35.99, 30.16, 75.75, 30.12, 89.81, 30.84, 62.31, 30.84, 59.22, 32.70, 31.80, -999
04/09/16 07, 2.24, 4.74, 4.54, 4.69, 2.08, 4.99, 2.73, 95.29, 1.00, 95.30, 1.00, 0.00, 0.00, 0.00, 0.00, 0.00, 0.00, 0.00, 0.00, 0.00, 0.00, 34.88, 1.00, 0.00, 0.00, 30.31, 1.00, 0.00, 0.00, 59.23, 1.00, 2.98, 35.50, 32.21, 74.22, 32.21, 67.65, 21.16, 83.33, 21.05, 70.04, 34.45, 33.55, -999
04/09/16 08, 2.32, 5.36, 4.25, 3.60, 2.70, 5.32, 3.51, 95.58, 1.00, 95.60, 1.00, 0.00, 0.00, 0.00, 0.00, 0.00, 0.00, 0.00, 0.00, 0.00, 0.00, 34.91, 1.00, 0.00, 0.00, 30.62, 1.00, 0.00, 0.00, 55.06, 1.00, 2.98, 35.35, 32.52, 74.15, 32.52, 65.61, 20.98, 83.11, 20.87, 68.84, 34.73, 33.83, -999
04/09/16 09, 2.54, 5.24, 3.97, 3.24, 3.25, 5.50, 3.94, 93.30, 1.00, 93.32, 1.00, 0.00, 0.00, 0.00, 0.00, 0.00, 0.00, 0.00, 0.00, 49.65, 1.00, 35.39, 1.00, 0.00, 0.00, 29.89, 1.00, 0.00, 0.00, 0.00, 0.00, 2.98, 36.56, 28.28, 72.26, 28.24, 86.27, 21.93, 83.22, 21.83, 72.17, 39.55, 29.66, -999
04/09/16 10, 2.76, 4.72, 3.62, 3.59, 3.69, 5.50, 4.52, 93.38, 1.00, 93.40, 1.00, 0.00, 0.00, 0.00, 0.00, 0.00, 0.00, 0.00, 0.00, 49.80, 1.00, 35.57, 1.00, 0.00, 0.00, 30.31, 1.00, 0.00, 0.00, 0.00, 0.00, 2.98, 36.51, 27.75, 69.81, 27.71, 85.44, 21.83, 82.81, 21.72, 70.72, 39.56, 29.12, -999
04/09/16 11, 2.97, 4.19, 3.18, 3.72, 3.95, 5.50, 4.73, 91.64, 1.00, 91.65, 1.00, 0.00, 0.00, 0.00, 0.00, 0.00, 0.00, 0.00, 0.00, 49.63, 1.00, 0.00, 0.00, 0.00, 0.00, 31.96, 1.00, 0.00, 0.00, 0.00, 0.00, 2.98, 37.44, 27.23, 69.41, 27.19, 85.25, 29.72, 62.95, 29.60, 73.00, 40.97, 28.60, -999
04/09/16 12, 3.44, 3.46, 3.24, 3.77, 3.20, 5.17, 3.23, 90.16, 1.00, 90.18, 1.00, 0.00, 0.00, 33.80, 1.00, 0.00, 0.00, 0.00, 0.00, 48.33, 1.00, 0.00, 0.00, 0.00, 0.00, 0.00, 0.00, 0.00, 0.00, 0.00, 0.00, 2.98, 38.21, 23.38, 87.50, 23.44, 83.96, 33.76, 61.23, 33.76, 56.83, 42.32, 25.13, -999
04/09/16 13, 3.83, 2.59, 3.69, 3.67, 2.32, 5.10, 2.55, 91.12, 1.00, 91.14, 1.00, 0.00, 0.00, 33.92, 1.00, 0.00, 0.00, 0.00, 0.00, 48.04, 1.00, 0.00, 0.00, 0.00, 0.00, 33.18, 1.00, 0.00, 0.00, 0.00, 0.00, 2.98, 37.71, 22.53, 86.44, 22.59, 83.65, 30.15, 60.99, 30.02, 69.02, 41.48, 24.28, -999
04/09/16 14, 4.16, 1.72, 4.10, 3.55, 1.53, 5.35, 2.87, 91.08, 1.00, 91.10, 1.00, 0.00, 0.00, 33.36, 1.00, 0.00, 0.00, 0.00, 0.00, 47.59, 1.00, 0.00, 0.00, 0.00, 0.00, 33.40, 1.00, 0.00, 0.00, 0.00, 0.00, 2.98, 37.73, 21.78, 86.61, 21.84, 83.69, 30.27, 60.52, 30.14, 68.34, 41.58, 23.51, -999
04/09/16 15, 4.33, 0.87, 4.50, 3.54, 1.91, 5.49, 2.79, 92.64, 1.00, 92.66, 1.00, 0.00, 0.00, 32.98, 1.00, 0.00, 0.00, 0.00, 0.00, 47.50, 1.00, 36.02, 1.00, 0.00, 0.00, 31.62, 1.00, 0.00, 0.00, 0.00, 0.00, 2.98, 36.91, 20.97, 86.42, 21.03, 83.06, 22.43, 82.61, 22.31, 66.90, 40.44, 22.71, -999
04/09/16 16, 4.21, 0.63, 4.90, 3.39, 2.37, 5.50, 2.58, 96.54, 1.00, 96.56, 1.00, 0.00, 0.00, 34.91, 1.00, 0.00, 0.00, 0.00, 0.00, 49.30, 1.00, 36.01, 1.00, 0.00, 0.00, 30.84, 1.00, 0.00, 0.00, 105.98, 1.00, 2.98, 34.83, 25.42, 87.68, 25.49, 84.17, 21.09, 81.30, 20.98, 68.23, 28.53, 27.63, -999
04/09/16 17, 3.93, 0.85, 5.31, 3.32, 2.63, 5.50, 2.62, 97.08, 1.00, 97.10, 1.00, 0.00, 0.00, 0.00, 0.00, 0.00, 0.00, 0.00, 0.00, 50.00, 1.00, 35.71, 1.00, 0.00, 0.00, 31.06, 1.00, 0.00, 0.00, 94.89, 1.00, 2.97, 34.54, 27.14, 70.24, 27.10, 84.44, 20.71, 81.45, 20.60, 67.11, 29.76, 28.86, -999
04/09/16 18, 3.65, 1.31, 4.83, 3.26, 2.90, 5.50, 2.37, 96.86, 1.00, 96.88, 1.00, 0.00, 0.00, 0.00, 0.00, 0.00, 0.00, 0.00, 0.00, 50.35, 1.00, 35.47, 1.00, 0.00, 0.00, 31.04, 1.00, 0.00, 0.00, 93.02, 1.00, 2.98, 34.66, 27.47, 71.03, 27.43, 84.09, 20.84, 82.00, 20.73, 67.32, 30.08, 29.18, -999
04/09/16 19, 3.42, 1.76, 4.40, 3.04, 3.24, 5.50, 2.24, 97.02, 1.00, 97.04, 1.00, 0.00, 0.00, 0.00, 0.00, 0.00, 0.00, 0.00, 0.00, 50.50, 1.00, 35.32, 1.00, 0.00, 0.00, 31.01, 1.00, 0.00, 0.00, 90.06, 1.00, 2.98, 34.57, 27.73, 70.11, 27.69, 84.06, 20.72, 82.14, 20.61, 67.28, 30.33, 29.43, -999
04/09/16 20, 3.20, 2.16, 3.95, 2.87, 3.56, 5.50, 2.13, 98.06, 1.00, 98.08, 1.00, 0.00, 0.00, 0.00, 0.00, 0.00, 0.00, 0.00, 0.00, 50.23, 1.00, 35.53, 1.00, 0.00, 0.00, 30.97, 1.00, 0.00, 0.00, 84.29, 1.00, 2.97, 34.02, 27.86, 69.45, 27.82, 84.71, 19.98, 81.02, 19.86, 66.68, 30.42, 29.52, -999
04/09/16 21, 2.93, 2.51, 3.49, 2.96, 3.66, 5.50, 1.91, 97.05, 1.00, 97.07, 1.00, 0.00, 0.00, 0.00, 0.00, 0.00, 0.00, 0.00, 0.00, 50.58, 1.00, 35.26, 1.00, 0.00, 0.00, 30.84, 1.00, 0.00, 0.00, 85.27, 1.00, 2.97, 34.56, 28.24, 71.77, 28.20, 84.40, 20.60, 82.13, 20.48, 67.74, 30.80, 29.90, -999
04/09/16 22, 2.76, 2.87, 3.13, 2.90, 3.94, 5.50, 1.99, 97.31, 1.00, 97.33, 1.00, 0.00, 0.00, 0.00, 0.00, 0.00, 0.00, 0.00, 0.00, 50.36, 1.00, 34.93, 1.00, 0.00, 0.00, 30.56, 1.00, 0.00, 0.00, 82.17, 1.00, 2.97, 34.42, 28.46, 71.69, 28.42, 85.05, 20.54, 82.63, 20.43, 68.60, 31.01, 30.11, -999
04/09/16 23, 2.68, 3.03, 3.31, 3.02, 3.35, 5.50, 2.35, 96.57, 1.00, 96.59, 1.00, 0.00, 0.00, 35.35, 1.00, 0.00, 0.00, 0.00, 0.00, 49.45, 1.00, 0.00, 0.00, 0.00, 0.00, 32.05, 1.00, 0.00, 0.00, 90.27, 1.00, 2.98, 34.81, 27.46, 88.95, 27.53, 85.94, 27.47, 62.83, 27.35, 70.43, 30.47, 29.57, -999
05/09/16 00, 2.67, 3.09, 3.80, 3.38, 2.67, 5.50, 2.73, 96.33, 1.00, 96.35, 1.00, 0.00, 0.00, 35.24, 1.00, 0.00, 0.00, 0.00, 0.00, 49.65, 1.00, 0.00, 0.00, 0.00, 0.00, 31.82, 1.00, 0.00, 0.00, 90.60, 1.00, 2.98, 34.94, 27.52, 89.21, 27.59, 85.62, 27.56, 62.06, 27.44, 71.36, 30.53, 29.63, -999
05/09/16 01, 2.69, 3.15, 4.28, 3.60, 1.98, 5.50, 3.22, 95.60, 1.00, 95.62, 1.00, 0.00, 0.00, 34.10, 1.00, 0.00, 0.00, 0.00, 0.00, 48.53, 1.00, 0.00, 0.00, 0.00, 0.00, 31.11, 1.00, 0.00, 0.00, 92.50, 1.00, 2.98, 35.33, 27.67, 91.29, 27.73, 87.87, 27.91, 61.96, 27.80, 74.13, 30.66, 29.76, -999
05/09/16 02, 2.77, 3.26, 4.81, 4.22, 1.39, 5.50, 4.09, 95.73, 1.00, 95.74, 1.00, 0.00, 0.00, 33.50, 1.00, 0.00, 0.00, 0.00, 0.00, 48.85, 1.00, 35.41, 1.00, 0.00, 0.00, 29.35, 1.00, 0.00, 0.00, 90.90, 1.00, 2.98, 35.27, 27.76, 92.37, 27.82, 87.36, 21.54, 82.83, 21.44, 73.51, 30.74, 29.84, -999
05/09/16 03, 2.75, 3.52, 5.27, 4.06, 2.00, 5.47, 4.64, 94.20, 1.00, 94.22, 1.00, 0.00, 0.00, 0.00, 0.00, 0.00, 0.00, 0.00, 0.00, 0.00, 0.00, 36.69, 1.00, 0.00, 0.00, 0.00, 0.00, 0.00, 0.00, 70.38, 1.00, 2.98, 36.08, 31.92, 76.03, 31.92, 67.98, 27.76, 86.67, 27.76, 60.74, 34.21, 33.31, -999
05/09/16 04, 2.93, 4.26, 5.03, 3.10, 2.79, 5.22, 3.57, 93.52, 1.00, 93.54, 1.00, 0.00, 0.00, 0.00, 0.00, 0.00, 0.00, 0.00, 0.00, 0.00, 0.00, 36.48, 1.00, 0.00, 0.00, 0.00, 0.00, 0.00, 0.00, 69.05, 1.00, 2.98, 36.44, 32.54, 76.42, 32.54, 66.58, 28.18, 87.48, 28.18, 59.09, 34.82, 33.92, -999
05/09/16 05, 3.07, 4.66, 4.84, 3.59, 3.58, 5.00, 2.58, 94.45, 1.00, 94.46, 1.00, 0.00, 0.00, 0.00, 0.00, 0.00, 0.00, 0.00, 0.00, 49.44, 1.00, 34.89, 1.00, 0.00, 0.00, 30.40, 1.00, 0.00, 0.00, 80.91, 1.00, 2.98, 35.95, 30.24, 75.40, 30.20, 88.61, 22.02, 84.18, 21.91, 70.62, 32.77, 31.87, -999
05/09/16 06, 3.14, 4.99, 4.59, 4.24, 3.86, 5.37, 3.52, 94.96, 1.00, 94.98, 1.00, 0.00, 0.00, 0.00, 0.00, 0.00, 0.00, 0.00, 0.00, 49.42, 1.00, 0.00, 0.00, 0.00, 0.00, 31.96, 1.00, 0.00, 0.00, 78.40, 1.00, 2.98, 35.68, 30.47, 74.19, 30.43, 88.88, 28.30, 65.04, 28.18, 71.60, 32.98, 32.08, -999
05/09/16 07, 3.29, 5.48, 4.30, 4.01, 3.53, 5.50, 4.57, 94.64, 1.00, 94.65, 1.00, 0.00, 0.00, 0.00, 0.00, 0.00, 0.00, 0.00, 0.00, 0.00, 0.00, 0.00, 0.00, 0.00, 0.00, 31.23, 1.00, 0.00, 0.00, 60.21, 1.00, 2.98, 35.85, 33.02, 74.16, 33.02, 67.72, 28.62, 62.98, 28.50, 74.44, 35.26, 34.36, -999
05/09/16 08, 3.72, 5.50, 4.01, 3.02, 2.85, 5.33, 4.14, 90.06, 1.00, 90.08, 1.00, 0.00, 0.00, 0.00, 0.00, 0.00, 0.00, 0.00, 0.00, 0.00, 0.00, 0.00, 0.00, 0.00, 0.00, 0.00, 0.00, 0.00, 0.00, 0.00, 0.00, 2.98, 38.27, 30.50, 70.22, 30.50, 56.74, 33.93, 61.14, 33.93, 57.03, 42.45, 31.69, -999
05/09/16 09, 4.16, 4.97, 3.58, 2.74, 2.00, 5.00, 2.53, 91.35, 1.00, 91.37, 1.00, 0.00, 0.00, 0.00, 0.00, 0.00, 0.00, 0.00, 0.00, 50.63, 1.00, 0.00, 0.00, 0.00, 0.00, 33.33, 1.00, 0.00, 0.00, 0.00, 0.00, 2.98, 37.59, 27.93, 70.14, 27.89, 83.98, 30.16, 59.82, 30.03, 68.49, 41.42, 29.31, -999
05/09/16 10, 4.43, 4.43, 3.16, 2.61, 1.40, 5.21, 2.67, 92.27, 1.00, 92.29, 1.00, 0.00, 0.00, 0.00, 0.00, 0.00, 0.00, 0.00, 0.00, 49.91, 1.00, 36.30, 1.00, 0.00, 0.00, 31.45, 1.00, 0.00, 0.00, 0.00, 0.00, 2.98, 37.11, 27.45, 69.58, 27.41, 84.93, 22.62, 82.30, 22.50, 67.70, 40.67, 28.82, -999
05/09/16 11, 4.41, 3.72, 3.16, 2.80, 1.85, 5.39, 2.78, 113.38, 1.00, 0.00, 0.00, 0.00, 0.00, 34.35, 1.00, 0.00, 0.00, 0.00, 0.00, 48.46, 1.00, 36.31, 1.00, 0.00, 0.00, 30.91, 1.00, 0.00, 0.00, 0.00, 0.00, 2.99, 25.55, 23.56, 86.77, 23.63, 83.90, 21.87, 81.53, 21.75, 68.75, 38.12, 25.33, -999
05/09/16 12, 4.25, 2.85, 3.59, 2.92, 2.18, 5.50, 3.34, 112.58, 1.00, 0.00, 0.00, 0.00, 0.00, 33.48, 1.00, 0.00, 0.00, 0.00, 0.00, 46.20, 1.00, 36.01, 1.00, 0.00, 0.00, 30.10, 1.00, 0.00, 0.00, 0.00, 0.00, 2.99, 26.00, 23.04, 87.67, 23.10, 87.41, 22.49, 82.69, 22.38, 72.07, 38.43, 24.77, -999
05/09/16 13, 4.17, 2.01, 4.04, 3.71, 2.62, 5.50, 3.98, 112.90, 1.00, 0.00, 0.00, 0.00, 0.00, 34.22, 1.00, 0.00, 0.00, 0.00, 0.00, 46.94, 1.00, 35.67, 1.00, 0.00, 0.00, 30.13, 1.00, 0.00, 0.00, 0.00, 0.00, 2.99, 25.82, 22.03, 85.45, 22.10, 85.13, 22.40, 83.21, 22.29, 71.89, 38.27, 23.78, -999
05/09/16 14, 4.07, 1.15, 4.39, 4.03, 3.11, 5.50, 4.49, 113.55, 1.00, 0.00, 0.00, 0.00, 0.00, 32.18, 1.00, 0.00, 0.00, 0.00, 0.00, 47.27, 1.00, 35.60, 1.00, 0.00, 0.00, 29.63, 1.00, 0.00, 0.00, 0.00, 0.00, 2.99, 25.45, 21.37, 88.08, 21.43, 83.86, 22.20, 83.12, 22.09, 73.27, 37.95, 23.09, -999
05/09/16 15, 3.90, 0.53, 4.85, 4.00, 3.56, 5.34, 4.07, 117.53, 1.00, 0.00, 0.00, 0.00, 0.00, 33.78, 1.00, 0.00, 0.00, 0.00, 0.00, 48.58, 1.00, 36.47, 1.00, 0.00, 0.00, 0.00, 0.00, 0.00, 0.00, 96.47, 1.00, 2.99, 23.18, 25.14, 89.28, 25.20, 85.25, 26.01, 85.32, 26.01, 56.40, 28.15, 27.25, -999
05/09/16 16, 3.49, 0.66, 5.31, 4.14, 4.07, 5.02, 2.49, 116.80, 1.00, 0.00, 0.00, 0.00, 0.00, 0.00, 0.00, 0.00, 0.00, 0.00, 0.00, 49.06, 1.00, 0.00, 0.00, 0.00, 0.00, 32.51, 1.00, 0.00, 0.00, 90.52, 1.00, 2.99, 23.59, 26.76, 73.70, 26.72, 85.86, 26.86, 63.39, 26.73, 68.18, 29.34, 28.44, -999
05/09/16 17, 3.16, 1.09, 4.96, 4.32, 3.37, 5.24, 2.67, 116.86, 1.00, 0.00, 0.00, 0.00, 0.00, 0.00, 0.00, 0.00, 0.00, 0.00, 0.00, 48.84, 1.00, 0.00, 0.00, 0.00, 0.00, 32.14, 1.00, 0.00, 0.00, 87.79, 1.00, 2.99, 23.56, 27.05, 72.16, 27.01, 86.57, 26.82, 62.99, 26.70, 69.48, 29.61, 28.71, -999
05/09/16 18, 2.90, 1.61, 4.56, 4.05, 2.71, 5.50, 3.19, 116.94, 1.00, 0.00, 0.00, 0.00, 0.00, 0.00, 0.00, 0.00, 0.00, 0.00, 0.00, 0.00, 0.00, 0.00, 0.00, 0.00, 0.00, 31.62, 1.00, 0.00, 0.00, 66.73, 1.00, 2.99, 23.51, 29.69, 73.19, 29.69, 64.29, 26.86, 62.24, 26.75, 71.36, 31.96, 31.06, -999
05/09/16 19, 2.63, 2.21, 4.22, 3.07, 2.04, 5.50, 3.62, 117.82, 1.00, 0.00, 0.00, 0.00, 0.00, 0.00, 0.00, 0.00, 0.00, 0.00, 0.00, 50.45, 1.00, 0.00, 0.00, 0.00, 0.00, 32.04, 1.00, 0.00, 0.00, 78.29, 1.00, 2.99, 23.01, 27.63, 71.51, 27.59, 84.05, 26.24, 61.10, 26.12, 69.25, 30.15, 29.25, -999
05/09/16 20, 2.31, 2.47, 3.83, 2.90, 1.60, 5.50, 3.49, 120.13, 1.00, 0.00, 0.00, 0.00, 0.00, 0.00, 0.00, 0.00, 0.00, 0.00, 0.00, 50.38, 1.00, 35.34, 1.00, 0.00, 0.00, 29.63, 1.00, 0.00, 0.00, 65.91, 1.00, 2.99, 21.67, 27.49, 71.19, 27.45, 84.05, 18.39, 79.77, 18.29, 69.47, 29.95, 29.05, -999
05/09/16 21, 1.88, 2.63, 3.44, 2.78, 1.83, 5.50, 3.71, 120.05, 1.00, 0.00, 0.00, 0.00, 0.00, 0.00, 0.00, 0.00, 0.00, 0.00, 0.00, 50.65, 1.00, 35.03, 1.00, 0.00, 0.00, 29.86, 1.00, 0.00, 0.00, 64.67, 1.00, 2.99, 21.72, 27.61, 69.23, 27.57, 83.62, 18.43, 80.35, 18.32, 68.77, 30.06, 29.16, -999
05/09/16 22, 1.49, 2.76, 2.99, 2.51, 2.14, 5.50, 3.71, 121.05, 1.00, 0.00, 0.00, 0.00, 0.00, 35.71, 1.00, 0.00, 0.00, 0.00, 0.00, 50.11, 1.00, 34.58, 1.00, 0.00, 0.00, 30.00, 1.00, 0.00, 0.00, 63.04, 1.00, 2.99, 21.14, 26.73, 87.60, 26.80, 83.92, 17.84, 80.53, 17.73, 67.74, 29.59, 28.69, -999
05/09/16 23, 1.08, 2.52, 3.44, 2.50, 2.48, 5.50, 3.46, 121.81, 1.00, 0.00, 0.00, 0.00, 0.00, 35.81, 1.00, 0.00, 0.00, 0.00, 0.00, 50.03, 1.00, 34.70, 1.00, 0.00, 0.00, 29.43, 1.00, 0.00, 0.00, 61.23, 1.00, 2.99, 20.69, 26.42, 87.12, 26.49, 83.76, 17.43, 79.91, 17.33, 69.14, 29.28, 28.38, -999
06/09/16 00, 0.86, 2.40, 3.87, 2.47, 2.69, 5.50, 3.66, 98.65, 1.00, 98.67, 1.00, 0.00, 0.00, 35.38, 1.00, 0.00, 0.00, 0.00, 0.00, 49.64, 1.00, 34.70, 1.00, 0.00, 0.00, 29.52, 1.00, 0.00, 0.00, 81.36, 1.00, 2.97, 33.69, 26.78, 88.22, 26.85, 84.89, 19.39, 81.88, 19.29, 70.82, 29.74, 28.84, -999
06/09/16 01, 0.76, 2.36, 4.32, 2.73, 3.11, 5.50, 4.10, 97.44, 1.00, 97.46, 1.00, 0.00, 0.00, 34.34, 1.00, 0.00, 0.00, 0.00, 0.00, 49.38, 1.00, 33.89, 1.00, 0.00, 0.00, 29.22, 1.00, 0.00, 0.00, 85.81, 1.00, 2.97, 34.35, 26.78, 90.00, 26.84, 85.39, 20.11, 83.96, 20.01, 72.48, 29.74, 28.84, -999
06/09/16 02, 0.78, 2.38, 4.82, 3.05, 3.77, 5.50, 4.76, 97.57, 1.00, 97.59, 1.00, 0.00, 0.00, 33.00, 1.00, 0.00, 0.00, 0.00, 0.00, 48.49, 1.00, 34.07, 1.00, 0.00, 0.00, 28.48, 1.00, 0.00, 0.00, 85.11, 1.00, 2.97, 34.28, 26.84, 92.26, 26.90, 87.12, 20.20, 83.75, 20.10, 74.82, 29.77, 28.87, -999
06/09/16 03, 0.96, 2.47, 5.37, 3.64, 3.81, 5.24, 3.63, 96.04, 1.00, 96.06, 1.00, 0.00, 0.00, 0.00, 0.00, 0.00, 0.00, 0.00, 0.00, 48.02, 1.00, 0.00, 0.00, 0.00, 0.00, 0.00, 0.00, 0.00, 0.00, 86.37, 1.00, 2.98, 35.10, 28.40, 75.91, 28.36, 89.44, 29.56, 64.56, 29.56, 59.81, 30.95, 30.05, -999
06/09/16 04, 1.24, 2.87, 5.12, 4.47, 3.37, 4.96, 2.56, 95.07, 1.00, 95.09, 1.00, 0.00, 0.00, 0.00, 0.00, 0.00, 0.00, 0.00, 0.00, 48.08, 1.00, 0.00, 0.00, 0.00, 0.00, 0.00, 0.00, 0.00, 0.00, 87.85, 1.00, 2.98, 35.62, 28.88, 75.54, 28.84, 89.82, 30.08, 64.27, 30.08, 59.27, 31.44, 30.54, -999
06/09/16 05, 1.52, 3.60, 4.87, 3.68, 2.97, 5.19, 3.09, 94.24, 1.00, 94.26, 1.00, 0.00, 0.00, 0.00, 0.00, 0.00, 0.00, 0.00, 0.00, 0.00, 0.00, 0.00, 0.00, 0.00, 0.00, 31.85, 1.00, 0.00, 0.00, 68.57, 1.00, 2.98, 36.06, 31.83, 75.78, 31.83, 67.82, 27.83, 63.64, 27.71, 71.50, 34.11, 33.21, -999
06/09/16 06, 1.79, 4.23, 4.64, 3.17, 2.51, 5.50, 4.03, 96.29, 1.00, 96.31, 1.00, 0.00, 0.00, 0.00, 0.00, 0.00, 0.00, 0.00, 0.00, 50.60, 1.00, 0.00, 0.00, 0.00, 0.00, 29.73, 1.00, 0.00, 0.00, 76.26, 1.00, 2.98, 34.96, 29.56, 75.54, 29.52, 85.67, 27.36, 63.18, 27.26, 78.13, 32.07, 31.17, -999
06/09/16 07, 1.96, 4.51, 4.42, 3.35, 2.05, 5.44, 4.71, 95.56, 1.00, 95.58, 1.00, 0.00, 0.00, 0.00, 0.00, 0.00, 0.00, 0.00, 0.00, 49.72, 1.00, 0.00, 0.00, 0.00, 0.00, 0.00, 0.00, 0.00, 0.00, 78.55, 1.00, 2.98, 35.36, 29.97, 73.26, 29.93, 87.82, 30.32, 61.37, 30.32, 58.54, 32.49, 31.59, -999
06/09/16 08, 2.20, 4.81, 4.09, 3.91, 1.35, 5.09, 3.07, 95.02, 1.00, 95.04, 1.00, 0.00, 0.00, 0.00, 0.00, 0.00, 0.00, 0.00, 0.00, 50.49, 1.00, 37.80, 1.00, 0.00, 0.00, 0.00, 0.00, 0.00, 0.00, 77.62, 1.00, 2.98, 35.65, 30.20, 72.54, 30.16, 86.53, 26.96, 83.94, 26.96, 59.16, 32.72, 31.82, -999
06/09/16 09, 2.34, 5.09, 3.74, 4.13, 1.84, 4.95, 2.43, 96.68, 1.00, 96.69, 1.00, 0.00, 0.00, 0.00, 0.00, 0.00, 0.00, 0.00, 0.00, 50.45, 1.00, 35.58, 1.00, 0.00, 0.00, 30.91, 1.00, 0.00, 0.00, 69.74, 1.00, 2.98, 34.76, 30.21, 70.52, 30.17, 86.63, 20.40, 81.37, 20.29, 67.31, 32.68, 31.78, -999
06/09/16 10, 2.27, 5.29, 3.32, 4.32, 2.22, 5.13, 2.56, 97.41, 1.00, 97.43, 1.00, 0.00, 0.00, 0.00, 0.00, 0.00, 0.00, 0.00, 0.00, 49.99, 1.00, 35.32, 1.00, 0.00, 0.00, 30.90, 1.00, 0.00, 0.00, 65.46, 1.00, 2.97, 34.36, 30.31, 69.98, 30.27, 87.62, 20.07, 81.49, 19.96, 67.01, 32.76, 31.86, -999
06/09/16 11, 2.23, 5.50, 2.91, 3.85, 2.59, 5.28, 2.54, 94.86, 1.00, 94.88, 1.00, 0.00, 0.00, 35.69, 1.00, 0.00, 0.00, 0.00, 0.00, 0.00, 0.00, 35.59, 1.00, 0.00, 0.00, 30.48, 1.00, 0.00, 0.00, 0.00, 0.00, 2.98, 35.73, 29.33, 90.25, 29.44, 62.30, 20.84, 81.78, 20.73, 69.17, 38.59, 30.73, -999
06/09/16 12, 2.39, 5.00, 3.43, 2.69, 2.93, 5.50, 3.21, 90.82, 1.00, 90.83, 1.00, 0.00, 0.00, 35.62, 1.00, 0.00, 0.00, 0.00, 0.00, 48.24, 1.00, 35.99, 1.00, 0.00, 0.00, 31.00, 1.00, 0.00, 0.00, 0.00, 0.00, 2.98, 37.87, 24.71, 85.73, 24.78, 85.45, 22.69, 82.93, 22.58, 69.27, 40.93, 26.49, -999
06/09/16 13, 2.73, 4.11, 3.81, 3.11, 3.32, 5.50, 3.32, 93.62, 1.00, 93.64, 1.00, 0.00, 0.00, 31.81, 1.00, 0.00, 0.00, 0.00, 0.00, 47.79, 1.00, 35.01, 1.00, 0.00, 0.00, 30.04, 1.00, 0.00, 0.00, 0.00, 0.00, 2.98, 36.39, 24.32, 91.61, 24.37, 85.89, 21.92, 83.87, 21.81, 71.68, 39.43, 26.04, -999
06/09/16 14, 2.92, 3.27, 4.37, 3.58, 3.86, 5.50, 3.91, 93.51, 1.00, 93.53, 1.00, 0.00, 0.00, 33.51, 1.00, 0.00, 0.00, 0.00, 0.00, 48.17, 1.00, 35.18, 1.00, 0.00, 0.00, 29.55, 1.00, 0.00, 0.00, 0.00, 0.00, 2.98, 36.45, 23.24, 87.83, 23.30, 84.11, 22.14, 83.79, 22.03, 73.47, 39.55, 24.99, -999
06/09/16 15, 3.18, 2.41, 4.80, 3.60, 3.75, 5.50, 4.79, 91.57, 1.00, 91.59, 1.00, 0.00, 0.00, 32.05, 1.00, 0.00, 0.00, 0.00, 0.00, 47.34, 1.00, 0.00, 0.00, 0.00, 0.00, 31.61, 1.00, 0.00, 0.00, 0.00, 0.00, 2.98, 37.47, 22.64, 89.55, 22.69, 85.02, 29.90, 62.33, 29.78, 74.41, 41.07, 24.36, -999
06/09/16 16, 3.66, 1.57, 5.28, 3.89, 2.95, 5.14, 3.14, 88.56, 1.00, 88.57, 1.00, 0.00, 0.00, 32.84, 1.00, 0.00, 0.00, 0.00, 0.00, 47.05, 1.00, 0.00, 0.00, 0.00, 0.00, 0.00, 0.00, 0.00, 0.00, 0.00, 0.00, 2.98, 39.05, 21.74, 87.40, 21.80, 84.64, 34.59, 62.14, 34.59, 57.04, 43.35, 23.47, -999
06/09/16 17, 4.11, 1.04, 4.92, 4.12, 2.23, 5.08, 2.53, 88.57, 1.00, 88.58, 1.00, 0.00, 0.00, 0.00, 0.00, 0.00, 0.00, 0.00, 0.00, 47.79, 1.00, 0.00, 0.00, 0.00, 0.00, 33.50, 1.00, 0.00, 0.00, 0.00, 0.00, 2.98, 39.05, 24.21, 74.33, 24.18, 85.68, 31.45, 61.79, 31.31, 69.15, 43.06, 25.57, -999
06/09/16 18, 4.51, 0.53, 4.61, 4.39, 1.56, 5.34, 2.85, 111.58, 1.00, 0.00, 0.00, 0.00, 0.00, 0.00, 0.00, 0.00, 0.00, 0.00, 0.00, 47.87, 1.00, 0.00, 0.00, 0.00, 0.00, 32.90, 1.00, 0.00, 0.00, 0.00, 0.00, 2.99, 26.57, 23.70, 72.64, 23.66, 85.03, 29.45, 60.98, 29.33, 69.35, 39.05, 25.06, -999
06/09/16 19, 4.09, 0.90, 4.25, 4.51, 1.92, 5.50, 3.14, 116.77, 1.00, 0.00, 0.00, 0.00, 0.00, 0.00, 0.00, 0.00, 0.00, 0.00, 0.00, 0.00, 0.00, 35.25, 1.00, 0.00, 0.00, 30.35, 1.00, 0.00, 0.00, 70.74, 1.00, 2.99, 23.61, 29.32, 69.16, 29.32, 59.03, 20.49, 82.02, 20.38, 69.24, 31.62, 30.72, -999
06/09/16 20, 3.70, 1.63, 3.77, 2.59, 2.39, 5.50, 3.31, 119.86, 1.00, 0.00, 0.00, 0.00, 0.00, 0.00, 0.00, 0.00, 0.00, 0.00, 0.00, 50.01, 1.00, 35.17, 1.00, 0.00, 0.00, 30.25, 1.00, 0.00, 0.00, 73.99, 1.00, 2.99, 21.83, 26.91, 68.79, 26.86, 84.19, 18.58, 80.26, 18.47, 67.67, 29.40, 28.50, -999
06/09/16 21, 3.18, 1.87, 3.30, 2.65, 2.59, 5.50, 3.12, 119.99, 1.00, 0.00, 0.00, 0.00, 0.00, 0.00, 0.00, 0.00, 0.00, 0.00, 0.00, 50.19, 1.00, 34.86, 1.00, 0.00, 0.00, 29.82, 1.00, 0.00, 0.00, 71.57, 1.00, 2.99, 21.75, 27.06, 68.88, 27.01, 83.98, 18.63, 80.84, 18.52, 69.09, 29.54, 28.64, -999
06/09/16 22, 2.70, 1.96, 3.15, 2.60, 2.88, 5.50, 3.31, 120.58, 1.00, 0.00, 0.00, 0.00, 0.00, 36.34, 1.00, 0.00, 0.00, 0.00, 0.00, 50.25, 1.00, 34.55, 1.00, 0.00, 0.00, 29.90, 1.00, 0.00, 0.00, 72.05, 1.00, 2.99, 21.41, 26.15, 85.91, 26.23, 83.08, 18.28, 81.02, 18.17, 68.49, 29.08, 28.18, -999
06/09/16 23, 2.22, 1.80, 3.54, 2.27, 3.19, 5.50, 3.34, 120.83, 1.00, 0.00, 0.00, 0.00, 0.00, 35.39, 1.00, 0.00, 0.00, 0.00, 0.00, 49.91, 1.00, 34.24, 1.00, 0.00, 0.00, 29.89, 1.00, 0.00, 0.00, 71.48, 1.00, 2.99, 21.26, 26.03, 87.46, 26.10, 83.62, 18.15, 81.42, 18.05, 68.40, 28.93, 28.03, -999
07/09/16 00, 1.76, 1.65, 3.97, 2.28, 3.54, 5.50, 3.34, 121.19, 1.00, 0.00, 0.00, 0.00, 0.00, 34.40, 1.00, 0.00, 0.00, 0.00, 0.00, 48.45, 1.00, 33.92, 1.00, 0.00, 0.00, 29.51, 1.00, 0.00, 0.00, 70.27, 1.00, 2.99, 21.06, 25.94, 89.05, 26.00, 86.31, 18.07, 81.87, 17.96, 69.53, 28.80, 27.90, -999
07/09/16 01, 1.31, 1.51, 4.45, 2.87, 3.93, 5.50, 3.60, 119.78, 1.00, 0.00, 0.00, 0.00, 0.00, 33.47, 1.00, 0.00, 0.00, 0.00, 0.00, 47.97, 1.00, 33.58, 1.00, 0.00, 0.00, 28.39, 1.00, 0.00, 0.00, 76.77, 1.00, 2.99, 21.87, 25.94, 90.60, 26.00, 87.17, 19.24, 83.60, 19.14, 74.12, 28.82, 27.92, -999
07/09/16 02, 1.08, 1.52, 4.96, 3.53, 3.54, 5.50, 4.74, 119.07, 1.00, 0.00, 0.00, 0.00, 0.00, 33.02, 1.00, 0.00, 0.00, 0.00, 0.00, 48.14, 1.00, 0.00, 0.00, 0.00, 0.00, 29.90, 1.00, 0.00, 0.00, 80.98, 1.00, 2.99, 22.28, 25.97, 91.36, 26.03, 86.88, 25.54, 63.93, 25.43, 75.75, 28.87, 27.97, -999
07/09/16 03, 1.08, 1.66, 5.28, 4.06, 3.03, 5.23, 3.57, 96.02, 1.00, 96.04, 1.00, 0.00, 0.00, 0.00, 0.00, 0.00, 0.00, 0.00, 0.00, 47.97, 1.00, 0.00, 0.00, 0.00, 0.00, 0.00, 0.00, 0.00, 0.00, 90.66, 1.00, 2.98, 35.11, 27.84, 76.16, 27.80, 88.97, 29.59, 63.68, 29.59, 60.21, 30.42, 29.52, -999
07/09/16 04, 1.37, 2.25, 5.06, 4.15, 2.56, 4.97, 2.65, 94.57, 1.00, 94.59, 1.00, 0.00, 0.00, 0.00, 0.00, 0.00, 0.00, 0.00, 0.00, 0.00, 0.00, 0.00, 0.00, 0.00, 0.00, 0.00, 0.00, 0.00, 0.00, 75.07, 1.00, 2.98, 35.88, 31.08, 76.76, 31.08, 68.42, 30.44, 63.37, 30.44, 60.21, 33.39, 32.49, -999
07/09/16 05, 1.65, 3.02, 4.89, 3.24, 2.14, 5.09, 3.05, 94.84, 1.00, 94.85, 1.00, 0.00, 0.00, 0.00, 0.00, 0.00, 0.00, 0.00, 0.00, 0.00, 0.00, 0.00, 0.00, 0.00, 0.00, 31.86, 1.00, 0.00, 0.00, 69.74, 1.00, 2.98, 35.74, 31.36, 75.63, 31.36, 67.16, 27.62, 62.40, 27.50, 71.27, 33.65, 32.75, -999
07/09/16 06, 1.84, 3.48, 4.65, 3.52, 1.60, 5.45, 3.88, 95.79, 1.00, 95.81, 1.00, 0.00, 0.00, 0.00, 0.00, 0.00, 0.00, 0.00, 0.00, 49.36, 1.00, 0.00, 0.00, 0.00, 0.00, 31.85, 1.00, 0.00, 0.00, 82.00, 1.00, 2.98, 35.23, 29.12, 74.21, 29.08, 87.65, 27.28, 61.65, 27.16, 70.97, 31.66, 30.76, -999
07/09/16 07, 1.90, 3.81, 4.35, 4.06, 1.87, 5.50, 4.71, 96.22, 1.00, 96.24, 1.00, 0.00, 0.00, 0.00, 0.00, 0.00, 0.00, 0.00, 0.00, 48.82, 1.00, 34.56, 1.00, 0.00, 0.00, 28.98, 1.00, 0.00, 0.00, 77.80, 1.00, 2.98, 35.00, 29.29, 73.69, 29.25, 88.85, 21.09, 83.81, 20.99, 74.20, 31.80, 30.90, -999
07/09/16 08, 2.04, 4.25, 4.05, 4.16, 2.64, 5.24, 3.59, 95.33, 1.00, 95.35, 1.00, 0.00, 0.00, 0.00, 0.00, 0.00, 0.00, 0.00, 0.00, 0.00, 0.00, 37.23, 1.00, 0.00, 0.00, 0.00, 0.00, 0.00, 0.00, 62.38, 1.00, 2.98, 35.48, 31.97, 75.95, 31.97, 63.21, 26.83, 84.75, 26.83, 59.61, 34.22, 33.32, -999
07/09/16 09, 2.21, 4.90, 3.89, 2.68, 3.15, 4.95, 2.47, 97.50, 1.00, 97.51, 1.00, 0.00, 0.00, 0.00, 0.00, 0.00, 0.00, 0.00, 0.00, 50.71, 1.00, 35.59, 1.00, 0.00, 0.00, 30.81, 1.00, 0.00, 0.00, 67.91, 1.00, 2.97, 34.32, 29.95, 69.84, 29.91, 85.84, 19.96, 80.91, 19.85, 67.20, 32.42, 31.52, -999
07/09/16 10, 2.09, 5.07, 3.45, 2.97, 3.29, 5.12, 2.56, 96.88, 1.00, 96.90, 1.00, 0.00, 0.00, 0.00, 0.00, 0.00, 0.00, 0.00, 0.00, 50.98, 1.00, 34.99, 1.00, 0.00, 0.00, 31.05, 1.00, 0.00, 0.00, 68.62, 1.00, 2.98, 34.65, 30.14, 70.74, 30.10, 85.49, 20.29, 82.28, 20.18, 66.73, 32.61, 31.71, -999
07/09/16 11, 2.03, 5.25, 3.05, 3.11, 3.66, 5.24, 2.42, 97.04, 1.00, 97.06, 1.00, 0.00, 0.00, 0.00, 0.00, 0.00, 0.00, 0.00, 0.00, 51.14, 1.00, 34.38, 1.00, 0.00, 0.00, 30.78, 1.00, 0.00, 0.00, 66.69, 1.00, 2.97, 34.56, 30.27, 71.64, 30.22, 85.30, 20.41, 83.44, 20.29, 67.75, 32.73, 31.83, -999
07/09/16 12, 2.00, 5.14, 3.44, 3.15, 3.80, 5.45, 2.70, 97.96, 1.00, 97.98, 1.00, 0.00, 0.00, 35.61, 1.00, 0.00, 0.00, 0.00, 0.00, 50.83, 1.00, 0.00, 0.00, 0.00, 0.00, 32.36, 1.00, 0.00, 0.00, 68.85, 1.00, 2.97, 34.06, 29.26, 90.29, 29.32, 85.03, 26.53, 62.52, 26.41, 68.40, 32.16, 31.26, -999
07/09/16 13, 1.97, 4.95, 3.96, 3.17, 3.01, 5.50, 3.06, 95.95, 1.00, 95.97, 1.00, 0.00, 0.00, 35.37, 1.00, 0.00, 0.00, 0.00, 0.00, 50.02, 1.00, 0.00, 0.00, 0.00, 0.00, 31.60, 1.00, 0.00, 0.00, 77.05, 1.00, 2.98, 35.15, 29.28, 90.75, 29.35, 86.65, 27.33, 62.05, 27.21, 71.87, 32.22, 31.32, -999
07/09/16 14, 2.11, 4.87, 4.48, 3.57, 2.27, 5.50, 3.59, 97.18, 1.00, 97.20, 1.00, 0.00, 0.00, 34.92, 1.00, 0.00, 0.00, 0.00, 0.00, 50.53, 1.00, 0.00, 0.00, 0.00, 0.00, 31.55, 1.00, 0.00, 0.00, 73.34, 1.00, 2.97, 34.49, 29.14, 91.37, 29.20, 85.51, 26.95, 60.63, 26.84, 71.66, 32.05, 31.15, -999
07/09/16 15, 2.13, 4.75, 5.01, 3.64, 1.53, 5.50, 4.00, 96.86, 1.00, 96.88, 1.00, 0.00, 0.00, 36.02, 1.00, 0.00, 0.00, 0.00, 0.00, 49.91, 1.00, 35.54, 1.00, 0.00, 0.00, 30.11, 1.00, 0.00, 0.00, 74.69, 1.00, 2.98, 34.66, 29.02, 89.33, 29.09, 86.60, 20.45, 81.48, 20.34, 69.98, 31.95, 31.05, -999
07/09/16 16, 2.06, 4.72, 5.23, 3.96, 1.95, 5.50, 4.17, 96.67, 1.00, 96.69, 1.00, 0.00, 0.00, 0.00, 0.00, 0.00, 0.00, 0.00, 0.00, 50.55, 1.00, 35.49, 1.00, 0.00, 0.00, 29.65, 1.00, 0.00, 0.00, 71.58, 1.00, 2.98, 34.76, 29.89, 73.08, 29.85, 86.10, 20.60, 81.72, 20.50, 71.62, 32.38, 31.48, -999
07/09/16 17, 2.02, 4.93, 4.86, 4.08, 2.37, 5.50, 4.65, 96.77, 1.00, 96.79, 1.00, 0.00, 0.00, 0.00, 0.00, 0.00, 0.00, 0.00, 0.00, 50.10, 1.00, 35.04, 1.00, 0.00, 0.00, 29.72, 1.00, 0.00, 0.00, 69.60, 1.00, 2.98, 34.71, 30.06, 72.15, 30.02, 87.17, 20.62, 82.52, 20.52, 71.41, 32.53, 31.63, -999
07/09/16 18, 2.04, 5.14, 4.47, 4.41, 2.90, 5.31, 3.92, 96.65, 1.00, 96.67, 1.00, 0.00, 0.00, 0.00, 0.00, 0.00, 0.00, 0.00, 0.00, 50.28, 1.00, 37.27, 1.00, 0.00, 0.00, 0.00, 0.00, 0.00, 0.00, 69.30, 1.00, 2.98, 34.77, 30.26, 72.57, 30.22, 87.01, 26.29, 84.15, 26.29, 57.39, 32.73, 31.83, -999
07/09/16 19, 2.16, 5.50, 4.11, 3.62, 3.30, 4.99, 2.44, 93.93, 1.00, 93.95, 1.00, 0.00, 0.00, 0.00, 0.00, 0.00, 0.00, 0.00, 0.00, 0.00, 0.00, 35.37, 1.00, 0.00, 0.00, 31.15, 1.00, 0.00, 0.00, 0.00, 0.00, 2.98, 36.22, 30.50, 68.81, 30.50, 58.72, 21.14, 82.48, 21.02, 67.25, 39.07, 31.69, -999
07/09/16 20, 2.37, 5.23, 3.62, 2.61, 3.66, 5.17, 2.51, 93.17, 1.00, 93.19, 1.00, 0.00, 0.00, 0.00, 0.00, 0.00, 0.00, 0.00, 0.00, 50.26, 1.00, 35.32, 1.00, 0.00, 0.00, 31.55, 1.00, 0.00, 0.00, 0.00, 0.00, 2.98, 36.63, 28.22, 70.51, 28.18, 85.01, 21.51, 82.93, 21.39, 66.25, 39.56, 29.60, -999
07/09/16 21, 2.60, 4.70, 3.21, 2.80, 4.03, 5.18, 2.09, 93.81, 1.00, 93.82, 1.00, 0.00, 0.00, 0.00, 0.00, 0.00, 0.00, 0.00, 0.00, 50.57, 1.00, 0.00, 0.00, 0.00, 0.00, 33.27, 1.00, 0.00, 0.00, 0.00, 0.00, 2.98, 36.29, 27.67, 69.26, 27.63, 83.84, 28.32, 62.37, 28.19, 66.87, 39.59, 29.05, -999
07/09/16 22, 2.88, 3.98, 3.20, 2.60, 3.19, 5.26, 1.82, 93.25, 1.00, 93.27, 1.00, 0.00, 0.00, 34.59, 1.00, 0.00, 0.00, 0.00, 0.00, 49.17, 1.00, 0.00, 0.00, 0.00, 0.00, 33.38, 1.00, 0.00, 0.00, 0.00, 0.00, 2.98, 36.58, 23.71, 86.51, 23.77, 82.71, 28.68, 61.77, 28.55, 66.83, 39.98, 25.49, -999
07/09/16 23, 3.16, 3.10, 3.62, 2.33, 2.38, 5.32, 1.58, 92.51, 1.00, 92.53, 1.00, 0.00, 0.00, 34.25, 1.00, 0.00, 0.00, 0.00, 0.00, 48.83, 1.00, 0.00, 0.00, 0.00, 0.00, 33.11, 1.00, 0.00, 0.00, 0.00, 0.00, 2.98, 36.98, 22.90, 86.27, 22.97, 82.55, 29.20, 61.22, 29.07, 68.33, 40.49, 24.67, -999
08/09/16 00, 3.46, 2.22, 4.02, 2.16, 1.61, 5.50, 1.95, 89.81, 1.00, 89.83, 1.00, 0.00, 0.00, 33.65, 1.00, 0.00, 0.00, 0.00, 0.00, 48.00, 1.00, 0.00, 0.00, 0.00, 0.00, 32.95, 1.00, 0.00, 0.00, 0.00, 0.00, 2.98, 38.40, 22.19, 86.56, 22.25, 83.38, 30.66, 60.47, 30.53, 70.40, 42.17, 23.94, -999
08/09/16 01, 3.76, 1.35, 4.42, 2.35, 1.73, 5.50, 2.20, 91.07, 1.00, 91.08, 1.00, 0.00, 0.00, 31.27, 1.00, 0.00, 0.00, 0.00, 0.00, 47.99, 1.00, 36.25, 1.00, 0.00, 0.00, 30.96, 1.00, 0.00, 0.00, 0.00, 0.00, 2.98, 37.74, 21.60, 89.71, 21.65, 82.79, 23.06, 82.84, 22.95, 69.81, 41.14, 23.31, -999
08/09/16 02, 4.01, 0.52, 4.92, 2.37, 2.22, 5.50, 2.59, 89.95, 1.00, 89.97, 1.00, 0.00, 0.00, 30.83, 1.00, 0.00, 0.00, 0.00, 0.00, 46.49, 1.00, 35.78, 1.00, 0.00, 0.00, 29.98, 1.00, 0.00, 0.00, 0.00, 0.00, 2.98, 38.32, 20.97, 89.73, 21.02, 84.84, 24.10, 84.71, 24.00, 74.05, 41.86, 22.66, -999
08/09/16 03, 3.97, 0.62, 5.23, 2.95, 2.87, 5.50, 3.60, 94.39, 1.00, 94.41, 1.00, 0.00, 0.00, 0.00, 0.00, 0.00, 0.00, 0.00, 0.00, 48.44, 1.00, 35.01, 1.00, 0.00, 0.00, 29.12, 1.00, 0.00, 0.00, 102.86, 1.00, 2.98, 35.98, 27.55, 75.63, 27.51, 87.81, 22.91, 84.86, 22.81, 75.59, 30.22, 29.32, -999
08/09/16 04, 3.88, 1.18, 4.98, 3.64, 3.55, 5.50, 4.76, 94.24, 1.00, 94.26, 1.00, 0.00, 0.00, 0.00, 0.00, 0.00, 0.00, 0.00, 0.00, 48.27, 1.00, 34.74, 1.00, 0.00, 0.00, 28.89, 1.00, 0.00, 0.00, 100.47, 1.00, 2.98, 36.06, 27.96, 76.00, 27.92, 88.55, 23.04, 85.45, 22.94, 76.42, 30.61, 29.71, -999
08/09/16 05, 4.00, 1.75, 4.76, 4.36, 3.83, 5.26, 3.73, 93.79, 1.00, 93.81, 1.00, 0.00, 0.00, 0.00, 0.00, 0.00, 0.00, 0.00, 0.00, 48.62, 1.00, 0.00, 0.00, 0.00, 0.00, 0.00, 0.00, 0.00, 0.00, 100.53, 1.00, 2.98, 36.30, 28.50, 75.24, 28.46, 88.44, 31.97, 64.71, 31.97, 60.11, 31.16, 30.26, -999
08/09/16 06, 4.23, 2.55, 4.51, 3.69, 3.42, 5.00, 2.72, 93.00, 1.00, 93.02, 1.00, 0.00, 0.00, 0.00, 0.00, 0.00, 0.00, 0.00, 0.00, 0.00, 0.00, 0.00, 0.00, 0.00, 0.00, 0.00, 0.00, 0.00, 0.00, 81.08, 1.00, 2.98, 36.72, 31.97, 74.09, 31.97, 65.84, 32.51, 63.79, 32.51, 59.13, 34.32, 33.42, -999
08/09/16 07, 4.35, 3.29, 4.21, 2.92, 2.90, 5.21, 3.19, 94.10, 1.00, 94.12, 1.00, 0.00, 0.00, 0.00, 0.00, 0.00, 0.00, 0.00, 0.00, 49.90, 1.00, 0.00, 0.00, 0.00, 0.00, 32.57, 1.00, 0.00, 0.00, 92.47, 1.00, 2.98, 36.14, 29.45, 71.91, 29.41, 86.94, 29.22, 61.91, 29.09, 70.33, 32.05, 31.15, -999
08/09/16 08, 4.39, 3.74, 3.83, 3.41, 2.15, 5.50, 3.77, 93.96, 1.00, 93.98, 1.00, 0.00, 0.00, 0.00, 0.00, 0.00, 0.00, 0.00, 0.00, 49.50, 1.00, 0.00, 0.00, 0.00, 0.00, 31.59, 1.00, 0.00, 0.00, 90.54, 1.00, 2.98, 36.21, 29.81, 66.46, 29.77, 88.07, 29.42, 61.60, 29.31, 73.99, 32.40, 31.50, -999
08/09/16 09, 4.43, 4.17, 3.29, 4.01, 1.52, 5.50, 4.51, 95.08, 1.00, 95.10, 1.00, 0.00, 0.00, 0.00, 0.00, 0.00, 0.00, 0.00, 0.00, 50.81, 1.00, 36.61, 1.00, 0.00, 0.00, 30.60, 1.00, 0.00, 0.00, 84.93, 1.00, 2.98, 35.61, 29.86, 70.18, 29.82, 85.56, 21.94, 81.07, 21.83, 69.87, 32.43, 31.53, -999
08/09/16 10, 4.26, 4.42, 3.14, 3.94, 1.79, 5.50, 4.51, 95.56, 1.00, 95.58, 1.00, 0.00, 0.00, 36.92, 1.00, 0.00, 0.00, 0.00, 0.00, 50.10, 1.00, 36.08, 1.00, 0.00, 0.00, 30.54, 1.00, 0.00, 0.00, 87.21, 1.00, 2.98, 35.36, 28.79, 87.49, 28.86, 86.01, 21.77, 81.85, 21.66, 69.89, 31.81, 30.91, -999
08/09/16 11, 4.07, 4.42, 3.58, 4.09, 2.18, 5.50, 4.52, 95.65, 1.00, 95.67, 1.00, 0.00, 0.00, 34.95, 1.00, 0.00, 0.00, 0.00, 0.00, 49.86, 1.00, 36.03, 1.00, 0.00, 0.00, 30.27, 1.00, 0.00, 0.00, 86.42, 1.00, 2.98, 35.31, 28.82, 91.01, 28.89, 86.51, 21.73, 81.90, 21.62, 70.76, 31.80, 30.90, -999
08/09/16 12, 3.89, 4.43, 4.12, 4.32, 2.53, 5.50, 4.72, 95.79, 1.00, 95.81, 1.00, 0.00, 0.00, 35.12, 1.00, 0.00, 0.00, 0.00, 0.00, 49.62, 1.00, 35.66, 1.00, 0.00, 0.00, 30.14, 1.00, 0.00, 0.00, 85.40, 1.00, 2.98, 35.23, 28.83, 90.73, 28.90, 86.98, 21.72, 82.54, 21.61, 71.17, 31.81, 30.91, -999
08/09/16 13, 3.81, 4.56, 4.64, 4.22, 3.01, 5.21, 3.45, 95.25, 1.00, 95.27, 1.00, 0.00, 0.00, 36.53, 1.00, 0.00, 0.00, 0.00, 0.00, 0.00, 0.00, 37.92, 1.00, 0.00, 0.00, 0.00, 0.00, 0.00, 0.00, 77.75, 1.00, 2.98, 35.52, 30.60, 90.01, 30.72, 64.07, 27.77, 84.41, 27.77, 54.89, 33.15, 32.25, -999
08/09/16 14, 3.74, 4.98, 5.12, 2.78, 3.33, 5.05, 2.34, 95.53, 1.00, 95.55, 1.00, 0.00, 0.00, 35.36, 1.00, 0.00, 0.00, 0.00, 0.00, 51.03, 1.00, 35.05, 1.00, 0.00, 0.00, 31.04, 1.00, 0.00, 0.00, 82.12, 1.00, 2.98, 35.37, 29.35, 90.82, 29.41, 84.76, 21.71, 83.60, 21.60, 68.17, 32.32, 31.42, -999
08/09/16 15, 3.62, 5.10, 5.18, 2.81, 3.84, 5.28, 2.70, 95.88, 1.00, 95.90, 1.00, 0.00, 0.00, 0.00, 0.00, 0.00, 0.00, 0.00, 0.00, 50.81, 1.00, 35.04, 1.00, 0.00, 0.00, 30.89, 1.00, 0.00, 0.00, 75.51, 1.00, 2.98, 35.19, 30.40, 72.74, 30.35, 86.09, 21.52, 83.43, 21.40, 68.50, 32.90, 32.00, -999
08/09/16 16, 3.57, 5.36, 4.80, 3.11, 3.56, 5.50, 3.19, 94.82, 1.00, 94.83, 1.00, 0.00, 0.00, 0.00, 0.00, 0.00, 0.00, 0.00, 0.00, 51.13, 1.00, 0.00, 0.00, 0.00, 0.00, 31.65, 1.00, 0.00, 0.00, 77.93, 1.00, 2.98, 35.75, 30.74, 73.62, 30.70, 85.80, 28.64, 62.76, 28.52, 73.01, 33.26, 32.36, -999
08/09/16 17, 3.81, 5.24, 4.46, 3.25, 2.84, 5.50, 3.89, 89.57, 1.00, 89.59, 1.00, 0.00, 0.00, 0.00, 0.00, 0.00, 0.00, 0.00, 0.00, 49.82, 1.00, 0.00, 0.00, 0.00, 0.00, 31.98, 1.00, 0.00, 0.00, 0.00, 0.00, 2.98, 38.52, 28.27, 70.89, 28.23, 85.92, 31.07, 62.58, 30.95, 74.28, 42.41, 29.64, -999
08/09/16 18, 4.21, 4.71, 4.04, 3.53, 2.20, 5.50, 4.63, 90.45, 1.00, 90.47, 1.00, 0.00, 0.00, 0.00, 0.00, 0.00, 0.00, 0.00, 0.00, 49.59, 1.00, 0.00, 0.00, 0.00, 0.00, 32.11, 1.00, 0.00, 0.00, 0.00, 0.00, 2.98, 38.06, 27.75, 71.69, 27.71, 85.85, 30.80, 61.17, 30.68, 73.57, 41.98, 29.13, -999
08/09/16 19, 4.60, 4.19, 3.66, 3.77, 1.45, 5.31, 3.96, 112.98, 1.00, 0.00, 0.00, 0.00, 0.00, 0.00, 0.00, 0.00, 0.00, 0.00, 0.00, 49.35, 1.00, 38.32, 1.00, 0.00, 0.00, 0.00, 0.00, 0.00, 0.00, 0.00, 0.00, 2.99, 25.77, 27.25, 71.98, 27.21, 85.80, 28.27, 84.14, 28.27, 57.41, 38.51, 28.62, -999
08/09/16 20, 4.52, 3.66, 3.31, 3.98, 1.92, 4.92, 2.24, 113.84, 1.00, 0.00, 0.00, 0.00, 0.00, 0.00, 0.00, 0.00, 0.00, 0.00, 0.00, 49.17, 1.00, 35.99, 1.00, 0.00, 0.00, 31.63, 1.00, 0.00, 0.00, 0.00, 0.00, 2.99, 25.29, 26.74, 70.24, 26.70, 85.63, 21.54, 81.79, 21.43, 66.10, 37.93, 28.11, -999
08/09/16 21, 4.31, 3.14, 2.90, 4.14, 2.29, 4.96, 1.87, 112.84, 1.00, 0.00, 0.00, 0.00, 0.00, 35.56, 1.00, 0.00, 0.00, 0.00, 0.00, 48.11, 1.00, 36.43, 1.00, 0.00, 0.00, 31.55, 1.00, 0.00, 0.00, 0.00, 0.00, 2.99, 25.85, 22.88, 84.02, 22.95, 83.86, 21.91, 81.36, 21.80, 66.65, 38.33, 24.66, -999
08/09/16 22, 4.20, 2.26, 3.24, 3.91, 2.52, 5.08, 1.83, 114.07, 1.00, 0.00, 0.00, 0.00, 0.00, 34.80, 1.00, 0.00, 0.00, 0.00, 0.00, 47.84, 1.00, 36.06, 1.00, 0.00, 0.00, 31.52, 1.00, 0.00, 0.00, 0.00, 0.00, 2.99, 25.16, 22.11, 84.56, 22.18, 83.60, 21.36, 81.48, 21.25, 66.19, 37.74, 23.88, -999
08/09/16 23, 4.01, 1.38, 3.58, 3.73, 2.77, 5.14, 1.61, 114.33, 1.00, 0.00, 0.00, 0.00, 0.00, 33.82, 1.00, 0.00, 0.00, 0.00, 0.00, 47.37, 1.00, 35.82, 1.00, 0.00, 0.00, 31.41, 1.00, 0.00, 0.00, 0.00, 0.00, 2.99, 25.00, 21.41, 85.50, 21.47, 83.72, 21.27, 81.82, 21.16, 66.48, 37.56, 23.15, -999
09/09/16 00, 3.82, 0.52, 3.96, 3.71, 3.07, 5.25, 1.58, 113.50, 1.00, 0.00, 0.00, 0.00, 0.00, 32.82, 1.00, 0.00, 0.00, 0.00, 0.00, 46.64, 1.00, 35.62, 1.00, 0.00, 0.00, 31.39, 1.00, 0.00, 0.00, 0.00, 0.00, 2.99, 25.48, 20.74, 86.45, 20.80, 84.36, 21.70, 82.60, 21.58, 66.96, 37.88, 22.46, -999
09/09/16 01, 3.42, 0.38, 4.39, 3.96, 3.42, 5.38, 1.69, 119.63, 1.00, 0.00, 0.00, 0.00, 0.00, 33.33, 1.00, 0.00, 0.00, 0.00, 0.00, 47.75, 1.00, 34.21, 1.00, 0.00, 0.00, 30.49, 1.00, 0.00, 0.00, 87.96, 1.00, 2.99, 21.96, 24.87, 89.76, 24.93, 86.51, 18.90, 82.21, 18.79, 67.21, 27.82, 26.92, -999
09/09/16 02, 2.92, 0.44, 4.89, 4.40, 3.84, 5.50, 2.02, 118.57, 1.00, 0.00, 0.00, 0.00, 0.00, 32.70, 1.00, 0.00, 0.00, 0.00, 0.00, 47.51, 1.00, 34.05, 1.00, 0.00, 0.00, 29.25, 1.00, 0.00, 0.00, 91.24, 1.00, 2.99, 22.57, 25.01, 90.91, 25.07, 87.08, 19.83, 83.41, 19.73, 72.11, 27.97, 27.07, -999
09/09/16 03, 2.60, 0.89, 5.41, 3.60, 3.81, 5.50, 3.00, 115.64, 1.00, 0.00, 0.00, 0.00, 0.00, 0.00, 0.00, 0.00, 0.00, 0.00, 0.00, 0.00, 0.00, 0.00, 0.00, 0.00, 0.00, 30.17, 1.00, 0.00, 0.00, 73.34, 1.00, 2.99, 24.26, 29.55, 76.21, 29.55, 68.23, 27.63, 64.50, 27.52, 76.98, 31.86, 30.96, -999
09/09/16 04, 2.47, 1.55, 5.18, 3.22, 3.36, 5.50, 4.32, 116.74, 1.00, 0.00, 0.00, 0.00, 0.00, 0.00, 0.00, 0.00, 0.00, 0.00, 0.00, 48.09, 1.00, 0.00, 0.00, 0.00, 0.00, 29.43, 1.00, 0.00, 0.00, 84.82, 1.00, 2.99, 23.63, 27.40, 76.19, 27.36, 88.32, 27.12, 63.73, 27.02, 78.83, 29.94, 29.04, -999
09/09/16 05, 2.33, 1.95, 4.96, 3.97, 2.84, 5.37, 4.27, 115.62, 1.00, 0.00, 0.00, 0.00, 0.00, 0.00, 0.00, 0.00, 0.00, 0.00, 0.00, 48.41, 1.00, 0.00, 0.00, 0.00, 0.00, 0.00, 0.00, 0.00, 0.00, 86.21, 1.00, 2.99, 24.27, 27.85, 76.45, 27.81, 88.17, 29.82, 63.57, 29.82, 60.43, 30.40, 29.50, -999
09/09/16 06, 2.34, 2.39, 4.78, 4.36, 2.39, 5.12, 3.20, 116.01, 1.00, 0.00, 0.00, 0.00, 0.00, 0.00, 0.00, 0.00, 0.00, 0.00, 0.00, 0.00, 0.00, 0.00, 0.00, 0.00, 0.00, 0.00, 0.00, 0.00, 0.00, 64.90, 1.00, 2.99, 24.05, 30.31, 74.68, 30.31, 67.33, 29.80, 62.55, 29.80, 59.01, 32.57, 31.67, -999
09/09/16 07, 2.28, 3.06, 4.50, 3.27, 1.83, 5.08, 2.82, 117.48, 1.00, 0.00, 0.00, 0.00, 0.00, 0.00, 0.00, 0.00, 0.00, 0.00, 0.00, 0.00, 0.00, 0.00, 0.00, 0.00, 0.00, 31.78, 1.00, 0.00, 0.00, 56.52, 1.00, 2.99, 23.20, 30.32, 73.18, 30.32, 62.59, 26.45, 61.28, 26.33, 70.36, 32.54, 31.64, -999
09/09/16 08, 1.96, 3.32, 4.16, 3.05, 1.73, 5.39, 3.46, 119.30, 1.00, 0.00, 0.00, 0.00, 0.00, 0.00, 0.00, 0.00, 0.00, 0.00, 0.00, 49.00, 1.00, 34.90, 1.00, 0.00, 0.00, 30.38, 1.00, 0.00, 0.00, 62.36, 1.00, 2.99, 22.16, 28.30, 67.24, 28.26, 87.53, 18.80, 80.94, 18.69, 67.46, 30.73, 29.83, -999
09/09/16 09, 1.61, 3.45, 3.62, 3.66, 2.13, 5.50, 3.45, 120.49, 1.00, 0.00, 0.00, 0.00, 0.00, 0.00, 0.00, 0.00, 0.00, 0.00, 0.00, 50.39, 1.00, 34.71, 1.00, 0.00, 0.00, 29.74, 1.00, 0.00, 0.00, 55.19, 1.00, 2.99, 21.47, 28.29, 69.91, 28.24, 84.81, 18.23, 80.71, 18.13, 68.97, 30.69, 29.79, -999
09/09/16 10, 1.23, 3.49, 3.19, 3.54, 2.48, 5.50, 3.56, 120.32, 1.00, 0.00, 0.00, 0.00, 0.00, 0.00, 0.00, 0.00, 0.00, 0.00, 0.00, 50.09, 1.00, 34.64, 1.00, 0.00, 0.00, 29.42, 1.00, 0.00, 0.00, 55.06, 1.00, 2.99, 21.56, 28.33, 69.75, 28.29, 85.45, 18.39, 80.98, 18.29, 70.14, 30.73, 29.83, -999
09/09/16 11, 0.97, 3.43, 3.21, 3.65, 2.83, 5.50, 3.91, 98.81, 1.00, 98.83, 1.00, 0.00, 0.00, 35.03, 1.00, 0.00, 0.00, 0.00, 0.00, 48.94, 1.00, 34.81, 1.00, 0.00, 0.00, 29.98, 1.00, 0.00, 0.00, 73.58, 1.00, 2.97, 33.61, 27.74, 89.79, 27.81, 87.19, 19.20, 81.49, 19.09, 69.16, 30.64, 29.74, -999
09/09/16 12, 0.86, 3.32, 3.73, 4.14, 3.18, 5.50, 3.95, 98.68, 1.00, 98.70, 1.00, 0.00, 0.00, 35.42, 1.00, 0.00, 0.00, 0.00, 0.00, 49.58, 1.00, 34.44, 1.00, 0.00, 0.00, 29.53, 1.00, 0.00, 0.00, 74.68, 1.00, 2.97, 33.68, 27.62, 89.00, 27.69, 85.84, 19.42, 82.35, 19.31, 70.80, 30.54, 29.64, -999
09/09/16 13, 0.77, 3.21, 4.20, 4.27, 3.62, 5.50, 4.33, 98.80, 1.00, 98.82, 1.00, 0.00, 0.00, 35.03, 1.00, 0.00, 0.00, 0.00, 0.00, 49.59, 1.00, 34.78, 1.00, 0.00, 0.00, 29.81, 1.00, 0.00, 0.00, 74.70, 1.00, 2.97, 33.61, 27.52, 89.57, 27.59, 85.72, 19.16, 81.51, 19.06, 69.66, 30.43, 29.53, -999
09/09/16 14, 0.67, 3.11, 4.69, 4.34, 3.87, 5.50, 4.40, 98.41, 1.00, 98.43, 1.00, 0.00, 0.00, 35.05, 1.00, 0.00, 0.00, 0.00, 0.00, 49.25, 1.00, 34.08, 1.00, 0.00, 0.00, 30.10, 1.00, 0.00, 0.00, 76.55, 1.00, 2.97, 33.82, 27.46, 89.46, 27.52, 86.31, 19.39, 82.93, 19.29, 68.95, 30.37, 29.47, -999
09/09/16 15, 0.69, 3.14, 5.15, 4.15, 3.78, 5.50, 4.33, 98.47, 1.00, 98.49, 1.00, 0.00, 0.00, 34.73, 1.00, 0.00, 0.00, 0.00, 0.00, 0.00, 0.00, 0.00, 0.00, 0.00, 0.00, 31.31, 1.00, 0.00, 0.00, 69.14, 1.00, 2.97, 33.79, 28.85, 91.40, 28.95, 64.65, 25.69, 63.38, 25.57, 71.23, 31.33, 30.43, -999
09/09/16 16, 0.79, 3.63, 5.24, 2.78, 3.13, 5.50, 4.57, 98.23, 1.00, 98.25, 1.00, 0.00, 0.00, 0.00, 0.00, 0.00, 0.00, 0.00, 0.00, 50.17, 1.00, 0.00, 0.00, 0.00, 0.00, 31.14, 1.00, 0.00, 0.00, 71.04, 1.00, 2.97, 33.92, 28.80, 73.23, 28.76, 85.81, 25.86, 62.57, 25.75, 71.97, 31.28, 30.38, -999
09/09/16 17, 0.92, 3.86, 4.88, 3.09, 2.44, 5.36, 4.15, 96.69, 1.00, 96.71, 1.00, 0.00, 0.00, 0.00, 0.00, 0.00, 0.00, 0.00, 0.00, 50.50, 1.00, 0.00, 0.00, 0.00, 0.00, 0.00, 0.00, 0.00, 0.00, 76.88, 1.00, 2.98, 34.75, 29.22, 72.14, 29.18, 85.53, 29.33, 62.03, 29.33, 57.49, 31.73, 30.83, -999
09/09/16 18, 1.17, 4.13, 4.48, 3.27, 1.78, 5.01, 2.52, 97.12, 1.00, 97.14, 1.00, 0.00, 0.00, 0.00, 0.00, 0.00, 0.00, 0.00, 0.00, 50.43, 1.00, 0.00, 0.00, 0.00, 0.00, 32.43, 1.00, 0.00, 0.00, 72.53, 1.00, 2.97, 34.52, 29.34, 73.15, 29.30, 85.79, 26.31, 61.45, 26.18, 67.94, 31.83, 30.93, -999
09/09/16 19, 1.22, 4.35, 4.14, 3.48, 1.71, 5.19, 2.60, 98.18, 1.00, 98.20, 1.00, 0.00, 0.00, 0.00, 0.00, 0.00, 0.00, 0.00, 0.00, 50.78, 1.00, 35.15, 1.00, 0.00, 0.00, 30.55, 1.00, 0.00, 0.00, 66.65, 1.00, 2.97, 33.95, 29.38, 73.46, 29.34, 85.14, 19.36, 81.08, 19.25, 67.46, 31.84, 30.94, -999
09/09/16 20, 1.14, 4.52, 3.83, 3.45, 2.11, 5.38, 2.75, 97.98, 1.00, 98.00, 1.00, 0.00, 0.00, 0.00, 0.00, 0.00, 0.00, 0.00, 0.00, 50.79, 1.00, 35.38, 1.00, 0.00, 0.00, 30.68, 1.00, 0.00, 0.00, 65.97, 1.00, 2.97, 34.06, 29.52, 70.48, 29.48, 85.25, 19.32, 80.63, 19.21, 67.00, 31.98, 31.08, -999
09/09/16 21, 1.09, 4.67, 3.41, 3.45, 2.38, 5.50, 2.69, 98.69, 1.00, 98.71, 1.00, 0.00, 0.00, 0.00, 0.00, 0.00, 0.00, 0.00, 0.00, 51.05, 1.00, 34.91, 1.00, 0.00, 0.00, 30.49, 1.00, 0.00, 0.00, 62.01, 1.00, 2.97, 33.67, 29.59, 67.54, 29.55, 84.80, 19.12, 81.25, 19.01, 67.42, 32.03, 31.13, -999
09/09/16 22, 0.99, 4.72, 3.07, 3.29, 2.74, 5.50, 2.56, 98.45, 1.00, 98.47, 1.00, 0.00, 0.00, 36.92, 1.00, 0.00, 0.00, 0.00, 0.00, 50.61, 1.00, 35.04, 1.00, 0.00, 0.00, 30.56, 1.00, 0.00, 0.00, 66.52, 1.00, 2.97, 33.80, 28.72, 87.43, 28.79, 84.94, 19.15, 81.06, 19.04, 67.20, 31.63, 30.73, -999
09/09/16 23, 0.91, 4.50, 3.51, 3.28, 3.02, 5.50, 2.40, 98.57, 1.00, 98.59, 1.00, 0.00, 0.00, 35.54, 1.00, 0.00, 0.00, 0.00, 0.00, 50.26, 1.00, 34.84, 1.00, 0.00, 0.00, 30.50, 1.00, 0.00, 0.00, 67.05, 1.00, 2.97, 33.74, 28.59, 89.76, 28.66, 85.49, 19.12, 81.37, 19.01, 67.40, 31.48, 30.58, -999
10/09/16 00, 0.83, 4.31, 4.02, 3.43, 3.33, 5.50, 2.33, 98.13, 1.00, 98.14, 1.00, 0.00, 0.00, 35.63, 1.00, 0.00, 0.00, 0.00, 0.00, 49.94, 1.00, 34.29, 1.00, 0.00, 0.00, 30.19, 1.00, 0.00, 0.00, 69.66, 1.00, 2.97, 33.98, 28.48, 89.49, 28.55, 86.01, 19.49, 82.67, 19.38, 68.78, 31.38, 30.48, -999
10/09/16 01, 0.79, 4.14, 4.50, 3.69, 3.80, 5.50, 2.58, 97.35, 1.00, 97.37, 1.00, 0.00, 0.00, 33.79, 1.00, 0.00, 0.00, 0.00, 0.00, 48.89, 1.00, 34.13, 1.00, 0.00, 0.00, 29.09, 1.00, 0.00, 0.00, 72.96, 1.00, 2.97, 34.40, 28.49, 92.61, 28.55, 88.02, 20.08, 83.52, 19.98, 72.85, 31.36, 30.46, -999
10/09/16 02, 0.91, 4.07, 5.06, 4.29, 3.64, 5.50, 3.60, 96.83, 1.00, 96.85, 1.00, 0.00, 0.00, 34.06, 1.00, 0.00, 0.00, 0.00, 0.00, 48.68, 1.00, 0.00, 0.00, 0.00, 0.00, 30.11, 1.00, 0.00, 0.00, 77.31, 1.00, 2.98, 34.67, 28.47, 92.16, 28.53, 88.40, 26.62, 63.78, 26.52, 76.17, 31.37, 30.47, -999
10/09/16 03, 1.12, 4.40, 5.14, 3.96, 3.07, 5.50, 4.77, 95.36, 1.00, 95.38, 1.00, 0.00, 0.00, 0.00, 0.00, 0.00, 0.00, 0.00, 0.00, 0.00, 0.00, 0.00, 0.00, 0.00, 0.00, 29.97, 1.00, 0.00, 0.00, 60.45, 1.00, 2.98, 35.46, 31.96, 75.32, 31.96, 67.34, 27.42, 63.58, 27.31, 77.40, 34.20, 33.30, -999
10/09/16 04, 1.48, 5.08, 4.87, 2.93, 2.58, 5.25, 3.67, 94.17, 1.00, 94.19, 1.00, 0.00, 0.00, 0.00, 0.00, 0.00, 0.00, 0.00, 0.00, 49.11, 1.00, 0.00, 0.00, 0.00, 0.00, 0.00, 0.00, 0.00, 0.00, 79.54, 1.00, 2.98, 36.10, 30.62, 76.23, 30.58, 89.62, 30.64, 63.81, 30.64, 59.94, 33.14, 32.24, -999
10/09/16 05, 1.83, 5.40, 4.68, 3.79, 2.26, 4.98, 2.63, 94.63, 1.00, 94.65, 1.00, 0.00, 0.00, 0.00, 0.00, 0.00, 0.00, 0.00, 0.00, 49.45, 1.00, 0.00, 0.00, 0.00, 0.00, 0.00, 0.00, 0.00, 0.00, 76.42, 1.00, 2.98, 35.85, 30.79, 75.18, 30.75, 89.15, 30.64, 62.49, 30.64, 58.16, 33.30, 32.40, -999
10/09/16 06, 2.20, 5.19, 4.43, 4.46, 1.72, 5.25, 3.15, 90.80, 1.00, 90.82, 1.00, 0.00, 0.00, 0.00, 0.00, 0.00, 0.00, 0.00, 0.00, 48.97, 1.00, 0.00, 0.00, 0.00, 0.00, 32.69, 1.00, 0.00, 0.00, 0.00, 0.00, 2.98, 37.88, 28.27, 74.00, 28.24, 87.56, 29.69, 61.93, 29.57, 70.39, 41.29, 29.64, -999
10/09/16 07, 2.56, 5.14, 4.13, 3.39, 1.74, 5.50, 3.70, 91.47, 1.00, 91.49, 1.00, 0.00, 0.00, 0.00, 0.00, 0.00, 0.00, 0.00, 0.00, 0.00, 0.00, 36.02, 1.00, 0.00, 0.00, 29.57, 1.00, 0.00, 0.00, 0.00, 0.00, 2.98, 37.53, 30.14, 73.49, 30.14, 65.91, 22.79, 82.97, 22.68, 74.06, 40.61, 31.33, -999
10/09/16 08, 2.87, 4.79, 3.82, 3.34, 2.27, 5.50, 4.62, 92.54, 1.00, 92.55, 1.00, 0.00, 0.00, 0.00, 0.00, 0.00, 0.00, 0.00, 0.00, 49.58, 1.00, 35.69, 1.00, 0.00, 0.00, 30.00, 1.00, 0.00, 0.00, 0.00, 0.00, 2.98, 36.96, 27.84, 72.52, 27.80, 85.96, 22.35, 83.12, 22.24, 72.25, 40.07, 29.21, -999
10/09/16 09, 3.18, 4.27, 3.48, 3.64, 2.82, 5.27, 3.73, 92.31, 1.00, 92.33, 1.00, 0.00, 0.00, 0.00, 0.00, 0.00, 0.00, 0.00, 0.00, 49.56, 1.00, 37.76, 1.00, 0.00, 0.00, 0.00, 0.00, 0.00, 0.00, 0.00, 0.00, 2.98, 37.08, 27.31, 70.86, 27.27, 85.47, 28.62, 85.55, 28.62, 55.82, 40.56, 28.68, -999
10/09/16 10, 3.45, 3.74, 3.09, 3.79, 3.33, 4.98, 2.24, 93.08, 1.00, 93.10, 1.00, 0.00, 0.00, 0.00, 0.00, 0.00, 0.00, 0.00, 0.00, 49.72, 1.00, 35.60, 1.00, 0.00, 0.00, 31.62, 1.00, 0.00, 0.00, 0.00, 0.00, 2.98, 36.67, 26.78, 68.63, 26.74, 84.63, 21.93, 82.87, 21.82, 66.43, 39.93, 28.15, -999
10/09/16 11, 3.62, 2.95, 3.28, 3.65, 3.70, 5.07, 2.00, 92.19, 1.00, 92.21, 1.00, 0.00, 0.00, 33.92, 1.00, 0.00, 0.00, 0.00, 0.00, 47.51, 1.00, 35.41, 1.00, 0.00, 0.00, 31.44, 1.00, 0.00, 0.00, 0.00, 0.00, 2.98, 37.15, 22.94, 86.87, 23.01, 85.01, 22.54, 83.80, 22.42, 67.66, 40.47, 24.69, -999
10/09/16 12, 3.87, 2.09, 3.71, 3.91, 3.76, 5.28, 2.30, 90.72, 1.00, 90.74, 1.00, 0.00, 0.00, 33.59, 1.00, 0.00, 0.00, 0.00, 0.00, 47.41, 1.00, 0.00, 0.00, 0.00, 0.00, 33.35, 1.00, 0.00, 0.00, 0.00, 0.00, 2.98, 37.92, 22.13, 86.59, 22.19, 84.38, 30.33, 62.76, 30.20, 68.58, 41.72, 23.87, -999
10/09/16 13, 4.22, 1.23, 4.12, 4.01, 3.01, 5.50, 2.52, 90.64, 1.00, 90.66, 1.00, 0.00, 0.00, 32.59, 1.00, 0.00, 0.00, 0.00, 0.00, 47.13, 1.00, 0.00, 0.00, 0.00, 0.00, 32.60, 1.00, 0.00, 0.00, 0.00, 0.00, 2.98, 37.96, 21.42, 87.50, 21.48, 84.17, 30.64, 62.14, 30.51, 71.65, 41.86, 23.14, -999
10/09/16 14, 4.48, 0.43, 4.55, 4.06, 2.28, 5.50, 3.02, 116.04, 1.00, 0.00, 0.00, 0.00, 0.00, 33.51, 1.00, 0.00, 0.00, 0.00, 0.00, 48.34, 1.00, 0.00, 0.00, 0.00, 0.00, 31.42, 1.00, 0.00, 0.00, 102.53, 1.00, 2.99, 24.03, 25.22, 89.82, 25.28, 85.78, 27.62, 61.83, 27.50, 72.79, 28.28, 27.38, -999
10/09/16 15, 4.11, 0.64, 5.04, 4.31, 1.62, 5.50, 3.71, 116.43, 1.00, 0.00, 0.00, 0.00, 0.00, 33.59, 1.00, 0.00, 0.00, 0.00, 0.00, 48.14, 1.00, 0.00, 0.00, 0.00, 0.00, 31.34, 1.00, 0.00, 0.00, 99.81, 1.00, 2.99, 23.80, 25.36, 89.81, 25.42, 86.28, 27.34, 61.26, 27.23, 72.79, 28.39, 27.49, -999
10/09/16 16, 3.71, 1.06, 5.15, 3.93, 1.82, 5.50, 4.20, 116.83, 1.00, 0.00, 0.00, 0.00, 0.00, 0.00, 0.00, 0.00, 0.00, 0.00, 0.00, 0.00, 0.00, 35.07, 1.00, 0.00, 0.00, 29.68, 1.00, 0.00, 0.00, 69.49, 1.00, 2.99, 23.57, 29.38, 74.21, 29.38, 64.09, 20.62, 82.48, 20.52, 71.55, 31.66, 30.76, -999
10/09/16 17, 3.33, 1.69, 4.82, 2.94, 2.37, 5.50, 4.65, 118.66, 1.00, 0.00, 0.00, 0.00, 0.00, 0.00, 0.00, 0.00, 0.00, 0.00, 0.00, 49.45, 1.00, 34.75, 1.00, 0.00, 0.00, 28.98, 1.00, 0.00, 0.00, 77.73, 1.00, 2.99, 22.52, 27.13, 72.37, 27.09, 85.50, 19.72, 82.12, 19.62, 72.81, 29.64, 28.74, -999
10/09/16 18, 2.96, 2.01, 4.44, 3.24, 2.90, 5.26, 3.67, 117.75, 1.00, 0.00, 0.00, 0.00, 0.00, 0.00, 0.00, 0.00, 0.00, 0.00, 0.00, 49.40, 1.00, 36.61, 1.00, 0.00, 0.00, 0.00, 0.00, 0.00, 0.00, 79.60, 1.00, 2.99, 23.05, 27.54, 72.19, 27.50, 86.01, 25.71, 84.78, 25.71, 57.67, 30.06, 29.16, -999
10/09/16 19, 2.61, 2.31, 4.06, 3.59, 3.41, 5.04, 2.55, 119.68, 1.00, 0.00, 0.00, 0.00, 0.00, 0.00, 0.00, 0.00, 0.00, 0.00, 0.00, 49.83, 1.00, 34.36, 1.00, 0.00, 0.00, 30.47, 1.00, 0.00, 0.00, 69.20, 1.00, 2.99, 21.93, 27.43, 71.72, 27.39, 85.07, 18.74, 81.80, 18.63, 67.11, 29.90, 29.00, -999
10/09/16 20, 2.18, 2.50, 3.68, 3.64, 3.77, 5.21, 2.62, 120.10, 1.00, 0.00, 0.00, 0.00, 0.00, 0.00, 0.00, 0.00, 0.00, 0.00, 0.00, 50.18, 1.00, 34.14, 1.00, 0.00, 0.00, 30.57, 1.00, 0.00, 0.00, 65.68, 1.00, 2.99, 21.69, 27.52, 69.21, 27.48, 84.47, 18.46, 81.89, 18.35, 66.49, 29.97, 29.07, -999
10/09/16 21, 1.81, 2.68, 3.23, 3.46, 3.74, 5.31, 2.45, 120.75, 1.00, 0.00, 0.00, 0.00, 0.00, 0.00, 0.00, 0.00, 0.00, 0.00, 0.00, 50.12, 1.00, 0.00, 0.00, 0.00, 0.00, 32.27, 1.00, 0.00, 0.00, 62.64, 1.00, 2.99, 21.31, 27.63, 67.43, 27.59, 84.69, 24.45, 62.10, 24.33, 66.65, 30.07, 29.17, -999
10/09/16 22, 1.42, 2.62, 3.18, 3.40, 2.90, 5.36, 2.10, 120.80, 1.00, 0.00, 0.00, 0.00, 0.00, 36.00, 1.00, 0.00, 0.00, 0.00, 0.00, 50.16, 1.00, 0.00, 0.00, 0.00, 0.00, 32.30, 1.00, 0.00, 0.00, 66.56, 1.00, 2.99, 21.28, 26.69, 87.04, 26.76, 83.78, 24.35, 59.98, 24.23, 66.45, 29.58, 28.68, -999
10/09/16 23, 1.07, 2.41, 3.61, 3.04, 1.91, 5.37, 1.75, 120.38, 1.00, 0.00, 0.00, 0.00, 0.00, 36.00, 1.00, 0.00, 0.00, 0.00, 0.00, 50.04, 1.00, 0.00, 0.00, 0.00, 0.00, 32.31, 1.00, 0.00, 0.00, 69.30, 1.00, 2.99, 21.53, 26.56, 86.92, 26.63, 83.89, 24.52, 59.26, 24.40, 66.58, 29.46, 28.56, -999
11/09/16 00, 0.91, 2.33, 4.02, 2.88, 1.61, 5.41, 1.53, 98.24, 1.00, 98.26, 1.00, 0.00, 0.00, 34.11, 1.00, 0.00, 0.00, 0.00, 0.00, 48.87, 1.00, 34.71, 1.00, 0.00, 0.00, 30.50, 1.00, 0.00, 0.00, 83.46, 1.00, 2.97, 33.91, 26.76, 90.36, 26.82, 86.32, 19.36, 81.83, 19.25, 67.64, 29.70, 28.80, -999
11/09/16 01, 0.84, 2.34, 4.54, 3.36, 2.14, 5.50, 2.07, 97.72, 1.00, 97.74, 1.00, 0.00, 0.00, 33.51, 1.00, 0.00, 0.00, 0.00, 0.00, 48.29, 1.00, 34.54, 1.00, 0.00, 0.00, 28.95, 1.00, 0.00, 0.00, 85.11, 1.00, 2.97, 34.20, 26.79, 91.38, 26.85, 87.44, 19.96, 82.71, 19.86, 73.16, 29.72, 28.82, -999
11/09/16 02, 0.82, 2.37, 5.07, 3.97, 2.73, 5.50, 3.13, 97.71, 1.00, 97.73, 1.00, 0.00, 0.00, 32.87, 1.00, 0.00, 0.00, 0.00, 0.00, 47.80, 1.00, 34.17, 1.00, 0.00, 0.00, 28.72, 1.00, 0.00, 0.00, 84.81, 1.00, 2.97, 34.20, 26.85, 92.48, 26.90, 88.39, 20.10, 83.48, 20.00, 73.99, 29.76, 28.86, -999
11/09/16 03, 0.84, 2.67, 5.16, 4.27, 3.36, 5.50, 4.17, 96.02, 1.00, 96.04, 1.00, 0.00, 0.00, 0.00, 0.00, 0.00, 0.00, 0.00, 0.00, 0.00, 0.00, 33.96, 1.00, 0.00, 0.00, 27.91, 1.00, 0.00, 0.00, 65.75, 1.00, 2.98, 35.11, 30.66, 76.79, 30.66, 69.22, 20.98, 84.70, 20.88, 77.27, 32.93, 32.03, -999
11/09/16 04, 1.06, 3.38, 4.98, 3.47, 3.95, 5.40, 4.33, 94.02, 1.00, 94.04, 1.00, 0.00, 0.00, 0.00, 0.00, 0.00, 0.00, 0.00, 0.00, 0.00, 0.00, 0.00, 0.00, 0.00, 0.00, 0.00, 0.00, 0.00, 0.00, 71.16, 1.00, 2.98, 36.18, 31.85, 76.57, 31.85, 68.68, 30.56, 65.07, 30.56, 61.09, 34.14, 33.24, -999
11/09/16 05, 1.43, 4.04, 4.80, 3.14, 3.60, 5.18, 3.47, 94.65, 1.00, 94.67, 1.00, 0.00, 0.00, 0.00, 0.00, 0.00, 0.00, 0.00, 0.00, 48.62, 1.00, 0.00, 0.00, 0.00, 0.00, 0.00, 0.00, 0.00, 0.00, 83.45, 1.00, 2.98, 35.84, 29.79, 76.45, 29.75, 89.72, 30.38, 64.55, 30.38, 60.03, 32.33, 31.43, -999
11/09/16 06, 1.76, 4.41, 4.63, 4.01, 3.20, 4.92, 2.52, 94.72, 1.00, 94.73, 1.00, 0.00, 0.00, 0.00, 0.00, 0.00, 0.00, 0.00, 0.00, 48.73, 1.00, 0.00, 0.00, 0.00, 0.00, 0.00, 0.00, 0.00, 0.00, 81.60, 1.00, 2.98, 35.81, 30.06, 75.81, 30.02, 89.80, 30.53, 63.98, 30.53, 58.96, 32.59, 31.69, -999
11/09/16 07, 1.96, 4.85, 4.42, 4.17, 2.77, 5.29, 3.42, 94.70, 1.00, 94.72, 1.00, 0.00, 0.00, 0.00, 0.00, 0.00, 0.00, 0.00, 0.00, 0.00, 0.00, 0.00, 0.00, 0.00, 0.00, 32.05, 1.00, 0.00, 0.00, 61.29, 1.00, 2.98, 35.82, 32.48, 74.64, 32.48, 67.71, 27.81, 63.05, 27.69, 70.80, 34.72, 33.82, -999
11/09/16 08, 2.20, 5.49, 4.15, 3.16, 2.23, 5.50, 4.21, 94.81, 1.00, 94.83, 1.00, 0.00, 0.00, 0.00, 0.00, 0.00, 0.00, 0.00, 0.00, 0.00, 0.00, 0.00, 0.00, 0.00, 0.00, 31.22, 1.00, 0.00, 0.00, 57.84, 1.00, 2.98, 35.76, 32.85, 73.92, 32.85, 64.34, 28.00, 61.91, 27.89, 73.86, 35.08, 34.18, -999
11/09/16 09, 2.63, 5.17, 3.87, 3.13, 1.59, 5.44, 4.51, 90.18, 1.00, 90.19, 1.00, 0.00, 0.00, 0.00, 0.00, 0.00, 0.00, 0.00, 0.00, 49.68, 1.00, 0.00, 0.00, 0.00, 0.00, 0.00, 0.00, 0.00, 0.00, 0.00, 0.00, 2.98, 38.21, 28.21, 71.84, 28.17, 86.14, 33.40, 60.60, 33.40, 57.50, 42.14, 29.58, -999
11/09/16 10, 2.99, 4.65, 3.50, 3.48, 1.94, 5.04, 2.70, 91.94, 1.00, 91.95, 1.00, 0.00, 0.00, 0.00, 0.00, 0.00, 0.00, 0.00, 0.00, 49.79, 1.00, 38.40, 1.00, 0.00, 0.00, 0.00, 0.00, 0.00, 0.00, 0.00, 0.00, 2.98, 37.28, 27.68, 70.09, 27.64, 85.38, 28.61, 84.33, 28.61, 55.40, 40.73, 29.05, -999
11/09/16 11, 3.21, 4.12, 3.08, 3.62, 2.30, 5.12, 2.44, 93.20, 1.00, 93.22, 1.00, 0.00, 0.00, 0.00, 0.00, 0.00, 0.00, 0.00, 0.00, 49.78, 1.00, 35.90, 1.00, 0.00, 0.00, 31.31, 1.00, 0.00, 0.00, 0.00, 0.00, 2.98, 36.61, 27.15, 70.29, 27.11, 84.88, 21.77, 82.18, 21.66, 67.31, 39.79, 28.52, -999
11/09/16 12, 3.39, 3.33, 3.31, 3.58, 2.69, 5.28, 2.50, 92.76, 1.00, 92.78, 1.00, 0.00, 0.00, 34.83, 1.00, 0.00, 0.00, 0.00, 0.00, 48.09, 1.00, 36.10, 1.00, 0.00, 0.00, 31.47, 1.00, 0.00, 0.00, 0.00, 0.00, 2.98, 36.84, 23.15, 85.54, 23.22, 84.18, 21.97, 82.02, 21.86, 66.98, 40.08, 24.92, -999
11/09/16 13, 3.58, 2.45, 3.69, 3.63, 2.99, 5.40, 2.40, 92.41, 1.00, 92.43, 1.00, 0.00, 0.00, 34.44, 1.00, 0.00, 0.00, 0.00, 0.00, 47.94, 1.00, 35.74, 1.00, 0.00, 0.00, 31.47, 1.00, 0.00, 0.00, 0.00, 0.00, 2.98, 37.03, 22.34, 85.39, 22.40, 83.63, 22.32, 83.01, 22.20, 67.33, 40.34, 24.10, -999
11/09/16 14, 3.78, 1.58, 4.05, 3.53, 3.41, 5.50, 2.49, 92.35, 1.00, 92.37, 1.00, 0.00, 0.00, 33.50, 1.00, 0.00, 0.00, 0.00, 0.00, 47.61, 1.00, 35.72, 1.00, 0.00, 0.00, 30.80, 1.00, 0.00, 0.00, 0.00, 0.00, 2.98, 37.06, 21.61, 86.21, 21.67, 83.51, 22.61, 83.33, 22.50, 69.87, 40.43, 23.36, -999
11/09/16 15, 3.96, 0.72, 4.44, 3.47, 3.82, 5.50, 2.86, 92.42, 1.00, 92.43, 1.00, 0.00, 0.00, 33.14, 1.00, 0.00, 0.00, 0.00, 0.00, 47.17, 1.00, 35.82, 1.00, 0.00, 0.00, 31.09, 1.00, 0.00, 0.00, 0.00, 0.00, 2.98, 37.03, 20.85, 86.03, 20.91, 83.52, 22.56, 83.12, 22.45, 68.86, 40.45, 22.58, -999
11/09/16 16, 3.86, 0.68, 4.85, 3.54, 3.65, 5.50, 2.99, 96.66, 1.00, 96.68, 1.00, 0.00, 0.00, 35.04, 1.00, 0.00, 0.00, 0.00, 0.00, 49.26, 1.00, 0.00, 0.00, 0.00, 0.00, 32.74, 1.00, 0.00, 0.00, 106.20, 1.00, 2.98, 34.77, 25.48, 87.52, 25.55, 84.31, 27.92, 62.41, 27.80, 68.41, 28.59, 27.69, -999
11/09/16 17, 3.68, 0.91, 5.24, 3.48, 2.87, 5.50, 2.79, 95.75, 1.00, 95.77, 1.00, 0.00, 0.00, 35.23, 1.00, 0.00, 0.00, 0.00, 0.00, 49.69, 1.00, 0.00, 0.00, 0.00, 0.00, 32.69, 1.00, 0.00, 0.00, 107.40, 1.00, 2.98, 35.25, 25.72, 87.43, 25.78, 83.72, 28.26, 60.99, 28.14, 68.94, 28.84, 27.94, -999
11/09/16 18, 3.63, 1.38, 4.89, 3.18, 2.00, 5.50, 2.76, 96.17, 1.00, 96.19, 1.00, 0.00, 0.00, 0.00, 0.00, 0.00, 0.00, 0.00, 0.00, 50.66, 1.00, 0.00, 0.00, 0.00, 0.00, 32.62, 1.00, 0.00, 0.00, 95.76, 1.00, 2.98, 35.03, 27.68, 72.42, 27.63, 83.68, 28.10, 60.51, 27.97, 69.03, 30.31, 29.41, -999
11/09/16 19, 3.50, 1.84, 4.51, 2.75, 1.48, 5.50, 2.72, 96.75, 1.00, 96.77, 1.00, 0.00, 0.00, 0.00, 0.00, 0.00, 0.00, 0.00, 0.00, 50.45, 1.00, 36.05, 1.00, 0.00, 0.00, 30.91, 1.00, 0.00, 0.00, 90.55, 1.00, 2.98, 34.72, 27.85, 71.58, 27.80, 84.26, 20.75, 80.87, 20.63, 67.64, 30.44, 29.54, -999
11/09/16 20, 3.29, 2.25, 4.11, 2.73, 1.79, 5.50, 2.59, 97.61, 1.00, 97.63, 1.00, 0.00, 0.00, 0.00, 0.00, 0.00, 0.00, 0.00, 0.00, 50.68, 1.00, 35.85, 1.00, 0.00, 0.00, 30.41, 1.00, 0.00, 0.00, 85.52, 1.00, 2.97, 34.25, 27.98, 68.83, 27.94, 83.94, 20.34, 80.82, 20.23, 68.89, 30.55, 29.65, -999
11/09/16 21, 3.05, 2.61, 3.62, 2.59, 2.08, 5.50, 2.80, 96.98, 1.00, 97.00, 1.00, 0.00, 0.00, 0.00, 0.00, 0.00, 0.00, 0.00, 0.00, 50.59, 1.00, 35.80, 1.00, 0.00, 0.00, 30.92, 1.00, 0.00, 0.00, 85.14, 1.00, 2.98, 34.59, 28.33, 70.63, 28.29, 84.47, 20.52, 81.10, 20.40, 67.38, 30.89, 29.99, -999
11/09/16 22, 2.86, 2.97, 3.22, 2.64, 2.37, 5.50, 2.59, 96.47, 1.00, 96.49, 1.00, 0.00, 0.00, 0.00, 0.00, 0.00, 0.00, 0.00, 0.00, 50.96, 1.00, 35.31, 1.00, 0.00, 0.00, 30.52, 1.00, 0.00, 0.00, 84.57, 1.00, 2.98, 34.87, 28.64, 70.85, 28.60, 84.04, 20.95, 82.39, 20.84, 69.15, 31.20, 30.30, -999
11/09/16 23, 2.73, 3.23, 3.06, 2.51, 2.83, 5.50, 2.84, 96.77, 1.00, 96.79, 1.00, 0.00, 0.00, 35.55, 1.00, 0.00, 0.00, 0.00, 0.00, 49.96, 1.00, 35.27, 1.00, 0.00, 0.00, 30.34, 1.00, 0.00, 0.00, 87.37, 1.00, 2.98, 34.71, 27.63, 88.78, 27.70, 85.12, 20.80, 82.30, 20.69, 69.59, 30.62, 29.72, -999
12/09/16 00, 2.59, 3.25, 3.55, 2.77, 3.22, 5.50, 3.13, 97.32, 1.00, 97.34, 1.00, 0.00, 0.00, 35.83, 1.00, 0.00, 0.00, 0.00, 0.00, 49.74, 1.00, 35.07, 1.00, 0.00, 0.00, 30.17, 1.00, 0.00, 0.00, 84.75, 1.00, 2.97, 34.41, 27.64, 88.29, 27.71, 85.56, 20.55, 82.40, 20.44, 69.90, 30.62, 29.72, -999
12/09/16 01, 2.43, 3.24, 4.00, 3.08, 3.61, 5.50, 3.45, 96.47, 1.00, 96.49, 1.00, 0.00, 0.00, 34.82, 1.00, 0.00, 0.00, 0.00, 0.00, 48.73, 1.00, 34.57, 1.00, 0.00, 0.00, 29.97, 1.00, 0.00, 0.00, 87.68, 1.00, 2.98, 34.87, 27.67, 90.07, 27.74, 87.51, 21.08, 83.79, 20.97, 71.06, 30.65, 29.75, -999
12/09/16 02, 2.38, 3.28, 4.51, 3.70, 3.87, 5.50, 3.95, 95.79, 1.00, 95.81, 1.00, 0.00, 0.00, 33.85, 1.00, 0.00, 0.00, 0.00, 0.00, 48.73, 1.00, 0.00, 0.00, 0.00, 0.00, 30.96, 1.00, 0.00, 0.00, 90.31, 1.00, 2.98, 35.23, 27.77, 91.80, 27.83, 87.60, 27.69, 64.20, 27.58, 74.41, 30.75, 29.85, -999
12/09/16 03, 2.48, 3.37, 5.05, 4.26, 3.34, 5.50, 4.78, 95.41, 1.00, 95.43, 1.00, 0.00, 0.00, 33.04, 1.00, 0.00, 0.00, 0.00, 0.00, 48.07, 1.00, 0.00, 0.00, 0.00, 0.00, 29.91, 1.00, 0.00, 0.00, 91.29, 1.00, 2.98, 35.44, 27.91, 93.26, 27.97, 88.97, 28.04, 64.06, 27.93, 78.21, 30.88, 29.98, -999
12/09/16 04, 2.76, 3.87, 5.17, 4.05, 2.89, 5.26, 3.75, 93.25, 1.00, 93.26, 1.00, 0.00, 0.00, 0.00, 0.00, 0.00, 0.00, 0.00, 0.00, 0.00, 0.00, 0.00, 0.00, 0.00, 0.00, 0.00, 0.00, 0.00, 0.00, 72.92, 1.00, 2.98, 36.59, 32.50, 77.10, 32.50, 67.76, 31.70, 63.73, 31.70, 60.71, 34.80, 33.90, -999
12/09/16 05, 3.09, 4.64, 5.02, 3.06, 2.47, 5.03, 2.95, 92.56, 1.00, 92.58, 1.00, 0.00, 0.00, 0.00, 0.00, 0.00, 0.00, 0.00, 0.00, 0.00, 0.00, 0.00, 0.00, 0.00, 0.00, 0.00, 0.00, 0.00, 0.00, 71.70, 1.00, 2.98, 36.95, 33.15, 74.01, 33.15, 67.41, 32.16, 62.44, 32.16, 59.18, 35.45, 34.55, -999
12/09/16 06, 3.31, 5.03, 4.69, 3.72, 1.88, 5.08, 2.87, 94.29, 1.00, 94.31, 1.00, 0.00, 0.00, 0.00, 0.00, 0.00, 0.00, 0.00, 0.00, 49.88, 1.00, 0.00, 0.00, 0.00, 0.00, 32.42, 1.00, 0.00, 0.00, 80.73, 1.00, 2.98, 36.03, 30.59, 75.91, 30.55, 88.12, 28.58, 62.64, 28.45, 70.22, 33.12, 32.22, -999
12/09/16 07, 3.42, 5.35, 4.49, 4.26, 1.60, 5.39, 3.47, 94.82, 1.00, 94.83, 1.00, 0.00, 0.00, 0.00, 0.00, 0.00, 0.00, 0.00, 0.00, 49.94, 1.00, 35.76, 1.00, 0.00, 0.00, 30.47, 1.00, 0.00, 0.00, 76.64, 1.00, 2.98, 35.75, 30.73, 74.09, 30.69, 88.16, 21.84, 82.50, 21.73, 70.21, 33.24, 32.34, -999
12/09/16 08, 3.55, 5.50, 4.19, 3.91, 2.12, 5.50, 4.36, 91.32, 1.00, 91.34, 1.00, 0.00, 0.00, 0.00, 0.00, 0.00, 0.00, 0.00, 0.00, 0.00, 0.00, 36.81, 1.00, 0.00, 0.00, 30.57, 1.00, 0.00, 0.00, 0.00, 0.00, 2.98, 37.60, 30.50, 71.99, 30.50, 61.23, 22.80, 81.57, 22.69, 70.83, 40.94, 31.69, -999
12/09/16 09, 3.80, 5.25, 3.82, 3.01, 2.36, 5.50, 4.59, 93.53, 1.00, 93.55, 1.00, 0.00, 0.00, 0.00, 0.00, 0.00, 0.00, 0.00, 0.00, 50.49, 1.00, 35.95, 1.00, 0.00, 0.00, 30.71, 1.00, 0.00, 0.00, 0.00, 0.00, 2.98, 36.44, 28.23, 70.93, 28.19, 84.57, 22.03, 82.33, 21.92, 69.61, 39.81, 29.61, -999
12/09/16 10, 3.92, 4.72, 3.42, 2.99, 2.75, 5.50, 4.50, 91.36, 1.00, 91.38, 1.00, 0.00, 0.00, 0.00, 0.00, 0.00, 0.00, 0.00, 0.00, 50.16, 1.00, 36.32, 1.00, 0.00, 0.00, 30.34, 1.00, 0.00, 0.00, 0.00, 0.00, 2.98, 37.59, 27.72, 70.93, 27.68, 84.70, 23.13, 82.78, 23.02, 71.92, 41.03, 29.09, -999
12/09/16 11, 4.18, 4.19, 3.03, 3.05, 3.13, 5.39, 4.29, 88.74, 1.00, 88.76, 1.00, 0.00, 0.00, 0.00, 0.00, 0.00, 0.00, 0.00, 0.00, 49.33, 1.00, 37.80, 1.00, 0.00, 0.00, 0.00, 0.00, 0.00, 0.00, 0.00, 0.00, 2.98, 38.96, 27.25, 70.80, 27.21, 85.85, 30.77, 87.63, 30.77, 58.63, 42.92, 28.62, -999
12/09/16 12, 4.59, 3.34, 3.42, 3.36, 3.82, 5.05, 2.76, 112.29, 1.00, 0.00, 0.00, 0.00, 0.00, 33.29, 1.00, 0.00, 0.00, 0.00, 0.00, 47.62, 1.00, 37.66, 1.00, 0.00, 0.00, 0.00, 0.00, 0.00, 0.00, 0.00, 0.00, 2.99, 26.16, 23.40, 88.35, 23.46, 85.28, 28.61, 85.72, 28.61, 56.32, 38.77, 25.14, -999
12/09/16 13, 4.55, 2.49, 3.89, 3.70, 3.57, 5.19, 2.75, 111.23, 1.00, 0.00, 0.00, 0.00, 0.00, 33.27, 1.00, 0.00, 0.00, 0.00, 0.00, 47.08, 1.00, 0.00, 0.00, 0.00, 0.00, 32.91, 1.00, 0.00, 0.00, 0.00, 0.00, 2.99, 26.77, 22.61, 87.60, 22.67, 85.45, 29.60, 62.82, 29.47, 69.48, 39.22, 24.34, -999
12/09/16 14, 4.66, 1.64, 4.33, 4.06, 2.86, 5.47, 3.16, 111.53, 1.00, 0.00, 0.00, 0.00, 0.00, 32.59, 1.00, 0.00, 0.00, 0.00, 0.00, 47.34, 1.00, 0.00, 0.00, 0.00, 0.00, 33.05, 1.00, 0.00, 0.00, 0.00, 0.00, 2.99, 26.59, 21.81, 87.88, 21.86, 84.18, 29.52, 62.41, 29.39, 68.89, 39.11, 23.53, -999
12/09/16 15, 4.74, 0.79, 4.77, 4.09, 2.20, 5.50, 3.51, 112.16, 1.00, 0.00, 0.00, 0.00, 0.00, 32.18, 1.00, 0.00, 0.00, 0.00, 0.00, 47.05, 1.00, 0.00, 0.00, 0.00, 0.00, 32.50, 1.00, 0.00, 0.00, 0.00, 0.00, 2.99, 26.24, 21.04, 87.75, 21.10, 83.94, 29.44, 61.89, 29.31, 70.80, 38.89, 22.76, -999
12/09/16 16, 4.46, 0.61, 5.22, 4.11, 1.56, 5.50, 3.68, 116.72, 1.00, 0.00, 0.00, 0.00, 0.00, 33.85, 1.00, 0.00, 0.00, 0.00, 0.00, 48.55, 1.00, 0.00, 0.00, 0.00, 0.00, 31.37, 1.00, 0.00, 0.00, 99.33, 1.00, 2.99, 23.64, 25.29, 89.32, 25.35, 85.46, 27.26, 60.59, 27.15, 72.59, 28.32, 27.42, -999
12/09/16 17, 3.99, 0.96, 5.00, 4.28, 1.75, 5.50, 4.12, 118.46, 1.00, 0.00, 0.00, 0.00, 0.00, 0.00, 0.00, 0.00, 0.00, 0.00, 0.00, 48.63, 1.00, 34.95, 1.00, 0.00, 0.00, 29.11, 1.00, 0.00, 0.00, 82.92, 1.00, 2.99, 22.64, 26.68, 73.57, 26.64, 86.60, 19.83, 81.89, 19.73, 72.53, 29.22, 28.32, -999
12/09/16 18, 3.53, 1.43, 4.65, 4.05, 2.26, 5.50, 4.79, 117.89, 1.00, 0.00, 0.00, 0.00, 0.00, 0.00, 0.00, 0.00, 0.00, 0.00, 0.00, 0.00, 0.00, 35.17, 1.00, 0.00, 0.00, 29.62, 1.00, 0.00, 0.00, 64.37, 1.00, 2.99, 22.97, 29.31, 70.88, 29.31, 63.03, 19.94, 81.61, 19.84, 71.05, 31.57, 30.67, -999
12/09/16 19, 3.19, 2.02, 4.22, 3.05, 2.70, 5.20, 3.47, 117.21, 1.00, 0.00, 0.00, 0.00, 0.00, 0.00, 0.00, 0.00, 0.00, 0.00, 0.00, 50.03, 1.00, 37.65, 1.00, 0.00, 0.00, 0.00, 0.00, 0.00, 0.00, 81.67, 1.00, 2.99, 23.36, 27.61, 69.70, 27.57, 84.84, 25.88, 83.03, 25.88, 54.99, 30.15, 29.25, -999
12/09/16 20, 2.82, 2.31, 3.76, 3.14, 2.92, 5.03, 2.35, 119.35, 1.00, 0.00, 0.00, 0.00, 0.00, 0.00, 0.00, 0.00, 0.00, 0.00, 0.00, 50.01, 1.00, 34.76, 1.00, 0.00, 0.00, 30.77, 1.00, 0.00, 0.00, 70.68, 1.00, 2.99, 22.12, 27.48, 69.63, 27.44, 84.76, 18.79, 81.18, 18.68, 66.15, 29.96, 29.06, -999
12/09/16 21, 2.39, 2.52, 3.32, 3.20, 3.22, 5.09, 2.07, 120.69, 1.00, 0.00, 0.00, 0.00, 0.00, 0.00, 0.00, 0.00, 0.00, 0.00, 0.00, 50.07, 1.00, 34.77, 1.00, 0.00, 0.00, 30.57, 1.00, 0.00, 0.00, 63.07, 1.00, 2.99, 21.35, 27.48, 68.55, 27.44, 84.64, 17.95, 80.32, 17.84, 65.98, 29.92, 29.02, -999
12/09/16 22, 1.93, 2.53, 3.13, 3.20, 3.36, 5.14, 1.82, 120.51, 1.00, 0.00, 0.00, 0.00, 0.00, 36.86, 1.00, 0.00, 0.00, 0.00, 0.00, 50.19, 1.00, 34.58, 1.00, 0.00, 0.00, 30.57, 1.00, 0.00, 0.00, 67.56, 1.00, 2.99, 21.45, 26.59, 85.39, 26.66, 83.64, 18.07, 80.77, 17.96, 66.11, 29.49, 28.59, -999
12/09/16 23, 1.50, 2.32, 3.50, 2.86, 3.57, 5.22, 1.70, 120.47, 1.00, 0.00, 0.00, 0.00, 0.00, 35.20, 1.00, 0.00, 0.00, 0.00, 0.00, 49.95, 1.00, 34.17, 1.00, 0.00, 0.00, 30.56, 1.00, 0.00, 0.00, 68.42, 1.00, 2.99, 21.48, 26.48, 88.25, 26.55, 84.00, 18.17, 81.56, 18.06, 66.22, 29.37, 28.47, -999
13/09/16 00, 1.12, 2.14, 3.97, 2.81, 3.90, 5.31, 1.65, 120.98, 1.00, 0.00, 0.00, 0.00, 0.00, 34.93, 1.00, 0.00, 0.00, 0.00, 0.00, 49.08, 1.00, 33.69, 1.00, 0.00, 0.00, 30.01, 1.00, 0.00, 0.00, 67.00, 1.00, 2.99, 21.18, 26.31, 88.52, 26.38, 85.49, 18.07, 82.25, 17.96, 67.91, 29.17, 28.27, -999
13/09/16 01, 0.97, 2.08, 4.43, 3.16, 3.50, 5.50, 2.32, 98.27, 1.00, 98.29, 1.00, 0.00, 0.00, 35.04, 1.00, 0.00, 0.00, 0.00, 0.00, 48.95, 1.00, 0.00, 0.00, 0.00, 0.00, 31.47, 1.00, 0.00, 0.00, 86.15, 1.00, 2.97, 33.90, 26.50, 88.53, 26.56, 85.92, 25.91, 63.73, 25.79, 70.91, 29.47, 28.57, -999
13/09/16 02, 1.01, 2.11, 4.87, 3.54, 2.95, 5.50, 2.83, 97.51, 1.00, 97.53, 1.00, 0.00, 0.00, 33.64, 1.00, 0.00, 0.00, 0.00, 0.00, 48.42, 1.00, 0.00, 0.00, 0.00, 0.00, 30.84, 1.00, 0.00, 0.00, 88.74, 1.00, 2.97, 34.31, 26.59, 90.97, 26.65, 87.00, 26.29, 63.24, 26.17, 73.44, 29.55, 28.65, -999
13/09/16 03, 1.10, 2.18, 5.38, 4.05, 2.42, 5.50, 3.69, 96.50, 1.00, 96.52, 1.00, 0.00, 0.00, 0.00, 0.00, 0.00, 0.00, 0.00, 0.00, 48.07, 1.00, 0.00, 0.00, 0.00, 0.00, 29.72, 1.00, 0.00, 0.00, 85.44, 1.00, 2.98, 34.85, 28.06, 76.22, 28.02, 89.00, 26.90, 63.01, 26.80, 77.68, 30.61, 29.71, -999
13/09/16 04, 1.29, 2.66, 5.15, 4.38, 1.94, 5.49, 4.97, 94.75, 1.00, 94.77, 1.00, 0.00, 0.00, 0.00, 0.00, 0.00, 0.00, 0.00, 0.00, 0.00, 0.00, 0.00, 0.00, 0.00, 0.00, 0.00, 0.00, 0.00, 0.00, 72.57, 1.00, 2.98, 35.79, 31.25, 76.38, 31.25, 68.68, 30.34, 62.96, 30.34, 61.09, 33.55, 32.65, -999
13/09/16 05, 1.63, 3.42, 4.95, 3.48, 1.57, 5.27, 3.91, 94.10, 1.00, 94.12, 1.00, 0.00, 0.00, 0.00, 0.00, 0.00, 0.00, 0.00, 0.00, 0.00, 0.00, 0.00, 0.00, 0.00, 0.00, 0.00, 0.00, 0.00, 0.00, 71.30, 1.00, 2.98, 36.14, 31.90, 75.28, 31.90, 66.95, 30.80, 62.80, 30.80, 58.75, 34.19, 33.29, -999
13/09/16 06, 1.84, 3.94, 4.69, 3.34, 2.13, 4.93, 2.49, 96.46, 1.00, 96.48, 1.00, 0.00, 0.00, 0.00, 0.00, 0.00, 0.00, 0.00, 0.00, 49.32, 1.00, 34.91, 1.00, 0.00, 0.00, 30.50, 1.00, 0.00, 0.00, 76.26, 1.00, 2.98, 34.87, 29.33, 74.50, 29.29, 87.95, 20.51, 82.65, 20.40, 68.94, 31.84, 30.94, -999
13/09/16 07, 1.84, 4.22, 4.40, 3.95, 2.68, 5.22, 3.07, 95.95, 1.00, 95.97, 1.00, 0.00, 0.00, 0.00, 0.00, 0.00, 0.00, 0.00, 0.00, 49.92, 1.00, 34.77, 1.00, 0.00, 0.00, 30.73, 1.00, 0.00, 0.00, 76.22, 1.00, 2.98, 35.15, 29.58, 71.10, 29.54, 87.03, 20.67, 83.05, 20.56, 68.18, 32.09, 31.19, -999
13/09/16 08, 1.88, 4.50, 3.99, 4.29, 3.22, 5.45, 3.31, 97.49, 1.00, 97.50, 1.00, 0.00, 0.00, 0.00, 0.00, 0.00, 0.00, 0.00, 0.00, 50.48, 1.00, 34.75, 1.00, 0.00, 0.00, 31.07, 1.00, 0.00, 0.00, 69.84, 1.00, 2.97, 34.32, 29.62, 71.54, 29.58, 85.98, 19.98, 82.39, 19.86, 66.35, 32.09, 31.19, -999
13/09/16 09, 1.79, 4.69, 3.60, 4.31, 3.63, 5.40, 2.69, 98.24, 1.00, 98.26, 1.00, 0.00, 0.00, 0.00, 0.00, 0.00, 0.00, 0.00, 0.00, 50.23, 1.00, 35.01, 1.00, 0.00, 0.00, 30.65, 1.00, 0.00, 0.00, 65.41, 1.00, 2.97, 33.92, 29.70, 69.82, 29.66, 86.55, 19.59, 81.56, 19.48, 67.36, 32.16, 31.26, -999
13/09/16 10, 1.66, 4.85, 3.17, 4.47, 3.87, 5.50, 2.83, 97.23, 1.00, 97.25, 1.00, 0.00, 0.00, 0.00, 0.00, 0.00, 0.00, 0.00, 0.00, 50.05, 1.00, 35.00, 1.00, 0.00, 0.00, 30.61, 1.00, 0.00, 0.00, 67.61, 1.00, 2.97, 34.46, 29.92, 70.20, 29.88, 87.13, 20.02, 82.00, 19.91, 67.91, 32.38, 31.48, -999
13/09/16 11, 1.69, 5.23, 3.21, 3.22, 3.85, 5.50, 2.81, 96.75, 1.00, 96.77, 1.00, 0.00, 0.00, 36.84, 1.00, 0.00, 0.00, 0.00, 0.00, 0.00, 0.00, 0.00, 0.00, 0.00, 0.00, 32.23, 1.00, 0.00, 0.00, 64.61, 1.00, 2.98, 34.72, 30.62, 89.46, 30.73, 63.46, 26.76, 62.60, 26.64, 69.08, 33.10, 32.20, -999
13/09/16 12, 1.78, 5.18, 3.70, 3.10, 3.06, 5.50, 2.84, 97.23, 1.00, 97.25, 1.00, 0.00, 0.00, 34.39, 1.00, 0.00, 0.00, 0.00, 0.00, 50.40, 1.00, 0.00, 0.00, 0.00, 0.00, 31.85, 1.00, 0.00, 0.00, 70.02, 1.00, 2.97, 34.46, 29.39, 92.53, 29.46, 86.01, 26.69, 61.96, 26.57, 70.36, 32.28, 31.38, -999
13/09/16 13, 1.85, 5.03, 4.28, 3.37, 2.30, 5.50, 3.14, 96.69, 1.00, 96.71, 1.00, 0.00, 0.00, 35.50, 1.00, 0.00, 0.00, 0.00, 0.00, 50.28, 1.00, 0.00, 0.00, 0.00, 0.00, 32.40, 1.00, 0.00, 0.00, 73.35, 1.00, 2.98, 34.75, 29.28, 90.52, 29.35, 86.14, 26.85, 62.16, 26.73, 68.57, 32.20, 31.30, -999
13/09/16 14, 1.94, 4.90, 4.79, 3.63, 1.68, 5.50, 2.98, 96.48, 1.00, 96.50, 1.00, 0.00, 0.00, 35.89, 1.00, 0.00, 0.00, 0.00, 0.00, 50.33, 1.00, 0.00, 0.00, 0.00, 0.00, 31.20, 1.00, 0.00, 0.00, 75.37, 1.00, 2.98, 34.86, 29.18, 89.73, 29.25, 85.95, 27.16, 60.49, 27.04, 73.08, 32.11, 31.21, -999
13/09/16 15, 1.93, 4.78, 5.25, 3.80, 1.78, 5.50, 3.64, 96.83, 1.00, 96.85, 1.00, 0.00, 0.00, 35.02, 1.00, 0.00, 0.00, 0.00, 0.00, 50.08, 1.00, 35.13, 1.00, 0.00, 0.00, 29.66, 1.00, 0.00, 0.00, 73.94, 1.00, 2.98, 34.68, 29.06, 91.12, 29.13, 86.32, 20.57, 82.32, 20.46, 71.55, 31.97, 31.07, -999
13/09/16 16, 1.90, 4.91, 5.11, 4.04, 2.31, 5.50, 4.19, 97.52, 1.00, 97.54, 1.00, 0.00, 0.00, 0.00, 0.00, 0.00, 0.00, 0.00, 0.00, 49.93, 1.00, 35.25, 1.00, 0.00, 0.00, 29.74, 1.00, 0.00, 0.00, 66.83, 1.00, 2.97, 34.30, 29.96, 73.75, 29.92, 87.41, 20.17, 81.70, 20.07, 70.91, 32.42, 31.52, -999
13/09/16 17, 1.81, 5.08, 4.77, 4.42, 2.70, 5.50, 4.53, 96.46, 1.00, 96.48, 1.00, 0.00, 0.00, 0.00, 0.00, 0.00, 0.00, 0.00, 0.00, 50.36, 1.00, 35.06, 1.00, 0.00, 0.00, 29.78, 1.00, 0.00, 0.00, 69.01, 1.00, 2.98, 34.87, 30.18, 73.95, 30.14, 86.77, 20.59, 82.46, 20.49, 71.20, 32.65, 31.75, -999
13/09/16 18, 1.88, 5.47, 4.46, 3.75, 3.16, 5.43, 4.46, 96.00, 1.00, 96.02, 1.00, 0.00, 0.00, 0.00, 0.00, 0.00, 0.00, 0.00, 0.00, 0.00, 0.00, 37.26, 1.00, 0.00, 0.00, 0.00, 0.00, 0.00, 0.00, 53.24, 1.00, 2.98, 35.12, 32.49, 72.07, 32.49, 62.98, 26.46, 84.33, 26.46, 57.60, 34.70, 33.80, -999
13/09/16 19, 2.23, 5.23, 4.07, 3.10, 3.58, 5.04, 2.68, 93.96, 1.00, 93.98, 1.00, 0.00, 0.00, 0.00, 0.00, 0.00, 0.00, 0.00, 0.00, 50.73, 1.00, 36.77, 1.00, 0.00, 0.00, 0.00, 0.00, 0.00, 0.00, 0.00, 0.00, 2.98, 36.21, 28.19, 69.65, 28.15, 84.05, 27.58, 86.35, 27.58, 55.54, 39.36, 29.57, -999
13/09/16 20, 2.45, 4.69, 3.62, 2.87, 3.86, 5.07, 2.31, 92.48, 1.00, 92.50, 1.00, 0.00, 0.00, 0.00, 0.00, 0.00, 0.00, 0.00, 0.00, 50.35, 1.00, 0.00, 0.00, 0.00, 0.00, 33.25, 1.00, 0.00, 0.00, 0.00, 0.00, 2.98, 36.99, 27.68, 70.40, 27.64, 84.30, 28.89, 61.94, 28.76, 67.52, 40.33, 29.06, -999
13/09/16 21, 2.79, 4.16, 3.21, 2.83, 2.99, 5.22, 2.24, 92.25, 1.00, 92.27, 1.00, 0.00, 0.00, 0.00, 0.00, 0.00, 0.00, 0.00, 0.00, 50.58, 1.00, 0.00, 0.00, 0.00, 0.00, 33.31, 1.00, 0.00, 0.00, 0.00, 0.00, 2.98, 37.11, 27.13, 69.55, 27.09, 83.29, 29.14, 60.47, 29.01, 67.52, 40.55, 28.51, -999
13/09/16 22, 3.13, 3.44, 3.22, 2.39, 2.04, 5.36, 2.59, 92.20, 1.00, 92.22, 1.00, 0.00, 0.00, 34.90, 1.00, 0.00, 0.00, 0.00, 0.00, 48.90, 1.00, 0.00, 0.00, 0.00, 0.00, 33.44, 1.00, 0.00, 0.00, 0.00, 0.00, 2.98, 37.14, 23.16, 85.44, 23.23, 82.69, 29.29, 60.90, 29.16, 67.20, 40.66, 24.94, -999
13/09/16 23, 3.51, 2.55, 3.60, 2.24, 1.62, 4.97, 2.84, 93.19, 1.00, 93.21, 1.00, 0.00, 0.00, 33.97, 1.00, 0.00, 0.00, 0.00, 0.00, 48.43, 1.00, 34.46, 1.00, 0.00, 0.00, 25.17, 1.00, 25.13, 1.00, 0.00, 0.00, 2.98, 36.62, 22.44, 86.28, 22.50, 82.83, 16.84, 79.83, 16.56, 80.37, 39.76, 24.20, -999
14/09/16 00, 3.66, 1.68, 4.00, 2.23, 1.98, 5.23, 3.13, 91.44, 1.00, 91.46, 1.00, 0.00, 0.00, 32.61, 1.00, 0.00, 0.00, 0.00, 0.00, 47.71, 1.00, 37.93, 1.00, 0.00, 0.00, 0.00, 0.00, 0.00, 0.00, 0.00, 0.00, 2.98, 37.54, 21.81, 87.84, 21.86, 83.52, 29.21, 85.83, 29.21, 54.31, 41.20, 23.54, -999
14/09/16 01, 3.84, 0.83, 4.44, 2.46, 2.51, 5.47, 3.45, 90.22, 1.00, 90.24, 1.00, 0.00, 0.00, 32.52, 1.00, 0.00, 0.00, 0.00, 0.00, 46.76, 1.00, 37.87, 1.00, 0.00, 0.00, 0.00, 0.00, 0.00, 0.00, 0.00, 0.00, 2.98, 38.18, 21.07, 87.25, 21.13, 84.47, 29.89, 86.62, 29.89, 55.20, 41.96, 22.79, -999
14/09/16 02, 3.81, 0.65, 4.89, 2.93, 3.07, 5.50, 3.95, 94.77, 1.00, 94.79, 1.00, 0.00, 0.00, 32.96, 1.00, 0.00, 0.00, 0.00, 0.00, 48.43, 1.00, 37.08, 1.00, 0.00, 0.00, 0.00, 0.00, 0.00, 0.00, 110.76, 1.00, 2.98, 35.78, 25.77, 91.25, 25.83, 86.16, 28.10, 86.30, 28.10, 57.49, 28.88, 27.98, -999
14/09/16 03, 3.75, 1.00, 5.24, 3.42, 3.67, 5.36, 4.78, 94.80, 1.00, 94.81, 1.00, 0.00, 0.00, 0.00, 0.00, 0.00, 0.00, 0.00, 0.00, 48.40, 1.00, 33.13, 1.00, 0.00, 0.00, 23.64, 1.00, 23.60, 1.00, 99.34, 1.00, 2.98, 35.76, 27.69, 76.13, 27.65, 88.04, 18.20, 83.38, 17.95, 85.43, 30.34, 29.44, 1
14/09/16 04, 3.80, 1.56, 5.02, 4.09, 3.79, 5.40, 3.75, 94.44, 1.00, 94.45, 1.00, 0.00, 0.00, 0.00, 0.00, 0.00, 0.00, 0.00, 0.00, 46.61, 1.00, 0.00, 0.00, 0.00, 0.00, 24.67, 1.00, 24.63, 1.00, 97.81, 1.00, 2.98, 35.96, 28.28, 75.67, 28.24, 91.85, 25.90, 64.83, 25.63, 90.68, 30.90, 30.00, 1
14/09/16 05, 4.00, 2.28, 4.78, 4.41, 3.42, 5.22, 2.95, 91.79, 1.00, 91.81, 1.00, 0.00, 0.00, 0.00, 0.00, 0.00, 0.00, 0.00, 0.00, 0.00, 0.00, 0.00, 0.00, 0.00, 0.00, 0.00, 0.00, 0.00, 0.00, 85.20, 1.00, 2.98, 37.36, 32.12, 75.38, 32.12, 67.56, 32.84, 63.42, 32.84, 56.20, 34.49, 33.59, 1
14/09/16 06, 4.21, 3.15, 4.53, 3.35, 2.83, 5.36, 2.87, 93.26, 1.00, 93.28, 1.00, 0.00, 0.00, 0.00, 0.00, 0.00, 0.00, 0.00, 0.00, 0.00, 0.00, 0.00, 0.00, 0.00, 0.00, 0.00, 0.00, 0.00, 0.00, 77.80, 1.00, 2.98, 36.58, 32.24, 74.62, 32.24, 63.78, 32.42, 62.39, 32.42, 57.25, 34.57, 33.67, 1
14/09/16 07, 4.29, 3.69, 4.26, 3.24, 2.17, 5.48, 3.47, 94.31, 1.00, 94.32, 1.00, 0.00, 0.00, 0.00, 0.00, 0.00, 0.00, 0.00, 0.00, 50.47, 1.00, 0.00, 0.00, 0.00, 0.00, 0.00, 0.00, 0.00, 0.00, 90.79, 1.00, 2.98, 36.03, 29.71, 71.43, 29.67, 86.07, 32.02, 62.22, 32.02, 56.88, 32.31, 31.41, 1
14/09/16 08, 4.36, 4.10, 3.86, 3.49, 1.59, 5.36, 4.36, 94.92, 1.00, 94.94, 1.00, 0.00, 0.00, 0.00, 0.00, 0.00, 0.00, 0.00, 0.00, 51.07, 1.00, 0.00, 0.00, 0.00, 0.00, 27.06, 1.00, 27.02, 1.00, 86.14, 1.00, 2.98, 35.70, 29.84, 70.85, 29.80, 85.02, 24.98, 61.22, 24.66, 83.46, 32.42, 31.52, 1
14/09/16 09, 4.21, 4.45, 3.46, 3.39, 1.80, 5.50, 4.59, 94.55, 1.00, 94.56, 1.00, 0.00, 0.00, 0.00, 0.00, 0.00, 0.00, 0.00, 0.00, 50.47, 1.00, 38.16, 1.00, 0.00, 0.00, 0.00, 0.00, 0.00, 0.00, 85.09, 1.00, 2.98, 35.90, 30.17, 69.81, 30.13, 86.55, 28.21, 84.39, 28.21, 54.67, 32.74, 31.84, 1
14/09/16 10, 4.09, 4.79, 3.03, 3.69, 2.19, 5.50, 4.50, 94.66, 1.00, 94.68, 1.00, 0.00, 0.00, 0.00, 0.00, 0.00, 0.00, 0.00, 0.00, 50.98, 1.00, 38.03, 1.00, 0.00, 0.00, 0.00, 0.00, 0.00, 0.00, 82.75, 1.00, 2.98, 35.84, 30.38, 70.69, 30.33, 85.72, 28.11, 84.53, 28.11, 55.60, 32.93, 32.03, 1
14/09/16 11, 3.98, 4.80, 3.46, 3.72, 2.59, 5.50, 4.29, 96.24, 1.00, 96.26, 1.00, 0.00, 0.00, 36.54, 1.00, 0.00, 0.00, 0.00, 0.00, 50.66, 1.00, 34.10, 1.00, 0.00, 0.00, 22.01, 1.00, 21.97, 1.00, 80.53, 1.00, 2.98, 34.99, 29.13, 88.52, 29.20, 85.23, 18.08, 81.65, 17.86, 88.90, 32.11, 31.21, 1
14/09/16 12, 3.81, 4.75, 3.93, 3.66, 3.09, 5.50, 2.76, 95.69, 1.00, 95.71, 1.00, 0.00, 0.00, 34.83, 1.00, 0.00, 0.00, 0.00, 0.00, 50.48, 1.00, 37.36, 1.00, 0.00, 0.00, 0.00, 0.00, 0.00, 0.00, 84.42, 1.00, 2.98, 35.29, 29.15, 91.54, 29.21, 85.61, 27.72, 85.40, 27.72, 56.98, 32.12, 31.22, 1
14/09/16 13, 3.70, 4.73, 4.47, 3.74, 3.57, 5.34, 2.75, 96.36, 1.00, 96.38, 1.00, 0.00, 0.00, 36.64, 1.00, 0.00, 0.00, 0.00, 0.00, 49.49, 1.00, 33.81, 1.00, 0.00, 0.00, 24.54, 1.00, 24.50, 1.00, 79.64, 1.00, 2.98, 34.93, 29.06, 88.27, 29.14, 87.47, 16.47, 80.55, 16.21, 81.55, 32.03, 31.13, 1
14/09/16 14, 3.55, 4.68, 4.90, 4.22, 3.86, 5.43, 3.16, 96.01, 1.00, 96.03, 1.00, 0.00, 0.00, 35.23, 1.00, 0.00, 0.00, 0.00, 0.00, 50.18, 1.00, 33.56, 1.00, 0.00, 0.00, 24.76, 1.00, 24.72, 1.00, 81.04, 1.00, 2.98, 35.12, 29.05, 90.75, 29.12, 86.11, 16.58, 81.07, 16.31, 81.13, 32.01, 31.11, 1
14/09/16 15, 3.54, 4.73, 5.23, 4.32, 3.58, 5.25, 3.51, 95.43, 1.00, 95.45, 1.00, 0.00, 0.00, 0.00, 0.00, 0.00, 0.00, 0.00, 0.00, 50.51, 1.00, 0.00, 0.00, 0.00, 0.00, 26.11, 1.00, 25.99, 1.00, 79.31, 1.00, 2.98, 35.42, 30.19, 72.69, 30.15, 86.48, 24.78, 62.60, 24.48, 86.07, 32.72, 31.82, 1
14/09/16 16, 3.60, 5.05, 4.85, 4.44, 2.84, 5.28, 3.68, 95.09, 1.00, 95.11, 1.00, 0.00, 0.00, 0.00, 0.00, 0.00, 0.00, 0.00, 0.00, 50.40, 1.00, 0.00, 0.00, 0.00, 0.00, 26.58, 1.00, 26.54, 1.00, 78.51, 1.00, 2.98, 35.61, 30.48, 73.61, 30.44, 87.00, 24.71, 61.43, 24.41, 84.52, 33.00, 32.10, 1
14/09/16 17, 3.70, 5.61, 4.51, 3.42, 2.03, 5.45, 4.12, 90.74, 1.00, 90.75, 1.00, 0.00, 0.00, 0.00, 0.00, 0.00, 0.00, 0.00, 0.00, 0.00, 0.00, 0.00, 0.00, 0.00, 0.00, 26.28, 1.00, 26.24, 1.00, 0.00, 0.00, 2.98, 37.91, 30.61, 73.19, 30.61, 61.63, 26.58, 61.14, 26.28, 87.19, 41.47, 31.80, 1
14/09/16 18, 4.09, 5.22, 4.17, 3.08, 1.58, 5.43, 4.79, 91.72, 1.00, 91.74, 1.00, 0.00, 0.00, 0.00, 0.00, 0.00, 0.00, 0.00, 0.00, 49.90, 1.00, 34.42, 1.00, 0.00, 0.00, 24.94, 1.00, 24.91, 1.00, 0.00, 0.00, 2.98, 37.39, 28.24, 72.05, 28.20, 85.74, 17.96, 81.01, 17.69, 82.04, 40.72, 29.62, 1
14/09/16 19, 4.32, 4.69, 3.80, 3.35, 2.11, 5.50, 3.47, 91.24, 1.00, 91.26, 1.00, 0.00, 0.00, 0.00, 0.00, 0.00, 0.00, 0.00, 0.00, 50.53, 1.00, 38.35, 1.00, 0.00, 0.00, 0.00, 0.00, 0.00, 0.00, 0.00, 0.00, 2.98, 37.65, 27.67, 68.36, 27.62, 83.92, 29.52, 85.33, 29.52, 55.38, 41.48, 29.04, 1
14/09/16 20, 4.50, 4.16, 3.31, 2.99, 2.56, 5.50, 2.35, 113.08, 1.00, 0.00, 0.00, 0.00, 0.00, 0.00, 0.00, 0.00, 0.00, 0.00, 0.00, 50.22, 1.00, 34.64, 1.00, 0.00, 0.00, 22.89, 1.00, 22.85, 1.00, 0.00, 0.00, 2.99, 25.72, 27.15, 69.91, 27.11, 84.02, 18.38, 81.03, 18.14, 87.30, 38.20, 28.53, 1
14/09/16 21, 4.41, 3.54, 3.10, 2.84, 2.95, 5.38, 2.07, 114.68, 1.00, 0.00, 0.00, 0.00, 0.00, 35.32, 1.00, 0.00, 0.00, 0.00, 0.00, 48.66, 1.00, 33.91, 1.00, 0.00, 0.00, 25.39, 1.00, 25.35, 1.00, 0.00, 0.00, 2.99, 24.80, 23.24, 84.79, 23.30, 83.21, 16.14, 80.05, 15.86, 79.11, 37.37, 25.02, 1
14/09/16 22, 4.18, 2.65, 3.46, 2.75, 3.23, 5.47, 1.82, 114.22, 1.00, 0.00, 0.00, 0.00, 0.00, 33.91, 1.00, 0.00, 0.00, 0.00, 0.00, 48.45, 1.00, 34.02, 1.00, 0.00, 0.00, 25.15, 1.00, 25.11, 1.00, 0.00, 0.00, 2.99, 25.07, 22.54, 86.47, 22.60, 82.90, 16.50, 80.22, 16.22, 80.06, 37.54, 24.30, 1
14/09/16 23, 4.06, 1.78, 3.88, 2.62, 3.51, 5.24, 1.70, 113.97, 1.00, 0.00, 0.00, 0.00, 0.00, 33.30, 1.00, 0.00, 0.00, 0.00, 0.00, 47.85, 1.00, 33.82, 1.00, 0.00, 0.00, 25.05, 1.00, 25.01, 1.00, 0.00, 0.00, 2.99, 25.21, 21.80, 86.73, 21.86, 83.25, 16.75, 80.82, 16.47, 80.58, 37.64, 23.55, 1
15/09/16 00, 3.91, 0.92, 4.29, 2.70, 3.82, 5.37, 1.65, 112.32, 1.00, 0.00, 0.00, 0.00, 0.00, 32.41, 1.00, 0.00, 0.00, 0.00, 0.00, 47.79, 1.00, 37.48, 1.00, 0.00, 0.00, 0.00, 0.00, 0.00, 0.00, 0.00, 0.00, 2.99, 26.15, 21.06, 87.40, 21.11, 82.61, 28.29, 85.74, 28.29, 54.12, 38.50, 22.78, 1
15/09/16 01, 3.70, 0.58, 4.73, 2.62, 3.58, 5.50, 2.32, 115.90, 1.00, 0.00, 0.00, 0.00, 0.00, 32.66, 1.00, 0.00, 0.00, 0.00, 0.00, 48.71, 1.00, 0.00, 0.00, 0.00, 0.00, 0.00, 0.00, 0.00, 0.00, 102.40, 1.00, 2.99, 24.11, 25.39, 91.35, 25.44, 85.25, 30.26, 63.60, 30.26, 56.87, 28.43, 27.53, 1
15/09/16 02, 3.41, 0.77, 5.26, 3.00, 2.99, 5.34, 2.83, 117.24, 1.00, 0.00, 0.00, 0.00, 0.00, 32.83, 1.00, 0.00, 0.00, 0.00, 0.00, 47.87, 1.00, 0.00, 0.00, 0.00, 0.00, 24.97, 1.00, 24.94, 1.00, 95.03, 1.00, 2.99, 23.34, 25.40, 91.09, 25.46, 86.82, 23.51, 63.23, 23.24, 87.53, 28.39, 27.49, 1
15/09/16 03, 3.21, 1.18, 5.16, 3.62, 2.45, 5.21, 3.69, 116.44, 1.00, 0.00, 0.00, 0.00, 0.00, 0.00, 0.00, 0.00, 0.00, 0.00, 0.00, 48.13, 1.00, 0.00, 0.00, 0.00, 0.00, 24.75, 1.00, 24.71, 1.00, 87.90, 1.00, 2.99, 23.80, 27.18, 76.15, 27.14, 88.03, 24.04, 62.99, 23.77, 88.61, 29.75, 28.85, 1
15/09/16 04, 3.03, 1.62, 4.94, 4.28, 1.96, 5.29, 4.97, 114.93, 1.00, 0.00, 0.00, 0.00, 0.00, 0.00, 0.00, 0.00, 0.00, 0.00, 0.00, 48.55, 1.00, 0.00, 0.00, 0.00, 0.00, 0.00, 0.00, 0.00, 0.00, 91.02, 1.00, 2.99, 24.67, 27.78, 76.69, 27.74, 87.84, 30.42, 62.97, 30.42, 57.70, 30.36, 29.46, 1
15/09/16 05, 2.93, 2.23, 4.77, 3.85, 1.58, 5.38, 3.91, 115.04, 1.00, 0.00, 0.00, 0.00, 0.00, 0.00, 0.00, 0.00, 0.00, 0.00, 0.00, 0.00, 0.00, 0.00, 0.00, 0.00, 0.00, 0.00, 0.00, 0.00, 0.00, 69.00, 1.00, 2.99, 24.60, 30.50, 75.44, 30.50, 68.18, 30.40, 62.29, 30.40, 57.51, 32.78, 31.88, 1
15/09/16 06, 2.75, 2.91, 4.53, 2.95, 2.07, 5.27, 2.49, 118.66, 1.00, 0.00, 0.00, 0.00, 0.00, 0.00, 0.00, 0.00, 0.00, 0.00, 0.00, 49.91, 1.00, 32.75, 1.00, 0.00, 0.00, 23.35, 1.00, 23.32, 1.00, 68.53, 1.00, 2.99, 22.53, 28.02, 74.39, 27.98, 85.52, 15.44, 81.23, 15.20, 83.32, 30.48, 29.58, 1
15/09/16 07, 2.46, 3.16, 4.25, 3.21, 2.75, 5.14, 3.07, 118.76, 1.00, 0.00, 0.00, 0.00, 0.00, 0.00, 0.00, 0.00, 0.00, 0.00, 0.00, 49.40, 1.00, 32.55, 1.00, 0.00, 0.00, 23.95, 1.00, 23.92, 1.00, 65.75, 1.00, 2.99, 22.46, 28.21, 71.66, 28.17, 86.68, 15.05, 81.16, 14.80, 81.54, 30.66, 29.76, 1
15/09/16 08, 2.16, 3.37, 3.86, 3.66, 3.34, 5.21, 3.31, 119.97, 1.00, 0.00, 0.00, 0.00, 0.00, 0.00, 0.00, 0.00, 0.00, 0.00, 0.00, 50.29, 1.00, 32.21, 1.00, 0.00, 0.00, 24.42, 1.00, 24.33, 1.00, 58.29, 1.00, 2.99, 21.76, 28.24, 72.58, 28.20, 84.96, 14.08, 80.72, 13.81, 79.59, 30.66, 29.76, 1
15/09/16 09, 1.78, 3.47, 3.52, 3.60, 3.81, 5.38, 2.69, 119.52, 1.00, 0.00, 0.00, 0.00, 0.00, 0.00, 0.00, 0.00, 0.00, 0.00, 0.00, 49.94, 1.00, 36.65, 1.00, 0.00, 0.00, 0.00, 0.00, 0.00, 0.00, 61.55, 1.00, 2.99, 22.02, 28.41, 68.30, 28.37, 85.82, 24.55, 83.54, 24.55, 54.26, 30.84, 29.94, 1
15/09/16 10, 1.38, 3.50, 3.04, 3.79, 3.95, 5.48, 2.83, 118.07, 1.00, 0.00, 0.00, 0.00, 0.00, 0.00, 0.00, 0.00, 0.00, 0.00, 0.00, 49.94, 1.00, 0.00, 0.00, 0.00, 0.00, 0.00, 0.00, 0.00, 0.00, 67.99, 1.00, 2.99, 22.86, 28.59, 67.66, 28.55, 86.01, 28.66, 62.48, 28.66, 54.25, 31.05, 30.15, 1
15/09/16 11, 1.17, 3.39, 3.23, 3.97, 3.14, 5.50, 2.81, 120.08, 1.00, 0.00, 0.00, 0.00, 0.00, 36.26, 1.00, 0.00, 0.00, 0.00, 0.00, 49.00, 1.00, 0.00, 0.00, 0.00, 0.00, 22.75, 1.00, 22.72, 1.00, 62.88, 1.00, 2.99, 21.70, 27.37, 87.26, 27.44, 86.71, 22.47, 62.70, 22.24, 91.69, 30.23, 29.33, 1
15/09/16 12, 0.99, 3.21, 3.66, 4.34, 2.47, 5.43, 2.84, 98.09, 1.00, 98.11, 1.00, 0.00, 0.00, 35.42, 1.00, 0.00, 0.00, 0.00, 0.00, 49.11, 1.00, 0.00, 0.00, 0.00, 0.00, 25.01, 1.00, 24.97, 1.00, 78.25, 1.00, 2.97, 34.00, 27.57, 88.95, 27.64, 86.69, 22.74, 60.40, 22.47, 86.66, 30.51, 29.61, 1
15/09/16 13, 1.13, 3.38, 4.15, 3.88, 1.58, 5.41, 3.14, 97.08, 1.00, 97.10, 1.00, 0.00, 0.00, 34.61, 1.00, 0.00, 0.00, 0.00, 0.00, 0.00, 0.00, 0.00, 0.00, 0.00, 0.00, 25.87, 1.00, 25.83, 1.00, 72.36, 1.00, 2.97, 34.54, 29.25, 92.01, 29.35, 58.05, 22.81, 61.13, 22.52, 84.53, 31.75, 30.85, 1
15/09/16 14, 1.17, 3.55, 4.70, 2.79, 1.93, 5.40, 2.98, 99.32, 1.00, 99.34, 1.00, 0.00, 0.00, 34.42, 1.00, 0.00, 0.00, 0.00, 0.00, 49.75, 1.00, 33.58, 1.00, 0.00, 0.00, 24.59, 1.00, 24.56, 1.00, 70.32, 1.00, 2.97, 33.33, 27.79, 90.88, 27.85, 85.67, 13.91, 78.36, 13.64, 78.86, 30.67, 29.77, 1
15/09/16 15, 1.05, 3.42, 5.20, 3.12, 2.17, 5.23, 3.64, 97.79, 1.00, 97.81, 1.00, 0.00, 0.00, 34.34, 1.00, 0.00, 0.00, 0.00, 0.00, 49.90, 1.00, 33.23, 1.00, 0.00, 0.00, 24.25, 1.00, 24.21, 1.00, 77.03, 1.00, 2.97, 34.16, 27.78, 91.01, 27.85, 85.37, 15.06, 80.08, 14.80, 80.84, 30.70, 29.80, 1
15/09/16 16, 1.02, 3.61, 5.03, 3.33, 2.62, 5.38, 4.19, 97.55, 1.00, 97.57, 1.00, 0.00, 0.00, 0.00, 0.00, 0.00, 0.00, 0.00, 0.00, 50.57, 1.00, 36.71, 1.00, 0.00, 0.00, 0.00, 0.00, 0.00, 0.00, 73.90, 1.00, 2.97, 34.29, 28.86, 72.93, 28.82, 85.03, 25.47, 84.36, 25.47, 54.99, 31.36, 30.46, 1
15/09/16 17, 1.02, 3.84, 4.66, 3.33, 3.07, 5.39, 4.53, 98.12, 1.00, 98.14, 1.00, 0.00, 0.00, 0.00, 0.00, 0.00, 0.00, 0.00, 0.00, 49.80, 1.00, 36.25, 1.00, 0.00, 0.00, 0.00, 0.00, 0.00, 0.00, 70.31, 1.00, 2.97, 33.98, 29.00, 73.49, 28.96, 86.69, 25.33, 85.04, 25.33, 55.84, 31.48, 30.58, 1
15/09/16 18, 0.98, 4.04, 4.33, 3.73, 3.59, 5.39, 4.46, 97.41, 1.00, 97.43, 1.00, 0.00, 0.00, 0.00, 0.00, 0.00, 0.00, 0.00, 0.00, 50.10, 1.00, 36.38, 1.00, 0.00, 0.00, 0.00, 0.00, 0.00, 0.00, 71.47, 1.00, 2.97, 34.37, 29.23, 72.37, 29.19, 86.34, 25.56, 85.04, 25.56, 55.73, 31.71, 30.81, 1
15/09/16 19, 1.00, 4.25, 3.96, 3.98, 4.05, 5.39, 2.68, 97.70, 1.00, 97.72, 1.00, 0.00, 0.00, 0.00, 0.00, 0.00, 0.00, 0.00, 0.00, 50.58, 1.00, 0.00, 0.00, 0.00, 0.00, 0.00, 0.00, 0.00, 0.00, 70.80, 1.00, 2.97, 34.21, 29.40, 74.21, 29.35, 85.56, 29.03, 62.32, 29.03, 52.79, 31.88, 30.98, 1
15/09/16 20, 1.04, 4.43, 3.70, 3.95, 3.20, 5.50, 2.31, 97.41, 1.00, 97.43, 1.00, 0.00, 0.00, 0.00, 0.00, 0.00, 0.00, 0.00, 0.00, 50.77, 1.00, 0.00, 0.00, 0.00, 0.00, 0.00, 0.00, 0.00, 0.00, 70.88, 1.00, 2.97, 34.37, 29.57, 71.17, 29.53, 85.34, 29.16, 62.22, 29.16, 52.01, 32.05, 31.15, 1
15/09/16 21, 1.14, 4.61, 3.31, 3.85, 2.46, 5.49, 2.24, 97.81, 1.00, 97.83, 1.00, 0.00, 0.00, 0.00, 0.00, 0.00, 0.00, 0.00, 0.00, 50.55, 1.00, 0.00, 0.00, 0.00, 0.00, 25.93, 1.00, 25.89, 1.00, 66.08, 1.00, 2.97, 34.15, 29.63, 67.98, 29.59, 85.84, 22.50, 59.48, 22.21, 84.05, 32.09, 31.19, -999
15/09/16 22, 1.23, 4.71, 3.06, 3.93, 1.50, 5.50, 2.59, 99.07, 1.00, 99.09, 1.00, 0.00, 0.00, 36.67, 1.00, 0.00, 0.00, 0.00, 0.00, 50.45, 1.00, 34.10, 1.00, 0.00, 0.00, 23.60, 1.00, 23.57, 1.00, 64.12, 1.00, 2.97, 33.47, 28.65, 87.81, 28.72, 85.18, 14.51, 78.09, 14.26, 81.81, 31.54, 30.64, -999
15/09/16 23, 1.08, 4.47, 3.51, 3.83, 1.67, 5.50, 2.84, 98.64, 1.00, 98.66, 1.00, 0.00, 0.00, 35.39, 1.00, 0.00, 0.00, 0.00, 0.00, 50.44, 1.00, 33.95, 1.00, 0.00, 0.00, 22.31, 1.00, 22.27, 1.00, 66.89, 1.00, 2.97, 33.70, 28.56, 90.00, 28.63, 85.11, 15.54, 79.35, 15.31, 85.72, 31.45, 30.55, -999
16/09/16 00, 1.02, 4.29, 4.02, 3.74, 2.03, 5.38, 0.43, 97.79, 1.00, 97.81, 1.00, 0.00, 0.00, 35.07, 1.00, 0.00, 0.00, 0.00, 0.00, 49.58, 1.00, 33.29, 1.00, 0.00, 0.00, 24.63, 1.00, 24.59, 1.00, 70.83, 1.00, 2.97, 34.16, 28.53, 90.50, 28.59, 86.76, 14.77, 79.71, 14.51, 79.65, 31.42, 30.52, -999
16/09/16 01, 0.94, 4.15, 4.54, 4.11, 2.42, 5.50, 1.71, 97.87, 1.00, 97.89, 1.00, 0.00, 0.00, 34.04, 1.00, 0.00, 0.00, 0.00, 0.00, 49.03, 1.00, 33.14, 1.00, 0.00, 0.00, 21.56, 1.00, 21.53, 1.00, 71.29, 1.00, 2.97, 34.12, 28.45, 92.18, 28.51, 87.71, 16.54, 81.69, 16.34, 88.28, 31.32, 30.42, -999
16/09/16 02, 0.89, 4.12, 5.09, 4.27, 3.00, 5.50, 3.15, 97.04, 1.00, 97.06, 1.00, 0.00, 0.00, 34.35, 1.00, 0.00, 0.00, 0.00, 0.00, 0.00, 0.00, 34.26, 1.00, 0.00, 0.00, 28.99, 1.00, 0.00, 0.00, 67.12, 1.00, 2.97, 34.56, 29.75, 92.95, 29.85, 65.92, 20.23, 83.46, 20.13, 73.30, 32.21, 31.31, -999
16/09/16 03, 0.98, 4.58, 5.23, 3.02, 3.59, 5.50, 4.08, 95.88, 1.00, 95.90, 1.00, 0.00, 0.00, 0.00, 0.00, 0.00, 0.00, 0.00, 0.00, 0.00, 0.00, 33.93, 1.00, 0.00, 0.00, 28.43, 1.00, 0.00, 0.00, 56.09, 1.00, 2.98, 35.18, 31.81, 76.14, 31.81, 67.43, 20.96, 84.73, 20.86, 75.71, 34.03, 33.13, -999
16/09/16 04, 1.18, 4.92, 5.00, 3.38, 3.86, 5.41, 4.39, 94.46, 1.00, 94.47, 1.00, 0.00, 0.00, 0.00, 0.00, 0.00, 0.00, 0.00, 0.00, 48.42, 1.00, 0.00, 0.00, 0.00, 0.00, 0.00, 0.00, 0.00, 0.00, 78.81, 1.00, 2.98, 35.95, 30.47, 75.51, 30.43, 90.78, 30.37, 64.66, 30.37, 60.94, 32.98, 32.08, -999
16/09/16 05, 1.53, 5.25, 4.75, 4.36, 3.43, 5.18, 3.46, 95.20, 1.00, 95.22, 1.00, 0.00, 0.00, 0.00, 0.00, 0.00, 0.00, 0.00, 0.00, 49.76, 1.00, 0.00, 0.00, 0.00, 0.00, 0.00, 0.00, 0.00, 0.00, 74.80, 1.00, 2.98, 35.55, 30.56, 73.93, 30.52, 88.33, 30.26, 64.45, 30.26, 60.18, 33.06, 32.16, -999
16/09/16 06, 1.93, 5.50, 4.44, 4.01, 3.05, 4.93, 2.56, 89.54, 1.00, 89.55, 1.00, 0.00, 0.00, 0.00, 0.00, 0.00, 0.00, 0.00, 0.00, 0.00, 0.00, 0.00, 0.00, 0.00, 0.00, 0.00, 0.00, 0.00, 0.00, 0.00, 0.00, 2.98, 38.54, 30.50, 74.74, 30.50, 68.12, 33.39, 63.13, 33.39, 60.22, 42.39, 31.69, -999
16/09/16 07, 2.37, 5.50, 4.18, 3.08, 2.48, 5.31, 3.72, 92.01, 1.00, 92.03, 1.00, 0.00, 0.00, 0.00, 0.00, 0.00, 0.00, 0.00, 0.00, 0.00, 0.00, 0.00, 0.00, 0.00, 0.00, 32.76, 1.00, 0.00, 0.00, 0.00, 0.00, 2.98, 37.24, 30.50, 72.90, 30.50, 67.50, 29.16, 62.12, 29.04, 69.59, 40.60, 31.69, -999
16/09/16 08, 2.75, 5.03, 3.84, 3.69, 1.83, 5.50, 4.06, 91.66, 1.00, 91.68, 1.00, 0.00, 0.00, 0.00, 0.00, 0.00, 0.00, 0.00, 0.00, 49.04, 1.00, 0.00, 0.00, 0.00, 0.00, 32.26, 1.00, 0.00, 0.00, 0.00, 0.00, 2.98, 37.43, 28.12, 71.15, 28.08, 87.27, 29.57, 60.66, 29.45, 71.81, 40.90, 29.48, -999
16/09/16 09, 3.03, 4.51, 3.45, 4.17, 1.73, 5.50, 4.27, 94.49, 1.00, 94.51, 1.00, 0.00, 0.00, 0.00, 0.00, 0.00, 0.00, 0.00, 0.00, 49.80, 1.00, 35.97, 1.00, 0.00, 0.00, 29.98, 1.00, 0.00, 0.00, 0.00, 0.00, 2.98, 35.93, 27.54, 69.75, 27.50, 85.22, 21.41, 81.68, 21.30, 71.36, 39.05, 28.91, -999
16/09/16 10, 3.14, 3.99, 3.02, 4.13, 2.12, 5.50, 4.66, 93.29, 1.00, 93.31, 1.00, 0.00, 0.00, 0.00, 0.00, 0.00, 0.00, 0.00, 0.00, 49.31, 1.00, 36.02, 1.00, 0.00, 0.00, 30.74, 1.00, 0.00, 0.00, 0.00, 0.00, 2.98, 36.57, 27.05, 69.74, 27.01, 85.68, 21.82, 82.01, 21.71, 69.28, 39.72, 28.42, -999
16/09/16 11, 3.32, 3.13, 3.41, 4.21, 2.49, 5.50, 4.48, 92.56, 1.00, 92.58, 1.00, 0.00, 0.00, 34.13, 1.00, 0.00, 0.00, 0.00, 0.00, 47.68, 1.00, 35.91, 1.00, 0.00, 0.00, 30.50, 1.00, 0.00, 0.00, 0.00, 0.00, 2.98, 36.95, 23.08, 86.65, 23.14, 84.85, 22.34, 82.72, 22.23, 70.60, 40.18, 24.83, -999
16/09/16 12, 3.53, 2.26, 3.83, 4.31, 2.92, 5.50, 4.65, 90.97, 1.00, 90.99, 1.00, 0.00, 0.00, 33.05, 1.00, 0.00, 0.00, 0.00, 0.00, 47.53, 1.00, 34.67, 1.00, 0.00, 0.00, 30.77, 1.00, 0.00, 0.00, 0.00, 0.00, 2.98, 37.79, 22.35, 87.69, 22.41, 84.39, 23.47, 86.02, 23.36, 70.85, 41.15, 24.09, -999
16/09/16 13, 3.81, 1.41, 4.27, 4.29, 3.73, 5.50, 4.81, 93.04, 1.00, 93.06, 1.00, 0.00, 0.00, 32.20, 1.00, 0.00, 0.00, 0.00, 0.00, 47.57, 1.00, 37.25, 1.00, 0.00, 0.00, 0.00, 0.00, 0.00, 0.00, 0.00, 0.00, 2.98, 36.70, 21.60, 88.28, 21.65, 83.55, 28.64, 86.52, 28.64, 57.53, 40.32, 23.32, -999
16/09/16 14, 4.12, 0.56, 4.73, 3.98, 3.67, 5.09, 2.88, 87.60, 1.00, 87.62, 1.00, 0.00, 0.00, 32.53, 1.00, 0.00, 0.00, 0.00, 0.00, 46.96, 1.00, 0.00, 0.00, 0.00, 0.00, 0.00, 0.00, 0.00, 0.00, 0.00, 0.00, 2.98, 39.55, 20.78, 86.94, 20.84, 83.82, 35.22, 62.55, 35.22, 57.49, 44.03, 22.50, -999
16/09/16 15, 4.12, 0.78, 5.17, 4.04, 2.90, 5.22, 2.89, 95.29, 1.00, 95.31, 1.00, 0.00, 0.00, 34.26, 1.00, 0.00, 0.00, 0.00, 0.00, 48.64, 1.00, 0.00, 0.00, 0.00, 0.00, 32.78, 1.00, 0.00, 0.00, 109.71, 1.00, 2.98, 35.50, 25.77, 89.12, 25.84, 85.78, 28.66, 62.01, 28.53, 69.03, 28.89, 27.99, -999
16/09/16 16, 4.05, 1.24, 5.03, 4.29, 2.17, 5.46, 3.18, 95.28, 1.00, 95.30, 1.00, 0.00, 0.00, 0.00, 0.00, 0.00, 0.00, 0.00, 0.00, 49.51, 1.00, 0.00, 0.00, 0.00, 0.00, 32.68, 1.00, 0.00, 0.00, 98.93, 1.00, 2.98, 35.51, 27.83, 72.45, 27.79, 86.07, 28.66, 60.67, 28.53, 69.36, 30.47, 29.57, -999
16/09/16 17, 3.99, 1.76, 4.64, 4.44, 1.35, 5.50, 3.71, 95.26, 1.00, 95.28, 1.00, 0.00, 0.00, 0.00, 0.00, 0.00, 0.00, 0.00, 0.00, 49.54, 1.00, 35.96, 1.00, 0.00, 0.00, 30.06, 1.00, 0.00, 0.00, 95.62, 1.00, 2.98, 35.51, 28.13, 73.20, 28.09, 86.32, 21.99, 82.28, 21.89, 71.71, 30.75, 29.85, -999
16/09/16 18, 3.88, 2.45, 4.30, 3.55, 1.85, 5.50, 4.25, 95.12, 1.00, 95.14, 1.00, 0.00, 0.00, 0.00, 0.00, 0.00, 0.00, 0.00, 0.00, 0.00, 0.00, 36.16, 1.00, 0.00, 0.00, 30.06, 1.00, 0.00, 0.00, 74.41, 1.00, 2.98, 35.59, 31.22, 72.98, 31.22, 62.94, 21.93, 81.86, 21.82, 71.61, 33.53, 32.63, -999
16/09/16 19, 3.74, 3.00, 3.96, 3.13, 2.22, 5.50, 4.67, 95.82, 1.00, 95.84, 1.00, 0.00, 0.00, 0.00, 0.00, 0.00, 0.00, 0.00, 0.00, 50.39, 1.00, 35.85, 1.00, 0.00, 0.00, 30.42, 1.00, 0.00, 0.00, 87.68, 1.00, 2.98, 35.22, 28.86, 71.06, 28.82, 85.39, 21.53, 82.02, 21.42, 70.07, 31.44, 30.54, -999
16/09/16 20, 3.58, 3.39, 3.56, 3.29, 2.60, 5.50, 4.69, 96.17, 1.00, 96.19, 1.00, 0.00, 0.00, 0.00, 0.00, 0.00, 0.00, 0.00, 0.00, 50.75, 1.00, 36.00, 1.00, 0.00, 0.00, 29.65, 1.00, 0.00, 0.00, 84.39, 1.00, 2.98, 35.03, 29.06, 70.09, 29.02, 84.88, 21.43, 81.64, 21.33, 72.44, 31.62, 30.72, -999
16/09/16 21, 3.50, 3.75, 3.14, 3.24, 2.93, 5.22, 3.47, 96.03, 1.00, 96.05, 1.00, 0.00, 0.00, 0.00, 0.00, 0.00, 0.00, 0.00, 0.00, 50.74, 1.00, 37.73, 1.00, 0.00, 0.00, 0.00, 0.00, 0.00, 0.00, 83.54, 1.00, 2.98, 35.11, 29.39, 67.70, 29.35, 85.21, 27.36, 84.35, 27.36, 52.42, 31.94, 31.04, -999
16/09/16 22, 3.37, 3.87, 3.20, 3.29, 3.27, 4.95, 2.00, 96.77, 1.00, 96.79, 1.00, 0.00, 0.00, 36.02, 1.00, 0.00, 0.00, 0.00, 0.00, 50.65, 1.00, 35.15, 1.00, 0.00, 0.00, 31.17, 1.00, 0.00, 0.00, 84.23, 1.00, 2.98, 34.71, 28.24, 88.56, 28.31, 84.36, 20.85, 82.57, 20.73, 66.86, 31.23, 30.33, -999
16/09/16 23, 3.18, 3.84, 3.68, 3.10, 3.66, 5.11, 2.06, 97.23, 1.00, 97.25, 1.00, 0.00, 0.00, 36.24, 1.00, 0.00, 0.00, 0.00, 0.00, 50.38, 1.00, 34.96, 1.00, 0.00, 0.00, 31.17, 1.00, 0.00, 0.00, 82.16, 1.00, 2.97, 34.46, 28.20, 88.12, 28.27, 84.86, 20.56, 82.60, 20.45, 66.58, 31.18, 30.28, -999
17/09/16 00, 2.97, 3.79, 4.13, 3.15, 4.03, 5.22, 1.98, 95.75, 1.00, 95.77, 1.00, 0.00, 0.00, 35.86, 1.00, 0.00, 0.00, 0.00, 0.00, 49.86, 1.00, 0.00, 0.00, 0.00, 0.00, 32.86, 1.00, 0.00, 0.00, 88.61, 1.00, 2.98, 35.25, 28.19, 88.79, 28.26, 85.88, 27.78, 63.49, 27.65, 67.83, 31.20, 30.30, -999
17/09/16 01, 3.01, 3.82, 4.58, 3.44, 3.35, 5.40, 2.12, 95.36, 1.00, 95.38, 1.00, 0.00, 0.00, 33.53, 1.00, 0.00, 0.00, 0.00, 0.00, 49.24, 1.00, 0.00, 0.00, 0.00, 0.00, 32.28, 1.00, 0.00, 0.00, 89.70, 1.00, 2.98, 35.46, 28.30, 92.86, 28.36, 87.16, 28.02, 63.73, 27.90, 70.17, 31.27, 30.37, -999
17/09/16 02, 3.08, 3.90, 5.15, 3.93, 2.83, 5.50, 3.07, 95.08, 1.00, 95.09, 1.00, 0.00, 0.00, 33.78, 1.00, 0.00, 0.00, 0.00, 0.00, 49.09, 1.00, 0.00, 0.00, 0.00, 0.00, 31.14, 1.00, 0.00, 0.00, 90.42, 1.00, 2.98, 35.61, 28.38, 92.52, 28.44, 87.53, 28.33, 63.11, 28.21, 74.44, 31.36, 30.46, -999
17/09/16 03, 3.18, 4.13, 5.29, 4.43, 2.29, 5.50, 4.00, 94.63, 1.00, 94.65, 1.00, 0.00, 0.00, 0.00, 0.00, 0.00, 0.00, 0.00, 0.00, 48.92, 1.00, 0.00, 0.00, 0.00, 0.00, 30.69, 1.00, 0.00, 0.00, 84.30, 1.00, 2.98, 35.85, 29.90, 75.59, 29.86, 89.28, 28.62, 62.80, 28.51, 76.25, 32.45, 31.55, -999
17/09/16 04, 3.39, 4.82, 5.03, 3.62, 1.80, 5.43, 4.46, 91.92, 1.00, 91.94, 1.00, 0.00, 0.00, 0.00, 0.00, 0.00, 0.00, 0.00, 0.00, 0.00, 0.00, 0.00, 0.00, 0.00, 0.00, 0.00, 0.00, 0.00, 0.00, 73.10, 1.00, 2.98, 37.29, 33.46, 76.23, 33.46, 68.38, 32.57, 62.63, 32.57, 60.35, 35.77, 34.87, -999
17/09/16 05, 3.69, 5.48, 4.82, 3.21, 1.73, 5.16, 3.32, 94.27, 1.00, 94.29, 1.00, 0.00, 0.00, 0.00, 0.00, 0.00, 0.00, 0.00, 0.00, 49.87, 1.00, 37.34, 1.00, 0.00, 0.00, 0.00, 0.00, 0.00, 0.00, 78.72, 1.00, 2.98, 36.05, 30.95, 74.96, 30.91, 88.50, 28.11, 85.83, 28.11, 58.86, 33.47, 32.57, -999
17/09/16 06, 4.03, 5.01, 4.55, 3.83, 2.41, 5.07, 2.74, 89.97, 1.00, 89.99, 1.00, 0.00, 0.00, 0.00, 0.00, 0.00, 0.00, 0.00, 0.00, 49.14, 1.00, 35.79, 1.00, 0.00, 0.00, 31.31, 1.00, 0.00, 0.00, 0.00, 0.00, 2.98, 38.31, 28.09, 74.25, 28.05, 87.04, 23.76, 84.36, 23.64, 69.32, 41.85, 29.46, -999
17/09/16 07, 4.32, 4.49, 4.26, 4.26, 3.03, 5.36, 3.28, 90.03, 1.00, 90.05, 1.00, 0.00, 0.00, 0.00, 0.00, 0.00, 0.00, 0.00, 0.00, 48.85, 1.00, 35.85, 1.00, 0.00, 0.00, 31.05, 1.00, 0.00, 0.00, 0.00, 0.00, 2.98, 38.28, 27.59, 74.11, 27.55, 87.08, 23.90, 84.38, 23.78, 70.32, 41.89, 28.95, -999
17/09/16 08, 4.52, 4.16, 3.98, 4.05, 3.58, 5.50, 4.13, 112.05, 1.00, 0.00, 0.00, 0.00, 0.00, 0.00, 0.00, 0.00, 0.00, 0.00, 0.00, 0.00, 0.00, 35.50, 1.00, 0.00, 0.00, 30.61, 1.00, 0.00, 0.00, 0.00, 0.00, 2.99, 26.30, 29.16, 72.08, 29.16, 64.62, 22.82, 83.92, 22.70, 70.72, 38.75, 30.35, -999
17/09/16 09, 4.45, 4.10, 3.62, 2.87, 4.05, 5.50, 4.38, 112.31, 1.00, 0.00, 0.00, 0.00, 0.00, 0.00, 0.00, 0.00, 0.00, 0.00, 0.00, 49.49, 1.00, 0.00, 0.00, 0.00, 0.00, 32.04, 1.00, 0.00, 0.00, 0.00, 0.00, 2.99, 26.15, 27.15, 72.13, 27.11, 85.43, 29.30, 62.48, 29.18, 72.31, 38.72, 28.52, -999
17/09/16 10, 4.49, 3.58, 3.27, 3.16, 3.22, 5.50, 4.73, 112.75, 1.00, 0.00, 0.00, 0.00, 0.00, 0.00, 0.00, 0.00, 0.00, 0.00, 0.00, 49.82, 1.00, 0.00, 0.00, 0.00, 0.00, 32.01, 1.00, 0.00, 0.00, 0.00, 0.00, 2.99, 25.90, 26.60, 69.05, 26.56, 84.26, 29.20, 61.38, 29.08, 72.33, 38.57, 27.98, -999
17/09/16 11, 4.58, 2.96, 3.03, 3.11, 2.36, 5.17, 3.24, 111.65, 1.00, 0.00, 0.00, 0.00, 0.00, 34.09, 1.00, 0.00, 0.00, 0.00, 0.00, 48.34, 1.00, 0.00, 0.00, 0.00, 0.00, 0.00, 0.00, 0.00, 0.00, 0.00, 0.00, 2.99, 26.53, 22.84, 86.48, 22.90, 83.39, 32.45, 61.80, 32.45, 55.89, 39.22, 24.60, -999
17/09/16 12, 4.65, 2.09, 3.46, 3.03, 1.68, 5.14, 2.62, 111.23, 1.00, 0.00, 0.00, 0.00, 0.00, 33.48, 1.00, 0.00, 0.00, 0.00, 0.00, 47.80, 1.00, 0.00, 0.00, 0.00, 0.00, 33.14, 1.00, 0.00, 0.00, 0.00, 0.00, 2.99, 26.76, 22.10, 86.74, 22.16, 83.65, 29.61, 60.42, 29.48, 68.65, 39.24, 23.85, -999
17/09/16 13, 4.63, 1.23, 3.88, 3.12, 1.78, 5.34, 2.75, 112.86, 1.00, 0.00, 0.00, 0.00, 0.00, 32.57, 1.00, 0.00, 0.00, 0.00, 0.00, 47.66, 1.00, 35.93, 1.00, 0.00, 0.00, 31.38, 1.00, 0.00, 0.00, 0.00, 0.00, 2.99, 25.84, 21.36, 87.46, 21.42, 83.15, 22.17, 82.52, 22.05, 67.49, 38.43, 23.09, -999
17/09/16 14, 4.48, 0.38, 4.32, 3.07, 2.26, 5.50, 2.77, 118.01, 1.00, 0.00, 0.00, 0.00, 0.00, 33.83, 1.00, 0.00, 0.00, 0.00, 0.00, 48.20, 1.00, 34.87, 1.00, 0.00, 0.00, 30.51, 1.00, 0.00, 0.00, 95.06, 1.00, 2.99, 22.90, 24.96, 89.03, 25.02, 85.78, 19.85, 82.04, 19.74, 68.10, 27.97, 27.07, -999
17/09/16 15, 3.98, 0.51, 4.79, 3.49, 2.73, 5.50, 3.27, 118.29, 1.00, 0.00, 0.00, 0.00, 0.00, 33.61, 1.00, 0.00, 0.00, 0.00, 0.00, 48.45, 1.00, 34.67, 1.00, 0.00, 0.00, 29.61, 1.00, 0.00, 0.00, 92.89, 1.00, 2.99, 22.74, 25.05, 89.48, 25.11, 85.40, 19.89, 82.42, 19.79, 71.02, 28.04, 27.14, -999
17/09/16 16, 3.51, 0.61, 5.26, 3.77, 3.21, 5.50, 3.79, 119.00, 1.00, 0.00, 0.00, 0.00, 0.00, 33.12, 1.00, 0.00, 0.00, 0.00, 0.00, 48.33, 1.00, 34.44, 1.00, 0.00, 0.00, 29.83, 1.00, 0.00, 0.00, 89.02, 1.00, 2.99, 22.33, 25.12, 90.34, 25.17, 85.69, 19.40, 82.34, 19.30, 69.84, 28.07, 27.17, -999
17/09/16 17, 3.05, 0.90, 5.14, 4.07, 3.65, 5.50, 4.01, 118.73, 1.00, 0.00, 0.00, 0.00, 0.00, 0.00, 0.00, 0.00, 0.00, 0.00, 0.00, 49.15, 1.00, 34.26, 1.00, 0.00, 0.00, 29.65, 1.00, 0.00, 0.00, 81.82, 1.00, 2.99, 22.48, 26.54, 73.17, 26.50, 85.48, 19.60, 82.83, 19.50, 70.61, 29.08, 28.18, -999
17/09/16 18, 2.65, 1.25, 4.78, 4.18, 3.84, 5.50, 4.37, 117.37, 1.00, 0.00, 0.00, 0.00, 0.00, 0.00, 0.00, 0.00, 0.00, 0.00, 0.00, 48.95, 1.00, 0.00, 0.00, 0.00, 0.00, 30.95, 1.00, 0.00, 0.00, 84.96, 1.00, 2.99, 23.26, 27.05, 72.49, 27.02, 86.37, 26.62, 63.43, 26.51, 73.41, 29.61, 28.71, -999
17/09/16 19, 2.41, 1.63, 4.40, 4.46, 3.19, 5.41, 4.42, 117.58, 1.00, 0.00, 0.00, 0.00, 0.00, 0.00, 0.00, 0.00, 0.00, 0.00, 0.00, 49.32, 1.00, 0.00, 0.00, 0.00, 0.00, 0.00, 0.00, 0.00, 0.00, 82.97, 1.00, 2.99, 23.14, 27.32, 71.63, 27.28, 85.93, 29.18, 61.80, 29.18, 56.93, 29.86, 28.96, -999
17/09/16 20, 2.24, 2.15, 4.00, 3.73, 2.38, 5.00, 2.51, 116.98, 1.00, 0.00, 0.00, 0.00, 0.00, 0.00, 0.00, 0.00, 0.00, 0.00, 0.00, 0.00, 0.00, 0.00, 0.00, 0.00, 0.00, 0.00, 0.00, 0.00, 0.00, 63.85, 1.00, 2.99, 23.49, 29.99, 70.90, 29.99, 62.09, 29.47, 61.00, 29.47, 55.62, 32.24, 31.34, -999
17/09/16 21, 2.00, 2.59, 3.60, 3.06, 1.58, 5.05, 2.21, 119.79, 1.00, 0.00, 0.00, 0.00, 0.00, 0.00, 0.00, 0.00, 0.00, 0.00, 0.00, 50.58, 1.00, 0.00, 0.00, 0.00, 0.00, 32.43, 1.00, 0.00, 0.00, 67.77, 1.00, 2.99, 21.87, 27.65, 71.20, 27.60, 83.80, 25.00, 58.07, 24.87, 66.60, 30.11, 29.21, -999
17/09/16 22, 1.57, 2.68, 3.21, 2.77, 1.44, 5.07, 1.86, 122.24, 1.00, 0.00, 0.00, 0.00, 0.00, 0.00, 0.00, 0.00, 0.00, 0.00, 0.00, 50.58, 1.00, 35.13, 1.00, 0.00, 0.00, 30.42, 1.00, 0.00, 0.00, 52.71, 1.00, 2.99, 20.44, 27.50, 68.29, 27.46, 83.66, 16.83, 78.58, 16.72, 65.37, 29.90, 29.00, -999
17/09/16 23, 1.09, 2.53, 3.18, 2.53, 1.54, 4.99, 1.36, 121.56, 1.00, 0.00, 0.00, 0.00, 0.00, 35.80, 1.00, 0.00, 0.00, 0.00, 0.00, 50.15, 1.00, 34.88, 1.00, 0.00, 0.00, 30.43, 1.00, 0.00, 0.00, 62.12, 1.00, 2.99, 20.84, 26.46, 87.18, 26.53, 83.57, 17.30, 79.47, 17.19, 65.78, 29.32, 28.42, -999
18/09/16 00, 0.88, 2.42, 3.62, 2.42, 1.80, 5.07, 1.29, 98.09, 1.00, 98.11, 1.00, 0.00, 0.00, 34.47, 1.00, 0.00, 0.00, 0.00, 0.00, 49.56, 1.00, 34.60, 1.00, 0.00, 0.00, 30.62, 1.00, 0.00, 0.00, 83.31, 1.00, 2.97, 34.00, 26.83, 89.84, 26.89, 85.09, 19.41, 82.07, 19.30, 67.27, 29.78, 28.88, -999
18/09/16 01, 0.82, 2.41, 4.13, 2.73, 2.35, 5.28, 1.67, 97.71, 1.00, 97.73, 1.00, 0.00, 0.00, 33.18, 1.00, 0.00, 0.00, 0.00, 0.00, 48.59, 1.00, 34.21, 1.00, 0.00, 0.00, 30.30, 1.00, 0.00, 0.00, 84.55, 1.00, 2.97, 34.20, 26.86, 91.99, 26.92, 86.95, 19.71, 83.03, 19.60, 68.64, 29.79, 28.89, -999
18/09/16 02, 0.80, 2.44, 4.69, 3.34, 2.97, 5.50, 2.38, 97.45, 1.00, 97.47, 1.00, 0.00, 0.00, 32.77, 1.00, 0.00, 0.00, 0.00, 0.00, 48.15, 1.00, 34.13, 1.00, 0.00, 0.00, 28.94, 1.00, 0.00, 0.00, 85.18, 1.00, 2.97, 34.34, 26.91, 92.70, 26.97, 87.82, 20.14, 83.58, 20.04, 73.37, 29.84, 28.94, -999
18/09/16 03, 0.82, 2.49, 5.26, 4.01, 3.59, 5.50, 3.42, 96.90, 1.00, 96.92, 1.00, 0.00, 0.00, 31.90, 1.00, 0.00, 0.00, 0.00, 0.00, 46.80, 1.00, 33.54, 1.00, 0.00, 0.00, 28.34, 1.00, 0.00, 0.00, 86.73, 1.00, 2.98, 34.64, 27.03, 94.17, 27.08, 90.36, 20.64, 85.06, 20.54, 75.68, 29.93, 29.03, -999
18/09/16 04, 0.95, 2.94, 5.27, 4.25, 4.07, 5.50, 4.70, 95.10, 1.00, 95.12, 1.00, 0.00, 0.00, 0.00, 0.00, 0.00, 0.00, 0.00, 0.00, 0.00, 0.00, 0.00, 0.00, 0.00, 0.00, 29.34, 1.00, 0.00, 0.00, 68.58, 1.00, 2.98, 35.60, 31.18, 76.86, 31.18, 69.63, 27.53, 65.16, 27.43, 79.51, 33.46, 32.56, -999
18/09/16 05, 1.32, 3.70, 5.09, 3.53, 3.71, 5.35, 4.28, 94.13, 1.00, 94.15, 1.00, 0.00, 0.00, 0.00, 0.00, 0.00, 0.00, 0.00, 0.00, 0.00, 0.00, 0.00, 0.00, 0.00, 0.00, 0.00, 0.00, 0.00, 0.00, 69.56, 1.00, 2.98, 36.12, 32.02, 76.64, 32.02, 68.66, 30.65, 64.79, 30.65, 61.02, 34.31, 33.41, -999
18/09/16 06, 1.67, 4.32, 4.91, 3.27, 3.35, 5.13, 3.42, 94.82, 1.00, 94.84, 1.00, 0.00, 0.00, 0.00, 0.00, 0.00, 0.00, 0.00, 0.00, 48.80, 1.00, 0.00, 0.00, 0.00, 0.00, 0.00, 0.00, 0.00, 0.00, 81.65, 1.00, 2.98, 35.75, 29.97, 75.62, 29.93, 89.57, 30.45, 64.17, 30.45, 59.67, 32.50, 31.60, -999
18/09/16 07, 1.97, 4.67, 4.67, 4.11, 2.93, 4.85, 2.37, 95.53, 1.00, 95.55, 1.00, 0.00, 0.00, 0.00, 0.00, 0.00, 0.00, 0.00, 0.00, 49.46, 1.00, 0.00, 0.00, 0.00, 0.00, 32.16, 1.00, 0.00, 0.00, 76.24, 1.00, 2.98, 35.37, 30.05, 75.68, 30.01, 88.40, 27.42, 63.48, 27.30, 70.03, 32.55, 31.65, -999
18/09/16 08, 2.16, 5.06, 4.45, 4.17, 2.44, 5.18, 3.06, 95.00, 1.00, 95.02, 1.00, 0.00, 0.00, 0.00, 0.00, 0.00, 0.00, 0.00, 0.00, 0.00, 0.00, 0.00, 0.00, 0.00, 0.00, 32.26, 1.00, 0.00, 0.00, 59.50, 1.00, 2.98, 35.66, 32.54, 73.34, 32.54, 65.71, 27.74, 61.57, 27.62, 69.97, 34.78, 33.88, -999
18/09/16 09, 2.42, 5.46, 4.12, 3.03, 1.71, 5.48, 3.60, 91.39, 1.00, 91.41, 1.00, 0.00, 0.00, 0.00, 0.00, 0.00, 0.00, 0.00, 0.00, 50.03, 1.00, 0.00, 0.00, 0.00, 0.00, 32.94, 1.00, 0.00, 0.00, 0.00, 0.00, 2.98, 37.57, 28.47, 71.27, 28.43, 85.72, 29.46, 61.09, 29.33, 69.21, 40.98, 29.85, -999
18/09/16 10, 2.75, 4.93, 3.72, 3.29, 1.61, 5.50, 3.91, 93.10, 1.00, 93.12, 1.00, 0.00, 0.00, 0.00, 0.00, 0.00, 0.00, 0.00, 0.00, 50.31, 1.00, 36.24, 1.00, 0.00, 0.00, 30.47, 1.00, 0.00, 0.00, 0.00, 0.00, 2.98, 36.66, 27.92, 70.78, 27.88, 84.61, 21.75, 81.55, 21.64, 70.12, 39.71, 29.30, -999
18/09/16 11, 2.96, 4.40, 3.32, 3.24, 1.97, 5.50, 4.09, 93.15, 1.00, 93.17, 1.00, 0.00, 0.00, 0.00, 0.00, 0.00, 0.00, 0.00, 0.00, 49.99, 1.00, 36.05, 1.00, 0.00, 0.00, 30.60, 1.00, 0.00, 0.00, 0.00, 0.00, 2.98, 36.64, 27.41, 69.96, 27.37, 84.73, 21.83, 81.96, 21.72, 69.76, 39.74, 28.79, -999
18/09/16 12, 3.16, 3.87, 2.90, 3.27, 2.35, 5.50, 4.16, 93.45, 1.00, 93.46, 1.00, 0.00, 0.00, 35.42, 1.00, 0.00, 0.00, 0.00, 0.00, 48.42, 1.00, 36.14, 1.00, 0.00, 0.00, 30.34, 1.00, 0.00, 0.00, 0.00, 0.00, 2.98, 36.48, 23.60, 85.85, 23.67, 84.03, 21.82, 81.79, 21.71, 70.62, 39.64, 25.38, -999
18/09/16 13, 3.33, 2.99, 3.31, 3.31, 2.66, 5.50, 4.40, 93.12, 1.00, 93.14, 1.00, 0.00, 0.00, 34.66, 1.00, 0.00, 0.00, 0.00, 0.00, 48.28, 1.00, 36.02, 1.00, 0.00, 0.00, 30.40, 1.00, 0.00, 0.00, 0.00, 0.00, 2.98, 36.66, 22.81, 85.48, 22.88, 83.48, 22.07, 82.25, 21.96, 70.67, 39.88, 24.58, -999
18/09/16 14, 3.50, 2.11, 3.70, 3.21, 3.00, 5.50, 4.61, 92.89, 1.00, 92.91, 1.00, 0.00, 0.00, 33.94, 1.00, 0.00, 0.00, 0.00, 0.00, 47.67, 1.00, 35.83, 1.00, 0.00, 0.00, 30.54, 1.00, 0.00, 0.00, 0.00, 0.00, 2.98, 36.78, 22.09, 85.96, 22.15, 83.88, 22.27, 82.79, 22.16, 70.42, 40.06, 23.84, -999
18/09/16 15, 3.68, 1.25, 4.08, 3.32, 3.38, 5.50, 4.71, 92.83, 1.00, 92.85, 1.00, 0.00, 0.00, 33.69, 1.00, 0.00, 0.00, 0.00, 0.00, 47.53, 1.00, 35.71, 1.00, 0.00, 0.00, 30.73, 1.00, 0.00, 0.00, 0.00, 0.00, 2.98, 36.81, 21.27, 85.56, 21.33, 83.30, 22.36, 83.09, 22.25, 69.87, 40.14, 23.01, -999
18/09/16 16, 3.85, 0.39, 4.44, 3.27, 3.77, 5.50, 4.66, 97.10, 1.00, 97.12, 1.00, 0.00, 0.00, 35.28, 1.00, 0.00, 0.00, 0.00, 0.00, 49.28, 1.00, 35.48, 1.00, 0.00, 0.00, 30.41, 1.00, 0.00, 0.00, 105.06, 1.00, 2.97, 34.53, 25.14, 86.75, 25.21, 83.94, 20.90, 82.03, 20.79, 69.45, 28.24, 27.34, -999
18/09/16 17, 3.57, 0.60, 4.83, 3.18, 3.99, 5.50, 4.55, 96.99, 1.00, 97.01, 1.00, 0.00, 0.00, 35.34, 1.00, 0.00, 0.00, 0.00, 0.00, 49.41, 1.00, 35.27, 1.00, 0.00, 0.00, 30.72, 1.00, 0.00, 0.00, 103.93, 1.00, 2.98, 34.59, 25.30, 86.81, 25.37, 83.85, 20.87, 82.38, 20.75, 68.41, 28.41, 27.51, -999
18/09/16 18, 3.41, 0.82, 5.20, 3.07, 3.40, 5.50, 4.30, 97.15, 1.00, 97.17, 1.00, 0.00, 0.00, 34.45, 1.00, 0.00, 0.00, 0.00, 0.00, 49.56, 1.00, 0.00, 0.00, 0.00, 0.00, 32.22, 1.00, 0.00, 0.00, 103.23, 1.00, 2.97, 34.50, 25.54, 88.57, 25.60, 83.79, 27.59, 61.22, 27.47, 69.96, 28.62, 27.72, -999
18/09/16 19, 3.27, 1.23, 5.00, 2.96, 2.50, 5.50, 4.21, 96.57, 1.00, 96.58, 1.00, 0.00, 0.00, 0.00, 0.00, 0.00, 0.00, 0.00, 0.00, 50.31, 1.00, 0.00, 0.00, 0.00, 0.00, 32.01, 1.00, 0.00, 0.00, 94.75, 1.00, 2.98, 34.82, 27.49, 70.37, 27.45, 84.18, 27.84, 60.48, 27.72, 70.94, 30.11, 29.21, -999
18/09/16 20, 3.19, 1.69, 4.54, 2.88, 1.61, 5.50, 4.35, 96.63, 1.00, 96.65, 1.00, 0.00, 0.00, 0.00, 0.00, 0.00, 0.00, 0.00, 0.00, 50.13, 1.00, 0.00, 0.00, 0.00, 0.00, 32.30, 1.00, 0.00, 0.00, 92.10, 1.00, 2.98, 34.78, 27.80, 69.08, 27.76, 84.84, 27.72, 59.62, 27.60, 69.81, 30.41, 29.51, -999
18/09/16 21, 3.00, 2.10, 4.05, 3.00, 1.61, 5.50, 4.09, 97.12, 1.00, 97.14, 1.00, 0.00, 0.00, 0.00, 0.00, 0.00, 0.00, 0.00, 0.00, 50.31, 1.00, 35.83, 1.00, 0.00, 0.00, 30.32, 1.00, 0.00, 0.00, 87.30, 1.00, 2.97, 34.52, 27.94, 71.13, 27.90, 84.64, 20.57, 81.09, 20.46, 69.41, 30.52, 29.62, -999
18/09/16 22, 2.81, 2.48, 3.65, 3.03, 1.95, 5.50, 4.11, 96.80, 1.00, 96.82, 1.00, 0.00, 0.00, 0.00, 0.00, 0.00, 0.00, 0.00, 0.00, 50.44, 1.00, 35.74, 1.00, 0.00, 0.00, 30.48, 1.00, 0.00, 0.00, 85.96, 1.00, 2.98, 34.69, 28.25, 70.97, 28.21, 84.68, 20.66, 81.34, 20.55, 68.98, 30.82, 29.92, -999
18/09/16 23, 2.67, 2.85, 3.26, 3.04, 2.29, 5.50, 4.01, 96.89, 1.00, 96.91, 1.00, 0.00, 0.00, 0.00, 0.00, 0.00, 0.00, 0.00, 0.00, 50.23, 1.00, 35.60, 1.00, 0.00, 0.00, 30.12, 1.00, 0.00, 0.00, 83.37, 1.00, 2.98, 34.64, 28.50, 71.40, 28.46, 85.36, 20.68, 81.60, 20.57, 70.19, 31.05, 30.15, -999
19/09/16 00, 2.52, 3.10, 3.15, 3.22, 2.64, 5.50, 4.22, 96.72, 1.00, 96.74, 1.00, 0.00, 0.00, 34.77, 1.00, 0.00, 0.00, 0.00, 0.00, 49.37, 1.00, 35.02, 1.00, 0.00, 0.00, 29.85, 1.00, 0.00, 0.00, 87.97, 1.00, 2.98, 34.73, 27.52, 90.01, 27.59, 86.15, 20.92, 82.85, 20.82, 71.29, 30.51, 29.61, -999
19/09/16 01, 2.41, 3.14, 3.67, 3.58, 3.14, 5.50, 4.62, 95.92, 1.00, 95.94, 1.00, 0.00, 0.00, 34.40, 1.00, 0.00, 0.00, 0.00, 0.00, 48.86, 1.00, 34.76, 1.00, 0.00, 0.00, 29.25, 1.00, 0.00, 0.00, 90.22, 1.00, 2.98, 35.16, 27.60, 90.72, 27.67, 87.20, 21.44, 83.83, 21.34, 73.71, 30.59, 29.69, -999
19/09/16 02, 2.46, 3.22, 4.20, 4.09, 3.77, 5.27, 3.70, 95.82, 1.00, 95.84, 1.00, 0.00, 0.00, 34.23, 1.00, 0.00, 0.00, 0.00, 0.00, 48.72, 1.00, 36.40, 1.00, 0.00, 0.00, 0.00, 0.00, 0.00, 0.00, 90.62, 1.00, 2.98, 35.21, 27.70, 91.10, 27.76, 87.56, 26.99, 86.43, 26.99, 58.60, 30.69, 29.79, -999
19/09/16 03, 2.61, 3.38, 4.74, 4.34, 3.81, 4.93, 2.29, 94.84, 1.00, 94.86, 1.00, 0.00, 0.00, 33.95, 1.00, 0.00, 0.00, 0.00, 0.00, 0.00, 0.00, 0.00, 0.00, 0.00, 0.00, 32.11, 1.00, 0.00, 0.00, 82.13, 1.00, 2.98, 35.74, 29.88, 93.75, 29.98, 69.21, 28.03, 64.54, 27.91, 70.82, 32.42, 31.52, -999
19/09/16 04, 2.77, 3.90, 5.29, 3.53, 3.37, 5.29, 3.15, 93.85, 1.00, 93.86, 1.00, 0.00, 0.00, 0.00, 0.00, 0.00, 0.00, 0.00, 0.00, 0.00, 0.00, 0.00, 0.00, 0.00, 0.00, 31.63, 1.00, 0.00, 0.00, 69.81, 1.00, 2.98, 36.27, 32.24, 75.71, 32.24, 68.72, 28.62, 64.10, 28.51, 73.06, 34.53, 33.63, -999
19/09/16 05, 2.97, 4.52, 5.04, 3.27, 2.92, 5.50, 4.51, 93.95, 1.00, 93.97, 1.00, 0.00, 0.00, 0.00, 0.00, 0.00, 0.00, 0.00, 0.00, 49.61, 1.00, 0.00, 0.00, 0.00, 0.00, 31.12, 1.00, 0.00, 0.00, 84.17, 1.00, 2.98, 36.21, 30.25, 76.91, 30.21, 88.30, 28.73, 63.91, 28.61, 74.91, 32.80, 31.90, -999
19/09/16 06, 3.23, 4.91, 4.88, 3.91, 2.54, 5.29, 3.80, 94.53, 1.00, 94.55, 1.00, 0.00, 0.00, 0.00, 0.00, 0.00, 0.00, 0.00, 0.00, 49.69, 1.00, 0.00, 0.00, 0.00, 0.00, 0.00, 0.00, 0.00, 0.00, 81.71, 1.00, 2.98, 35.91, 30.52, 76.10, 30.48, 88.43, 31.38, 62.89, 31.38, 59.46, 33.06, 32.16, -999
19/09/16 07, 3.44, 5.25, 4.67, 4.48, 2.02, 4.99, 2.59, 95.74, 1.00, 95.76, 1.00, 0.00, 0.00, 0.00, 0.00, 0.00, 0.00, 0.00, 0.00, 50.15, 1.00, 0.00, 0.00, 0.00, 0.00, 0.00, 0.00, 0.00, 0.00, 76.21, 1.00, 2.98, 35.26, 30.60, 72.33, 30.56, 87.61, 31.12, 60.42, 31.12, 58.23, 33.11, 32.21, -999
19/09/16 08, 3.59, 5.54, 4.29, 3.23, 1.63, 5.15, 2.80, 90.49, 1.00, 90.51, 1.00, 0.00, 0.00, 0.00, 0.00, 0.00, 0.00, 0.00, 0.00, 0.00, 0.00, 36.58, 1.00, 0.00, 0.00, 30.86, 1.00, 0.00, 0.00, 0.00, 0.00, 2.98, 38.04, 30.54, 73.68, 30.54, 60.48, 23.23, 82.40, 23.12, 70.31, 41.43, 31.73, -999
19/09/16 09, 3.88, 5.14, 3.99, 2.83, 2.05, 5.49, 3.57, 92.27, 1.00, 92.29, 1.00, 0.00, 0.00, 0.00, 0.00, 0.00, 0.00, 0.00, 0.00, 50.13, 1.00, 36.47, 1.00, 0.00, 0.00, 31.38, 1.00, 0.00, 0.00, 0.00, 0.00, 2.98, 37.10, 28.14, 70.32, 28.10, 85.18, 22.35, 81.74, 22.23, 67.67, 40.50, 29.52, -999
19/09/16 10, 4.06, 4.61, 3.56, 3.02, 2.36, 5.50, 3.57, 91.67, 1.00, 91.69, 1.00, 0.00, 0.00, 0.00, 0.00, 0.00, 0.00, 0.00, 0.00, 50.09, 1.00, 36.19, 1.00, 0.00, 0.00, 30.92, 1.00, 0.00, 0.00, 0.00, 0.00, 2.98, 37.42, 27.62, 69.90, 27.57, 84.75, 22.91, 82.80, 22.80, 69.78, 40.89, 28.99, -999
19/09/16 11, 4.27, 4.08, 3.13, 3.09, 2.78, 5.50, 3.71, 91.26, 1.00, 91.28, 1.00, 0.00, 0.00, 0.00, 0.00, 0.00, 0.00, 0.00, 0.00, 49.76, 1.00, 36.31, 1.00, 0.00, 0.00, 30.46, 1.00, 0.00, 0.00, 0.00, 0.00, 2.98, 37.64, 27.11, 70.56, 27.07, 84.88, 23.29, 82.96, 23.19, 71.68, 41.18, 28.48, -999
19/09/16 12, 4.48, 3.38, 3.16, 3.19, 3.16, 5.50, 4.21, 89.29, 1.00, 89.31, 1.00, 0.00, 0.00, 34.49, 1.00, 0.00, 0.00, 0.00, 0.00, 47.74, 1.00, 35.85, 1.00, 0.00, 0.00, 31.69, 1.00, 0.00, 0.00, 0.00, 0.00, 2.98, 38.67, 23.28, 86.25, 23.35, 84.94, 24.17, 84.67, 24.05, 68.43, 42.35, 25.04, -999
19/09/16 13, 4.54, 2.51, 3.57, 3.50, 3.72, 5.50, 3.83, 112.68, 1.00, 0.00, 0.00, 0.00, 0.00, 32.69, 1.00, 0.00, 0.00, 0.00, 0.00, 47.88, 1.00, 34.86, 1.00, 0.00, 0.00, 29.77, 1.00, 0.00, 0.00, 0.00, 0.00, 2.99, 25.94, 22.60, 88.51, 22.66, 84.00, 22.90, 85.12, 22.80, 73.54, 38.49, 24.34, -999
19/09/16 14, 4.50, 1.65, 4.05, 3.54, 3.79, 5.50, 4.71, 111.98, 1.00, 0.00, 0.00, 0.00, 0.00, 33.43, 1.00, 0.00, 0.00, 0.00, 0.00, 47.34, 1.00, 0.00, 0.00, 0.00, 0.00, 31.75, 1.00, 0.00, 0.00, 0.00, 0.00, 2.99, 26.34, 21.73, 86.44, 21.79, 84.11, 29.48, 63.07, 29.36, 73.51, 38.88, 23.46, -999
19/09/16 15, 4.68, 0.80, 4.44, 3.67, 3.09, 5.18, 3.30, 110.79, 1.00, 0.00, 0.00, 0.00, 0.00, 32.61, 1.00, 0.00, 0.00, 0.00, 0.00, 46.59, 1.00, 0.00, 0.00, 0.00, 0.00, 0.00, 0.00, 0.00, 0.00, 0.00, 0.00, 2.99, 27.01, 21.05, 87.09, 21.11, 84.74, 32.79, 61.53, 32.79, 55.00, 39.65, 22.77, -999
19/09/16 16, 4.52, 0.64, 4.88, 4.00, 2.26, 5.04, 2.27, 116.04, 1.00, 0.00, 0.00, 0.00, 0.00, 33.67, 1.00, 0.00, 0.00, 0.00, 0.00, 48.26, 1.00, 0.00, 0.00, 0.00, 0.00, 32.55, 1.00, 0.00, 0.00, 101.41, 1.00, 2.99, 24.03, 25.39, 89.72, 25.45, 86.10, 27.46, 61.64, 27.34, 68.65, 28.44, 27.54, -999
19/09/16 17, 4.14, 0.84, 5.36, 4.33, 1.57, 5.28, 2.61, 116.99, 1.00, 0.00, 0.00, 0.00, 0.00, 0.00, 0.00, 0.00, 0.00, 0.00, 0.00, 48.98, 1.00, 0.00, 0.00, 0.00, 0.00, 32.32, 1.00, 0.00, 0.00, 89.50, 1.00, 2.99, 23.48, 26.88, 74.46, 26.84, 86.13, 26.92, 60.90, 26.80, 68.92, 29.46, 28.56, -999
19/09/16 18, 3.67, 1.20, 5.04, 4.53, 1.72, 5.50, 2.89, 116.88, 1.00, 0.00, 0.00, 0.00, 0.00, 0.00, 0.00, 0.00, 0.00, 0.00, 0.00, 0.00, 0.00, 35.42, 1.00, 0.00, 0.00, 30.68, 1.00, 0.00, 0.00, 68.58, 1.00, 2.99, 23.55, 29.44, 73.01, 29.44, 65.56, 20.25, 81.49, 20.14, 67.91, 31.72, 30.82, -999
19/09/16 19, 3.31, 1.91, 4.67, 3.21, 2.14, 5.50, 3.28, 117.37, 1.00, 0.00, 0.00, 0.00, 0.00, 0.00, 0.00, 0.00, 0.00, 0.00, 0.00, 0.00, 0.00, 35.19, 1.00, 0.00, 0.00, 30.22, 1.00, 0.00, 0.00, 63.21, 1.00, 2.99, 23.27, 29.69, 72.23, 29.69, 57.26, 20.09, 81.74, 19.99, 69.28, 31.95, 31.05, -999
19/09/16 20, 2.91, 2.28, 4.29, 2.54, 2.56, 5.50, 3.43, 118.48, 1.00, 0.00, 0.00, 0.00, 0.00, 0.00, 0.00, 0.00, 0.00, 0.00, 0.00, 50.33, 1.00, 35.17, 1.00, 0.00, 0.00, 29.83, 1.00, 0.00, 0.00, 74.46, 1.00, 2.99, 22.63, 27.56, 72.65, 27.52, 84.22, 19.48, 81.16, 19.37, 69.93, 30.06, 29.16, -999
19/09/16 21, 2.51, 2.52, 3.93, 2.58, 2.86, 5.50, 3.73, 120.46, 1.00, 0.00, 0.00, 0.00, 0.00, 0.00, 0.00, 0.00, 0.00, 0.00, 0.00, 50.64, 1.00, 34.45, 1.00, 0.00, 0.00, 30.42, 1.00, 0.00, 0.00, 64.40, 1.00, 2.99, 21.48, 27.50, 70.22, 27.45, 83.54, 18.22, 81.13, 18.11, 66.74, 29.94, 29.04, -999
19/09/16 22, 2.06, 2.65, 3.50, 2.36, 3.20, 5.50, 3.20, 120.79, 1.00, 0.00, 0.00, 0.00, 0.00, 0.00, 0.00, 0.00, 0.00, 0.00, 0.00, 50.39, 1.00, 34.50, 1.00, 0.00, 0.00, 30.38, 1.00, 0.00, 0.00, 61.26, 1.00, 2.99, 21.29, 27.57, 70.15, 27.53, 84.10, 17.97, 80.80, 17.86, 66.61, 30.00, 29.10, -999
19/09/16 23, 1.62, 2.76, 3.09, 2.40, 3.44, 5.50, 2.92, 120.13, 1.00, 0.00, 0.00, 0.00, 0.00, 0.00, 0.00, 0.00, 0.00, 0.00, 0.00, 50.82, 1.00, 34.41, 1.00, 0.00, 0.00, 30.05, 1.00, 0.00, 0.00, 63.03, 1.00, 2.99, 21.67, 27.70, 69.75, 27.66, 83.38, 18.46, 81.44, 18.35, 68.19, 30.14, 29.24, -999
20/09/16 00, 1.24, 2.61, 3.36, 2.15, 3.74, 5.50, 2.95, 119.81, 1.00, 0.00, 0.00, 0.00, 0.00, 35.87, 1.00, 0.00, 0.00, 0.00, 0.00, 50.04, 1.00, 34.13, 1.00, 0.00, 0.00, 30.01, 1.00, 0.00, 0.00, 68.91, 1.00, 2.99, 21.86, 26.75, 87.34, 26.82, 84.07, 18.69, 82.14, 18.59, 68.55, 29.65, 28.75, -999
20/09/16 01, 1.02, 2.48, 3.79, 2.27, 3.83, 5.50, 3.10, 97.35, 1.00, 97.37, 1.00, 0.00, 0.00, 34.37, 1.00, 0.00, 0.00, 0.00, 0.00, 48.62, 1.00, 0.00, 0.00, 0.00, 0.00, 30.69, 1.00, 0.00, 0.00, 86.96, 1.00, 2.97, 34.40, 26.92, 90.08, 26.98, 86.96, 26.38, 64.06, 26.27, 74.03, 29.88, 28.98, -999
20/09/16 02, 1.13, 2.52, 4.31, 2.94, 3.28, 5.50, 4.01, 97.41, 1.00, 97.43, 1.00, 0.00, 0.00, 33.52, 1.00, 0.00, 0.00, 0.00, 0.00, 48.93, 1.00, 0.00, 0.00, 0.00, 0.00, 30.13, 1.00, 0.00, 0.00, 86.64, 1.00, 2.97, 34.36, 26.97, 91.55, 27.03, 86.43, 26.50, 63.71, 26.39, 75.96, 29.92, 29.02, -999
20/09/16 03, 1.26, 2.58, 4.85, 3.43, 2.77, 5.43, 4.51, 95.94, 1.00, 95.96, 1.00, 0.00, 0.00, 32.89, 1.00, 0.00, 0.00, 0.00, 0.00, 48.27, 1.00, 0.00, 0.00, 0.00, 0.00, 0.00, 0.00, 0.00, 0.00, 93.43, 1.00, 2.98, 35.15, 27.16, 92.76, 27.22, 87.84, 29.70, 63.62, 29.70, 59.90, 30.14, 29.24, -999
20/09/16 04, 1.52, 2.77, 5.25, 4.08, 2.35, 5.14, 3.24, 95.66, 1.00, 95.68, 1.00, 0.00, 0.00, 0.00, 0.00, 0.00, 0.00, 0.00, 0.00, 48.04, 1.00, 0.00, 0.00, 0.00, 0.00, 0.00, 0.00, 0.00, 0.00, 86.74, 1.00, 2.98, 35.30, 28.72, 77.06, 28.68, 89.73, 29.99, 63.54, 29.99, 61.07, 31.27, 30.37, -999
20/09/16 05, 1.80, 3.26, 5.09, 4.49, 2.02, 4.96, 2.90, 94.81, 1.00, 94.83, 1.00, 0.00, 0.00, 0.00, 0.00, 0.00, 0.00, 0.00, 0.00, 0.00, 0.00, 0.00, 0.00, 0.00, 0.00, 0.00, 0.00, 0.00, 0.00, 70.09, 1.00, 2.98, 35.76, 31.63, 74.45, 31.63, 68.30, 30.59, 62.32, 30.59, 59.36, 33.92, 33.02, -999
20/09/16 06, 2.03, 3.97, 4.78, 3.52, 1.49, 5.08, 3.08, 95.49, 1.00, 95.51, 1.00, 0.00, 0.00, 0.00, 0.00, 0.00, 0.00, 0.00, 0.00, 0.00, 0.00, 34.76, 1.00, 0.00, 0.00, 30.49, 1.00, 0.00, 0.00, 62.40, 1.00, 2.98, 35.40, 31.69, 74.64, 31.69, 60.39, 20.97, 83.39, 20.86, 69.26, 33.94, 33.04, -999
20/09/16 07, 2.08, 4.44, 4.50, 2.66, 2.18, 5.37, 3.61, 97.40, 1.00, 97.42, 1.00, 0.00, 0.00, 0.00, 0.00, 0.00, 0.00, 0.00, 0.00, 49.46, 1.00, 34.86, 1.00, 0.00, 0.00, 30.40, 1.00, 0.00, 0.00, 70.82, 1.00, 2.97, 34.37, 29.63, 73.94, 29.59, 87.98, 20.26, 82.48, 20.15, 68.86, 32.10, 31.20, -999
20/09/16 08, 1.98, 4.66, 4.20, 3.34, 2.71, 5.50, 4.07, 97.49, 1.00, 97.51, 1.00, 0.00, 0.00, 0.00, 0.00, 0.00, 0.00, 0.00, 0.00, 50.58, 1.00, 34.67, 1.00, 0.00, 0.00, 29.45, 1.00, 0.00, 0.00, 69.03, 1.00, 2.97, 34.32, 29.75, 73.38, 29.71, 85.91, 20.44, 82.99, 20.34, 72.07, 32.22, 31.32, -999
20/09/16 09, 1.89, 4.85, 3.88, 3.55, 3.26, 5.50, 4.65, 97.30, 1.00, 97.32, 1.00, 0.00, 0.00, 0.00, 0.00, 0.00, 0.00, 0.00, 0.00, 50.86, 1.00, 35.06, 1.00, 0.00, 0.00, 30.03, 1.00, 0.00, 0.00, 68.18, 1.00, 2.97, 34.42, 29.91, 67.31, 29.87, 85.51, 20.24, 82.12, 20.14, 70.05, 32.38, 31.48, -999
20/09/16 10, 1.82, 5.02, 3.36, 3.58, 3.60, 5.50, 4.71, 97.35, 1.00, 97.36, 1.00, 0.00, 0.00, 0.00, 0.00, 0.00, 0.00, 0.00, 0.00, 50.04, 1.00, 35.18, 1.00, 0.00, 0.00, 30.29, 1.00, 0.00, 0.00, 66.41, 1.00, 2.97, 34.40, 30.07, 71.07, 30.03, 87.29, 20.09, 81.75, 19.98, 69.06, 32.52, 31.62, -999
20/09/16 11, 1.75, 5.19, 2.98, 4.01, 3.85, 5.50, 4.52, 97.43, 1.00, 97.45, 1.00, 0.00, 0.00, 36.40, 1.00, 0.00, 0.00, 0.00, 0.00, 50.37, 1.00, 34.59, 1.00, 0.00, 0.00, 29.89, 1.00, 0.00, 0.00, 68.71, 1.00, 2.97, 34.35, 29.29, 88.97, 29.36, 85.97, 20.27, 82.94, 20.16, 70.51, 32.20, 31.30, -999
20/09/16 12, 1.75, 5.01, 3.47, 4.10, 3.71, 5.50, 4.78, 96.83, 1.00, 96.85, 1.00, 0.00, 0.00, 36.57, 1.00, 0.00, 0.00, 0.00, 0.00, 49.96, 1.00, 0.00, 0.00, 0.00, 0.00, 30.58, 1.00, 0.00, 0.00, 72.89, 1.00, 2.98, 34.67, 29.22, 88.57, 29.30, 86.71, 27.01, 63.58, 26.90, 75.03, 32.16, 31.26, -999
20/09/16 13, 1.96, 4.91, 3.94, 4.36, 3.10, 5.20, 3.43, 95.42, 1.00, 95.44, 1.00, 0.00, 0.00, 34.24, 1.00, 0.00, 0.00, 0.00, 0.00, 50.27, 1.00, 0.00, 0.00, 0.00, 0.00, 0.00, 0.00, 0.00, 0.00, 81.16, 1.00, 2.98, 35.43, 29.31, 92.70, 29.37, 86.18, 30.36, 63.08, 30.36, 57.49, 32.25, 31.35, -999
20/09/16 14, 2.18, 4.87, 4.52, 4.44, 2.50, 4.98, 2.33, 96.49, 1.00, 96.51, 1.00, 0.00, 0.00, 36.84, 1.00, 0.00, 0.00, 0.00, 0.00, 49.61, 1.00, 0.00, 0.00, 0.00, 0.00, 32.40, 1.00, 0.00, 0.00, 76.11, 1.00, 2.98, 34.86, 29.15, 88.00, 29.23, 87.32, 27.11, 61.93, 26.99, 68.86, 32.10, 31.20, -999
20/09/16 15, 2.28, 5.10, 4.94, 3.52, 1.82, 5.24, 2.73, 95.99, 1.00, 96.01, 1.00, 0.00, 0.00, 35.86, 1.00, 0.00, 0.00, 0.00, 0.00, 0.00, 0.00, 0.00, 0.00, 0.00, 0.00, 32.60, 1.00, 0.00, 0.00, 69.00, 1.00, 2.98, 35.13, 30.73, 91.34, 30.85, 61.52, 27.33, 61.33, 27.21, 68.33, 33.23, 32.33, -999
20/09/16 16, 2.30, 5.21, 5.22, 3.07, 1.72, 5.43, 2.83, 96.64, 1.00, 96.66, 1.00, 0.00, 0.00, 0.00, 0.00, 0.00, 0.00, 0.00, 0.00, 50.55, 1.00, 35.55, 1.00, 0.00, 0.00, 30.65, 1.00, 0.00, 0.00, 68.97, 1.00, 2.98, 34.78, 30.31, 73.05, 30.27, 86.53, 20.47, 81.49, 20.36, 68.23, 32.78, 31.88, -999
20/09/16 17, 2.24, 5.40, 4.85, 3.42, 2.13, 5.50, 3.28, 96.81, 1.00, 96.83, 1.00, 0.00, 0.00, 0.00, 0.00, 0.00, 0.00, 0.00, 0.00, 50.60, 1.00, 35.32, 1.00, 0.00, 0.00, 30.17, 1.00, 0.00, 0.00, 66.92, 1.00, 2.98, 34.69, 30.44, 73.82, 30.40, 86.56, 20.53, 81.95, 20.42, 69.86, 32.90, 32.00, -999
20/09/16 18, 2.25, 5.40, 4.53, 3.71, 2.57, 5.50, 3.57, 93.13, 1.00, 93.15, 1.00, 0.00, 0.00, 0.00, 0.00, 0.00, 0.00, 0.00, 0.00, 49.65, 1.00, 35.59, 1.00, 0.00, 0.00, 29.90, 1.00, 0.00, 0.00, 0.00, 0.00, 2.98, 36.65, 28.44, 72.29, 28.40, 86.42, 21.84, 82.78, 21.73, 72.04, 39.56, 29.81, -999
20/09/16 19, 2.50, 4.87, 4.15, 4.01, 3.02, 5.50, 4.19, 93.73, 1.00, 93.75, 1.00, 0.00, 0.00, 0.00, 0.00, 0.00, 0.00, 0.00, 0.00, 49.68, 1.00, 35.49, 1.00, 0.00, 0.00, 30.93, 1.00, 0.00, 0.00, 0.00, 0.00, 2.98, 36.33, 27.91, 71.16, 27.87, 85.83, 21.41, 82.54, 21.30, 68.25, 39.29, 29.28, -999
20/09/16 20, 2.69, 4.35, 3.75, 4.15, 3.41, 5.50, 3.86, 92.37, 1.00, 92.39, 1.00, 0.00, 0.00, 0.00, 0.00, 0.00, 0.00, 0.00, 0.00, 49.79, 1.00, 35.50, 1.00, 0.00, 0.00, 30.54, 1.00, 0.00, 0.00, 0.00, 0.00, 2.98, 37.05, 27.37, 69.74, 27.33, 85.07, 22.27, 83.37, 22.16, 70.39, 40.12, 28.75, -999
20/09/16 21, 2.95, 3.82, 3.31, 4.05, 3.84, 5.50, 4.10, 93.82, 1.00, 93.84, 1.00, 0.00, 0.00, 0.00, 0.00, 0.00, 0.00, 0.00, 0.00, 49.48, 1.00, 35.79, 1.00, 0.00, 0.00, 30.68, 1.00, 0.00, 0.00, 0.00, 0.00, 2.98, 36.28, 26.87, 67.75, 26.83, 85.18, 21.55, 82.16, 21.44, 69.24, 39.38, 28.24, -999
20/09/16 22, 3.14, 3.16, 3.14, 4.04, 3.82, 5.50, 4.08, 91.79, 1.00, 91.81, 1.00, 0.00, 0.00, 34.12, 1.00, 0.00, 0.00, 0.00, 0.00, 47.66, 1.00, 0.00, 0.00, 0.00, 0.00, 32.86, 1.00, 0.00, 0.00, 0.00, 0.00, 2.98, 37.36, 23.11, 86.69, 23.18, 84.92, 29.58, 61.15, 29.45, 69.64, 40.91, 24.86, -999
20/09/16 23, 3.48, 2.29, 3.57, 4.19, 2.85, 5.50, 3.91, 91.23, 1.00, 91.25, 1.00, 0.00, 0.00, 34.37, 1.00, 0.00, 0.00, 0.00, 0.00, 47.28, 1.00, 0.00, 0.00, 0.00, 0.00, 32.67, 1.00, 0.00, 0.00, 0.00, 0.00, 2.98, 37.65, 22.26, 85.44, 22.33, 84.76, 30.02, 61.11, 29.90, 70.76, 41.33, 24.01, -999
21/09/16 00, 3.82, 1.43, 3.94, 4.32, 2.00, 5.50, 4.01, 91.36, 1.00, 91.38, 1.00, 0.00, 0.00, 33.52, 1.00, 0.00, 0.00, 0.00, 0.00, 46.96, 1.00, 0.00, 0.00, 0.00, 0.00, 32.20, 1.00, 0.00, 0.00, 0.00, 0.00, 2.98, 37.58, 21.53, 86.10, 21.59, 84.59, 30.18, 61.05, 30.06, 72.62, 41.34, 23.27, -999
21/09/16 01, 4.11, 0.58, 4.33, 4.42, 1.56, 5.50, 4.43, 90.48, 1.00, 90.50, 1.00, 0.00, 0.00, 31.65, 1.00, 0.00, 0.00, 0.00, 0.00, 45.31, 1.00, 36.49, 1.00, 0.00, 0.00, 30.85, 1.00, 0.00, 0.00, 0.00, 0.00, 2.98, 38.05, 21.07, 88.59, 21.13, 86.96, 23.47, 82.82, 23.36, 70.55, 41.57, 22.76, -999
21/09/16 02, 4.01, 1.00, 4.85, 3.89, 2.03, 5.50, 4.54, 94.55, 1.00, 94.57, 1.00, 0.00, 0.00, 33.67, 1.00, 0.00, 0.00, 0.00, 0.00, 0.00, 0.00, 35.84, 1.00, 0.00, 0.00, 29.52, 1.00, 0.00, 0.00, 95.77, 1.00, 2.98, 35.90, 28.51, 92.84, 28.61, 66.79, 22.53, 83.03, 22.43, 73.96, 31.14, 30.24, -999
21/09/16 03, 3.97, 1.63, 5.26, 3.10, 2.57, 5.35, 4.21, 94.32, 1.00, 94.34, 1.00, 0.00, 0.00, 0.00, 0.00, 0.00, 0.00, 0.00, 0.00, 48.60, 1.00, 36.84, 1.00, 0.00, 0.00, 0.00, 0.00, 0.00, 0.00, 98.78, 1.00, 2.98, 36.02, 28.27, 75.79, 28.23, 88.25, 28.35, 87.00, 28.35, 59.78, 30.91, 30.01, -999
21/09/16 04, 4.00, 2.16, 5.01, 3.82, 3.33, 5.06, 2.98, 93.63, 1.00, 93.65, 1.00, 0.00, 0.00, 0.00, 0.00, 0.00, 0.00, 0.00, 0.00, 48.44, 1.00, 36.53, 1.00, 0.00, 0.00, 0.00, 0.00, 0.00, 0.00, 98.07, 1.00, 2.98, 36.39, 28.76, 77.29, 28.72, 89.03, 28.66, 87.87, 28.66, 59.10, 31.39, 30.49, -999
21/09/16 05, 4.04, 2.70, 4.89, 4.43, 4.00, 5.08, 2.83, 93.10, 1.00, 93.11, 1.00, 0.00, 0.00, 0.00, 0.00, 0.00, 0.00, 0.00, 0.00, 0.00, 0.00, 0.00, 0.00, 0.00, 0.00, 32.46, 1.00, 0.00, 0.00, 79.00, 1.00, 2.98, 36.67, 31.90, 76.75, 31.90, 68.97, 29.44, 65.32, 29.32, 70.97, 34.24, 33.34, -999
21/09/16 06, 4.20, 3.53, 4.73, 3.56, 3.71, 5.44, 3.60, 93.23, 1.00, 93.25, 1.00, 0.00, 0.00, 0.00, 0.00, 0.00, 0.00, 0.00, 0.00, 0.00, 0.00, 0.00, 0.00, 0.00, 0.00, 32.51, 1.00, 0.00, 0.00, 75.13, 1.00, 2.98, 36.60, 32.36, 75.12, 32.36, 67.74, 29.47, 64.05, 29.35, 70.82, 34.67, 33.77, -999
21/09/16 07, 4.33, 4.22, 4.48, 3.06, 3.18, 5.50, 4.46, 94.35, 1.00, 94.37, 1.00, 0.00, 0.00, 0.00, 0.00, 0.00, 0.00, 0.00, 0.00, 49.53, 1.00, 0.00, 0.00, 0.00, 0.00, 31.97, 1.00, 0.00, 0.00, 86.91, 1.00, 2.98, 36.00, 30.09, 74.08, 30.05, 88.30, 29.21, 62.67, 29.09, 72.47, 32.66, 31.76, -999
21/09/16 08, 4.36, 4.61, 4.18, 3.73, 2.51, 5.50, 4.83, 94.10, 1.00, 94.11, 1.00, 0.00, 0.00, 0.00, 0.00, 0.00, 0.00, 0.00, 0.00, 51.05, 1.00, 0.00, 0.00, 0.00, 0.00, 0.00, 0.00, 0.00, 0.00, 86.86, 1.00, 2.98, 36.14, 30.39, 73.59, 30.35, 85.60, 32.15, 61.47, 32.15, 59.49, 32.97, 32.07, -999
21/09/16 09, 4.50, 4.99, 3.88, 3.72, 1.75, 5.17, 3.33, 114.58, 1.00, 0.00, 0.00, 0.00, 0.00, 0.00, 0.00, 0.00, 0.00, 0.00, 0.00, 51.16, 1.00, 0.00, 0.00, 0.00, 0.00, 0.00, 0.00, 0.00, 0.00, 75.34, 1.00, 2.99, 24.86, 30.26, 72.15, 30.22, 85.26, 31.24, 60.54, 31.24, 56.63, 32.77, 31.87, -999
21/09/16 10, 4.16, 5.16, 3.52, 3.60, 1.59, 5.07, 2.53, 117.14, 1.00, 0.00, 0.00, 0.00, 0.00, 0.00, 0.00, 0.00, 0.00, 0.00, 0.00, 50.51, 1.00, 35.44, 1.00, 0.00, 0.00, 31.02, 1.00, 0.00, 0.00, 60.34, 1.00, 2.99, 23.40, 30.06, 69.47, 30.02, 86.36, 20.04, 81.24, 19.92, 66.58, 32.49, 31.59, -999
21/09/16 11, 3.75, 5.25, 3.08, 3.84, 1.99, 5.17, 2.34, 117.79, 1.00, 0.00, 0.00, 0.00, 0.00, 0.00, 0.00, 0.00, 0.00, 0.00, 0.00, 50.51, 1.00, 34.98, 1.00, 0.00, 0.00, 30.78, 1.00, 0.00, 0.00, 55.74, 1.00, 2.99, 23.02, 30.09, 71.13, 30.05, 86.39, 19.77, 81.78, 19.65, 67.10, 32.50, 31.60, -999
21/09/16 12, 3.33, 5.04, 3.40, 4.03, 2.45, 5.33, 2.42, 118.29, 1.00, 0.00, 0.00, 0.00, 0.00, 36.38, 1.00, 0.00, 0.00, 0.00, 0.00, 49.13, 1.00, 34.96, 1.00, 0.00, 0.00, 30.68, 1.00, 0.00, 0.00, 59.88, 1.00, 2.99, 22.73, 28.90, 88.58, 28.98, 88.00, 19.46, 81.50, 19.35, 67.14, 31.75, 30.85, -999
21/09/16 13, 2.92, 4.82, 3.87, 4.37, 2.83, 5.48, 2.49, 118.75, 1.00, 0.00, 0.00, 0.00, 0.00, 34.33, 1.00, 0.00, 0.00, 0.00, 0.00, 0.00, 0.00, 35.19, 1.00, 0.00, 0.00, 30.26, 1.00, 0.00, 0.00, 50.94, 1.00, 2.99, 22.47, 29.86, 93.10, 29.96, 64.44, 19.17, 80.82, 19.06, 68.22, 32.25, 31.35, -999
21/09/16 14, 2.53, 4.98, 4.46, 2.95, 3.05, 5.50, 3.10, 118.06, 1.00, 0.00, 0.00, 0.00, 0.00, 36.12, 1.00, 0.00, 0.00, 0.00, 0.00, 50.58, 1.00, 34.95, 1.00, 0.00, 0.00, 30.19, 1.00, 0.00, 0.00, 60.57, 1.00, 2.99, 22.87, 28.82, 88.97, 28.89, 85.15, 19.65, 81.70, 19.54, 68.93, 31.68, 30.78, -999
21/09/16 15, 2.20, 4.71, 4.91, 3.07, 3.38, 5.50, 3.24, 118.82, 1.00, 0.00, 0.00, 0.00, 0.00, 34.51, 1.00, 0.00, 0.00, 0.00, 0.00, 50.10, 1.00, 34.45, 1.00, 0.00, 0.00, 29.43, 1.00, 0.00, 0.00, 58.65, 1.00, 2.99, 22.43, 28.58, 91.51, 28.64, 85.78, 19.46, 82.37, 19.36, 71.16, 31.40, 30.50, -999
21/09/16 16, 1.86, 4.43, 5.42, 3.33, 3.80, 5.50, 3.80, 119.02, 1.00, 0.00, 0.00, 0.00, 0.00, 0.00, 0.00, 0.00, 0.00, 0.00, 0.00, 50.34, 1.00, 34.30, 1.00, 0.00, 0.00, 29.65, 1.00, 0.00, 0.00, 53.98, 1.00, 2.99, 22.31, 29.26, 73.15, 29.22, 85.90, 19.28, 82.44, 19.17, 70.28, 31.66, 30.76, -999
21/09/16 17, 1.60, 4.50, 5.05, 3.55, 3.64, 5.50, 4.18, 118.25, 1.00, 0.00, 0.00, 0.00, 0.00, 0.00, 0.00, 0.00, 0.00, 0.00, 0.00, 50.33, 1.00, 0.00, 0.00, 0.00, 0.00, 30.83, 1.00, 0.00, 0.00, 58.62, 1.00, 2.99, 22.76, 29.38, 73.16, 29.33, 86.03, 26.03, 63.55, 25.91, 73.19, 31.80, 30.90, -999
21/09/16 18, 1.40, 4.58, 4.68, 3.75, 3.03, 5.50, 4.80, 117.86, 1.00, 0.00, 0.00, 0.00, 0.00, 0.00, 0.00, 0.00, 0.00, 0.00, 0.00, 49.93, 1.00, 0.00, 0.00, 0.00, 0.00, 0.00, 0.00, 0.00, 0.00, 60.25, 1.00, 2.99, 22.98, 29.49, 72.01, 29.45, 86.93, 28.78, 62.33, 28.78, 57.58, 31.92, 31.02, -999
21/09/16 19, 1.35, 4.68, 4.29, 4.11, 2.33, 5.09, 2.89, 117.76, 1.00, 0.00, 0.00, 0.00, 0.00, 0.00, 0.00, 0.00, 0.00, 0.00, 0.00, 50.01, 1.00, 0.00, 0.00, 0.00, 0.00, 0.00, 0.00, 0.00, 0.00, 59.50, 1.00, 2.99, 23.04, 29.58, 70.12, 29.54, 86.85, 28.77, 60.12, 28.77, 57.02, 32.00, 31.10, -999
21/09/16 20, 1.21, 4.75, 3.85, 4.38, 1.52, 5.19, 2.79, 119.91, 1.00, 0.00, 0.00, 0.00, 0.00, 0.00, 0.00, 0.00, 0.00, 0.00, 0.00, 50.50, 1.00, 35.01, 1.00, 0.00, 0.00, 30.22, 1.00, 0.00, 0.00, 44.02, 1.00, 2.99, 21.80, 29.52, 70.51, 29.47, 85.82, 18.33, 80.27, 18.22, 67.52, 31.88, 30.98, -999
21/09/16 21, 0.96, 4.72, 3.43, 4.34, 1.86, 5.38, 2.96, 98.36, 1.00, 98.38, 1.00, 0.00, 0.00, 0.00, 0.00, 0.00, 0.00, 0.00, 0.00, 50.23, 1.00, 35.41, 1.00, 0.00, 0.00, 30.71, 1.00, 0.00, 0.00, 62.39, 1.00, 2.97, 33.85, 29.67, 66.95, 29.63, 86.51, 19.03, 80.30, 18.92, 66.59, 32.11, 31.21, -999
21/09/16 22, 0.90, 4.79, 3.07, 4.49, 2.12, 5.45, 2.65, 98.61, 1.00, 98.63, 1.00, 0.00, 0.00, 36.39, 1.00, 0.00, 0.00, 0.00, 0.00, 50.50, 1.00, 34.92, 1.00, 0.00, 0.00, 30.72, 1.00, 0.00, 0.00, 65.13, 1.00, 2.97, 33.72, 28.77, 88.43, 28.84, 85.19, 19.02, 81.13, 18.91, 66.56, 31.66, 30.76, -999
21/09/16 23, 0.81, 4.56, 3.54, 4.20, 2.50, 5.50, 2.44, 98.86, 1.00, 98.88, 1.00, 0.00, 0.00, 36.78, 1.00, 0.00, 0.00, 0.00, 0.00, 49.73, 1.00, 35.08, 1.00, 0.00, 0.00, 30.74, 1.00, 0.00, 0.00, 65.50, 1.00, 2.97, 33.58, 28.57, 87.53, 28.65, 86.52, 18.82, 80.65, 18.71, 66.30, 31.46, 30.56, -999
22/09/16 00, 0.72, 4.34, 3.97, 4.44, 2.75, 5.50, 2.08, 97.96, 1.00, 97.98, 1.00, 0.00, 0.00, 35.31, 1.00, 0.00, 0.00, 0.00, 0.00, 49.44, 1.00, 34.90, 1.00, 0.00, 0.00, 30.54, 1.00, 0.00, 0.00, 69.48, 1.00, 2.97, 34.07, 28.54, 90.10, 28.61, 87.03, 19.26, 81.39, 19.15, 67.41, 31.43, 30.53, -999
22/09/16 01, 0.73, 4.54, 4.49, 3.40, 3.09, 5.50, 2.53, 98.31, 1.00, 98.33, 1.00, 0.00, 0.00, 35.89, 1.00, 0.00, 0.00, 0.00, 0.00, 0.00, 0.00, 33.94, 1.00, 0.00, 0.00, 28.91, 1.00, 0.00, 0.00, 60.30, 1.00, 2.97, 33.88, 29.81, 90.35, 29.92, 62.84, 19.72, 83.49, 19.62, 73.04, 32.26, 31.36, -999
22/09/16 02, 0.70, 4.55, 4.97, 2.81, 3.71, 5.50, 3.51, 97.40, 1.00, 97.42, 1.00, 0.00, 0.00, 34.76, 1.00, 0.00, 0.00, 0.00, 0.00, 49.42, 1.00, 33.99, 1.00, 0.00, 0.00, 29.05, 1.00, 0.00, 0.00, 69.79, 1.00, 2.97, 34.37, 28.78, 91.30, 28.85, 87.32, 20.04, 83.72, 19.94, 72.93, 31.66, 30.76, -999
22/09/16 03, 0.82, 4.51, 5.27, 3.40, 3.74, 5.50, 4.40, 95.94, 1.00, 95.96, 1.00, 0.00, 0.00, 0.00, 0.00, 0.00, 0.00, 0.00, 0.00, 48.93, 1.00, 0.00, 0.00, 0.00, 0.00, 30.15, 1.00, 0.00, 0.00, 73.71, 1.00, 2.98, 35.15, 29.82, 76.22, 29.78, 89.17, 26.96, 64.42, 26.86, 76.38, 32.31, 31.41, -999
22/09/16 04, 1.12, 4.80, 5.05, 4.17, 3.28, 5.33, 4.01, 94.92, 1.00, 94.94, 1.00, 0.00, 0.00, 0.00, 0.00, 0.00, 0.00, 0.00, 0.00, 48.45, 1.00, 0.00, 0.00, 0.00, 0.00, 0.00, 0.00, 0.00, 0.00, 77.71, 1.00, 2.98, 35.70, 30.29, 76.28, 30.26, 90.55, 30.15, 64.15, 30.15, 60.66, 32.80, 31.90, -999
22/09/16 05, 1.49, 5.34, 4.84, 4.02, 2.87, 5.09, 3.10, 93.27, 1.00, 93.29, 1.00, 0.00, 0.00, 0.00, 0.00, 0.00, 0.00, 0.00, 0.00, 0.00, 0.00, 0.00, 0.00, 0.00, 0.00, 0.00, 0.00, 0.00, 0.00, 64.30, 1.00, 2.98, 36.57, 33.21, 74.36, 33.21, 67.92, 31.13, 63.88, 31.13, 58.85, 35.47, 34.57, -999
22/09/16 06, 2.01, 5.51, 4.54, 3.06, 2.49, 5.12, 2.91, 89.37, 1.00, 89.38, 1.00, 0.00, 0.00, 0.00, 0.00, 0.00, 0.00, 0.00, 0.00, 0.00, 0.00, 0.00, 0.00, 0.00, 0.00, 32.98, 1.00, 0.00, 0.00, 0.00, 0.00, 2.98, 38.63, 30.51, 74.87, 30.51, 66.82, 30.27, 62.25, 30.14, 69.87, 42.12, 31.70, -999
22/09/16 07, 2.50, 5.10, 4.29, 3.41, 1.86, 5.41, 3.38, 90.79, 1.00, 90.81, 1.00, 0.00, 0.00, 0.00, 0.00, 0.00, 0.00, 0.00, 0.00, 48.63, 1.00, 0.00, 0.00, 0.00, 0.00, 32.47, 1.00, 0.00, 0.00, 0.00, 0.00, 2.98, 37.88, 28.21, 72.97, 28.17, 88.14, 29.85, 61.69, 29.73, 71.31, 41.36, 29.57, -999
22/09/16 08, 2.88, 4.58, 3.95, 4.07, 1.53, 5.50, 4.34, 92.85, 1.00, 92.87, 1.00, 0.00, 0.00, 0.00, 0.00, 0.00, 0.00, 0.00, 0.00, 49.47, 1.00, 36.16, 1.00, 0.00, 0.00, 30.50, 1.00, 0.00, 0.00, 0.00, 0.00, 2.98, 36.80, 27.63, 72.43, 27.59, 85.96, 21.95, 81.89, 21.84, 70.23, 39.89, 29.00, -999
22/09/16 09, 3.10, 4.06, 3.60, 4.25, 1.95, 5.50, 4.46, 92.45, 1.00, 92.47, 1.00, 0.00, 0.00, 0.00, 0.00, 0.00, 0.00, 0.00, 0.00, 49.55, 1.00, 36.32, 1.00, 0.00, 0.00, 30.39, 1.00, 0.00, 0.00, 0.00, 0.00, 2.98, 37.01, 27.10, 70.18, 27.06, 85.28, 22.23, 81.87, 22.12, 70.86, 40.18, 28.48, -999
22/09/16 10, 3.33, 3.53, 3.18, 4.22, 2.30, 5.50, 4.69, 92.39, 1.00, 92.40, 1.00, 0.00, 0.00, 0.00, 0.00, 0.00, 0.00, 0.00, 0.00, 49.17, 1.00, 35.74, 1.00, 0.00, 0.00, 30.45, 1.00, 0.00, 0.00, 0.00, 0.00, 2.98, 37.04, 26.61, 70.36, 26.57, 85.51, 22.49, 83.18, 22.38, 70.92, 40.28, 27.98, -999
22/09/16 11, 3.60, 2.84, 3.20, 4.28, 2.84, 5.32, 3.94, 90.07, 1.00, 90.09, 1.00, 0.00, 0.00, 34.30, 1.00, 0.00, 0.00, 0.00, 0.00, 47.46, 1.00, 38.32, 1.00, 0.00, 0.00, 0.00, 0.00, 0.00, 0.00, 0.00, 0.00, 2.98, 38.26, 22.79, 86.09, 22.86, 84.97, 29.79, 85.66, 29.79, 56.39, 41.99, 24.55, -999
22/09/16 12, 3.94, 1.97, 3.61, 4.41, 3.30, 5.05, 2.52, 92.65, 1.00, 92.67, 1.00, 0.00, 0.00, 33.92, 1.00, 0.00, 0.00, 0.00, 0.00, 47.59, 1.00, 35.55, 1.00, 0.00, 0.00, 30.86, 1.00, 0.00, 0.00, 0.00, 0.00, 2.98, 36.90, 21.96, 85.88, 22.02, 83.90, 22.57, 83.58, 22.46, 69.64, 40.32, 23.71, -999
22/09/16 13, 4.10, 1.11, 3.99, 4.20, 3.77, 5.37, 3.21, 91.47, 1.00, 91.48, 1.00, 0.00, 0.00, 31.63, 1.00, 0.00, 0.00, 0.00, 0.00, 46.62, 1.00, 35.96, 1.00, 0.00, 0.00, 31.21, 1.00, 0.00, 0.00, 0.00, 0.00, 2.98, 37.53, 21.47, 89.02, 21.52, 85.11, 23.02, 83.31, 22.90, 68.89, 41.01, 23.17, -999
22/09/16 14, 4.23, 0.58, 4.49, 4.49, 3.80, 5.50, 3.70, 95.52, 1.00, 95.54, 1.00, 0.00, 0.00, 33.46, 1.00, 0.00, 0.00, 0.00, 0.00, 47.99, 1.00, 0.00, 0.00, 0.00, 0.00, 32.41, 1.00, 0.00, 0.00, 109.99, 1.00, 2.98, 35.38, 25.67, 90.34, 25.73, 86.87, 28.67, 62.10, 28.55, 70.37, 28.77, 27.87, -999
22/09/16 15, 4.15, 1.15, 5.01, 3.66, 2.96, 5.50, 3.80, 95.15, 1.00, 95.17, 1.00, 0.00, 0.00, 35.12, 1.00, 0.00, 0.00, 0.00, 0.00, 0.00, 0.00, 0.00, 0.00, 0.00, 0.00, 31.69, 1.00, 0.00, 0.00, 95.11, 1.00, 2.98, 35.57, 28.47, 90.36, 28.58, 63.32, 28.91, 62.19, 28.79, 73.13, 31.12, 30.22, -999
22/09/16 16, 4.07, 1.64, 5.28, 3.12, 2.24, 5.50, 4.40, 94.96, 1.00, 94.98, 1.00, 0.00, 0.00, 0.00, 0.00, 0.00, 0.00, 0.00, 0.00, 49.93, 1.00, 0.00, 0.00, 0.00, 0.00, 31.88, 1.00, 0.00, 0.00, 98.00, 1.00, 2.98, 35.67, 28.13, 72.90, 28.09, 85.57, 28.90, 61.33, 28.78, 72.46, 30.77, 29.87, -999
22/09/16 17, 4.04, 2.14, 4.90, 3.35, 1.51, 5.50, 4.79, 94.95, 1.00, 94.97, 1.00, 0.00, 0.00, 0.00, 0.00, 0.00, 0.00, 0.00, 0.00, 49.52, 1.00, 0.00, 0.00, 0.00, 0.00, 31.35, 1.00, 0.00, 0.00, 95.45, 1.00, 2.98, 35.68, 28.50, 73.37, 28.46, 86.73, 28.95, 61.20, 28.84, 74.37, 31.12, 30.22, -999
22/09/16 18, 4.00, 2.61, 4.55, 3.78, 2.07, 5.15, 3.16, 94.87, 1.00, 94.89, 1.00, 0.00, 0.00, 0.00, 0.00, 0.00, 0.00, 0.00, 0.00, 50.34, 1.00, 37.58, 1.00, 0.00, 0.00, 0.00, 0.00, 0.00, 0.00, 93.38, 1.00, 2.98, 35.72, 28.79, 71.67, 28.75, 85.42, 28.09, 85.35, 28.09, 56.66, 31.41, 30.51, -999
22/09/16 19, 3.90, 3.05, 4.15, 3.81, 2.62, 5.13, 2.64, 95.60, 1.00, 95.62, 1.00, 0.00, 0.00, 0.00, 0.00, 0.00, 0.00, 0.00, 0.00, 50.33, 1.00, 35.87, 1.00, 0.00, 0.00, 31.37, 1.00, 0.00, 0.00, 88.29, 1.00, 2.98, 35.34, 28.94, 71.41, 28.90, 85.60, 21.46, 81.91, 21.34, 66.79, 31.53, 30.63, -999
22/09/16 20, 3.74, 3.44, 3.75, 3.87, 2.94, 5.24, 2.45, 95.87, 1.00, 95.88, 1.00, 0.00, 0.00, 0.00, 0.00, 0.00, 0.00, 0.00, 0.00, 50.58, 1.00, 36.01, 1.00, 0.00, 0.00, 30.86, 1.00, 0.00, 0.00, 85.23, 1.00, 2.98, 35.19, 29.17, 70.01, 29.13, 85.32, 21.35, 81.55, 21.23, 68.42, 31.73, 30.83, -999
22/09/16 21, 3.57, 3.80, 3.32, 3.81, 3.15, 5.48, 2.87, 96.59, 1.00, 96.61, 1.00, 0.00, 0.00, 0.00, 0.00, 0.00, 0.00, 0.00, 0.00, 50.71, 1.00, 35.48, 1.00, 0.00, 0.00, 31.27, 1.00, 0.00, 0.00, 80.70, 1.00, 2.98, 34.80, 29.31, 68.45, 29.27, 85.20, 20.90, 82.05, 20.79, 66.60, 31.85, 30.95, -999
22/09/16 22, 3.38, 4.02, 3.08, 3.71, 3.46, 5.50, 2.52, 95.94, 1.00, 95.96, 1.00, 0.00, 0.00, 36.33, 1.00, 0.00, 0.00, 0.00, 0.00, 50.65, 1.00, 35.35, 1.00, 0.00, 0.00, 30.79, 1.00, 0.00, 0.00, 86.56, 1.00, 2.98, 35.15, 28.39, 88.17, 28.46, 84.52, 21.36, 82.73, 21.25, 68.67, 31.40, 30.50, -999
22/09/16 23, 3.24, 4.01, 3.55, 3.43, 3.83, 5.50, 2.67, 96.43, 1.00, 96.45, 1.00, 0.00, 0.00, 36.24, 1.00, 0.00, 0.00, 0.00, 0.00, 50.23, 1.00, 35.14, 1.00, 0.00, 0.00, 30.87, 1.00, 0.00, 0.00, 84.31, 1.00, 2.98, 34.89, 28.38, 88.32, 28.46, 85.34, 21.07, 82.81, 20.96, 68.12, 31.38, 30.48, -999
23/09/16 00, 3.15, 4.00, 4.00, 3.53, 3.61, 5.50, 2.73, 96.33, 1.00, 96.35, 1.00, 0.00, 0.00, 35.26, 1.00, 0.00, 0.00, 0.00, 0.00, 49.33, 1.00, 0.00, 0.00, 0.00, 0.00, 31.32, 1.00, 0.00, 0.00, 85.79, 1.00, 2.98, 34.94, 28.41, 90.06, 28.47, 87.11, 27.95, 62.50, 27.84, 73.45, 31.38, 30.48, -999
23/09/16 01, 3.12, 4.01, 4.51, 4.00, 2.85, 5.50, 3.56, 96.10, 1.00, 96.12, 1.00, 0.00, 0.00, 34.33, 1.00, 0.00, 0.00, 0.00, 0.00, 49.93, 1.00, 0.00, 0.00, 0.00, 0.00, 30.45, 1.00, 0.00, 0.00, 86.34, 1.00, 2.98, 35.07, 28.43, 91.66, 28.49, 85.97, 28.12, 62.87, 28.01, 76.54, 31.40, 30.50, -999
23/09/16 02, 3.12, 4.04, 5.04, 4.15, 2.26, 5.50, 4.75, 95.02, 1.00, 95.04, 1.00, 0.00, 0.00, 33.56, 1.00, 0.00, 0.00, 0.00, 0.00, 48.73, 1.00, 0.00, 0.00, 0.00, 0.00, 30.60, 1.00, 0.00, 0.00, 89.77, 1.00, 2.98, 35.64, 28.53, 93.03, 28.59, 88.36, 28.45, 62.37, 28.34, 76.39, 31.49, 30.59, -999
23/09/16 03, 3.33, 4.38, 5.20, 4.33, 1.69, 5.29, 3.99, 92.65, 1.00, 92.67, 1.00, 0.00, 0.00, 0.00, 0.00, 0.00, 0.00, 0.00, 0.00, 0.00, 0.00, 0.00, 0.00, 0.00, 0.00, 0.00, 0.00, 0.00, 0.00, 72.90, 1.00, 2.98, 36.90, 33.00, 76.35, 33.00, 69.02, 32.23, 62.31, 32.23, 59.80, 35.31, 34.41, -999
23/09/16 04, 3.58, 5.12, 4.99, 3.49, 1.83, 5.00, 2.82, 92.93, 1.00, 92.95, 1.00, 0.00, 0.00, 0.00, 0.00, 0.00, 0.00, 0.00, 0.00, 0.00, 0.00, 37.14, 1.00, 0.00, 0.00, 0.00, 0.00, 0.00, 0.00, 67.34, 1.00, 2.98, 36.75, 33.25, 76.15, 33.25, 68.05, 28.65, 86.75, 28.65, 58.80, 35.52, 34.62, -999
23/09/16 05, 3.81, 5.28, 4.78, 3.33, 2.57, 5.16, 3.05, 89.80, 1.00, 89.81, 1.00, 0.00, 0.00, 0.00, 0.00, 0.00, 0.00, 0.00, 0.00, 49.78, 1.00, 35.54, 1.00, 0.00, 0.00, 30.56, 1.00, 0.00, 0.00, 0.00, 0.00, 2.98, 38.40, 28.31, 75.77, 28.27, 86.03, 24.02, 85.05, 23.90, 72.07, 41.90, 29.68, -999
23/09/16 06, 4.13, 4.75, 4.56, 3.63, 3.25, 5.50, 4.21, 89.29, 1.00, 89.30, 1.00, 0.00, 0.00, 0.00, 0.00, 0.00, 0.00, 0.00, 0.00, 48.54, 1.00, 35.41, 1.00, 0.00, 0.00, 29.25, 1.00, 0.00, 0.00, 0.00, 0.00, 2.98, 38.67, 27.87, 75.20, 27.83, 87.96, 24.77, 86.02, 24.67, 77.03, 42.29, 29.24, -999
23/09/16 07, 4.51, 4.24, 4.32, 4.25, 3.99, 5.38, 4.24, 111.07, 1.00, 0.00, 0.00, 0.00, 0.00, 0.00, 0.00, 0.00, 0.00, 0.00, 0.00, 49.14, 1.00, 0.00, 0.00, 0.00, 0.00, 0.00, 0.00, 0.00, 0.00, 0.00, 0.00, 2.99, 26.85, 27.32, 72.86, 27.28, 86.28, 32.61, 63.89, 32.61, 57.90, 39.48, 28.69, -999
23/09/16 08, 4.71, 3.72, 3.97, 4.48, 3.39, 5.01, 2.56, 111.04, 1.00, 0.00, 0.00, 0.00, 0.00, 0.00, 0.00, 0.00, 0.00, 0.00, 0.00, 48.54, 1.00, 0.00, 0.00, 0.00, 0.00, 0.00, 0.00, 0.00, 0.00, 0.00, 0.00, 2.99, 26.87, 26.84, 71.82, 26.80, 86.92, 32.72, 62.32, 32.72, 54.93, 39.54, 28.20, -999
23/09/16 09, 4.75, 3.59, 3.60, 3.61, 2.63, 5.19, 2.62, 111.74, 1.00, 0.00, 0.00, 0.00, 0.00, 0.00, 0.00, 0.00, 0.00, 0.00, 0.00, 0.00, 0.00, 0.00, 0.00, 0.00, 0.00, 33.42, 1.00, 0.00, 0.00, 0.00, 0.00, 2.99, 26.48, 28.59, 69.25, 28.59, 59.56, 29.44, 61.61, 29.31, 67.42, 39.06, 29.78, -999
23/09/16 10, 4.80, 3.33, 3.15, 2.65, 1.88, 5.31, 2.39, 111.93, 1.00, 0.00, 0.00, 0.00, 0.00, 0.00, 0.00, 0.00, 0.00, 0.00, 0.00, 49.86, 1.00, 0.00, 0.00, 0.00, 0.00, 33.19, 1.00, 0.00, 0.00, 0.00, 0.00, 2.99, 26.37, 26.35, 70.37, 26.31, 83.92, 29.44, 61.48, 29.31, 68.30, 39.00, 27.72, -999
23/09/16 11, 4.75, 2.58, 3.27, 2.62, 1.72, 5.49, 2.49, 112.28, 1.00, 0.00, 0.00, 0.00, 0.00, 33.47, 1.00, 0.00, 0.00, 0.00, 0.00, 47.57, 1.00, 36.48, 1.00, 0.00, 0.00, 31.33, 1.00, 0.00, 0.00, 0.00, 0.00, 2.99, 26.17, 22.62, 87.27, 22.68, 84.58, 22.35, 81.72, 22.24, 67.82, 38.72, 24.36, -999
23/09/16 12, 4.63, 1.72, 3.72, 2.98, 2.06, 5.50, 2.85, 111.73, 1.00, 0.00, 0.00, 0.00, 0.00, 31.91, 1.00, 0.00, 0.00, 0.00, 0.00, 45.33, 1.00, 36.49, 1.00, 0.00, 0.00, 30.41, 1.00, 0.00, 0.00, 0.00, 0.00, 2.99, 26.48, 22.18, 89.31, 22.24, 88.02, 22.79, 82.14, 22.68, 71.34, 38.91, 23.88, -999
23/09/16 13, 4.57, 0.91, 4.22, 3.88, 2.41, 5.50, 3.43, 114.16, 1.00, 0.00, 0.00, 0.00, 0.00, 31.96, 1.00, 0.00, 0.00, 0.00, 0.00, 46.50, 1.00, 35.52, 1.00, 0.00, 0.00, 30.10, 1.00, 0.00, 0.00, 0.00, 0.00, 2.99, 25.10, 21.24, 88.29, 21.29, 85.09, 21.89, 82.96, 21.78, 71.47, 37.80, 22.95, -999
23/09/16 14, 4.16, 0.51, 4.70, 4.23, 2.89, 5.50, 3.93, 118.24, 1.00, 0.00, 0.00, 0.00, 0.00, 34.00, 1.00, 0.00, 0.00, 0.00, 0.00, 48.89, 1.00, 34.65, 1.00, 0.00, 0.00, 29.86, 1.00, 0.00, 0.00, 93.27, 1.00, 2.99, 22.76, 25.03, 88.83, 25.10, 84.57, 19.89, 82.46, 19.78, 70.22, 28.03, 27.13, -999
23/09/16 15, 3.67, 0.61, 5.15, 4.09, 3.36, 5.50, 4.18, 118.75, 1.00, 0.00, 0.00, 0.00, 0.00, 33.99, 1.00, 0.00, 0.00, 0.00, 0.00, 48.58, 1.00, 34.74, 1.00, 0.00, 0.00, 29.56, 1.00, 0.00, 0.00, 90.26, 1.00, 2.99, 22.47, 25.10, 88.90, 25.16, 85.21, 19.57, 81.98, 19.46, 70.88, 28.07, 27.17, -999
23/09/16 16, 3.21, 0.88, 5.05, 4.22, 3.71, 5.50, 4.54, 118.53, 1.00, 0.00, 0.00, 0.00, 0.00, 0.00, 0.00, 0.00, 0.00, 0.00, 0.00, 49.16, 1.00, 34.35, 1.00, 0.00, 0.00, 29.46, 1.00, 0.00, 0.00, 82.77, 1.00, 2.99, 22.60, 26.56, 72.99, 26.52, 85.48, 19.76, 82.84, 19.66, 71.39, 29.10, 28.20, -999
23/09/16 17, 2.87, 1.25, 4.68, 4.30, 3.77, 5.38, 4.23, 116.78, 1.00, 0.00, 0.00, 0.00, 0.00, 0.00, 0.00, 0.00, 0.00, 0.00, 0.00, 48.63, 1.00, 0.00, 0.00, 0.00, 0.00, 0.00, 0.00, 0.00, 0.00, 87.73, 1.00, 2.99, 23.61, 27.22, 72.04, 27.18, 87.15, 29.66, 62.77, 29.66, 57.91, 29.79, 28.89, -999
23/09/16 18, 2.70, 1.83, 4.29, 3.89, 3.02, 5.01, 2.55, 115.75, 1.00, 0.00, 0.00, 0.00, 0.00, 0.00, 0.00, 0.00, 0.00, 0.00, 0.00, 0.00, 0.00, 0.00, 0.00, 0.00, 0.00, 0.00, 0.00, 0.00, 0.00, 69.17, 1.00, 2.99, 24.19, 30.11, 71.92, 30.11, 63.05, 30.09, 61.56, 30.09, 56.46, 32.40, 31.50, -999
23/09/16 19, 2.48, 2.37, 3.91, 3.07, 2.21, 5.24, 2.84, 118.81, 1.00, 0.00, 0.00, 0.00, 0.00, 0.00, 0.00, 0.00, 0.00, 0.00, 0.00, 50.52, 1.00, 0.00, 0.00, 0.00, 0.00, 32.42, 1.00, 0.00, 0.00, 73.58, 1.00, 2.99, 22.44, 27.61, 70.72, 27.57, 83.89, 25.62, 61.85, 25.50, 67.27, 30.11, 29.21, -999
23/09/16 20, 2.15, 2.60, 3.50, 2.82, 1.56, 5.35, 2.63, 117.72, 1.00, 0.00, 0.00, 0.00, 0.00, 0.00, 0.00, 0.00, 0.00, 0.00, 0.00, 50.43, 1.00, 0.00, 0.00, 0.00, 0.00, 32.27, 1.00, 0.00, 0.00, 75.57, 1.00, 2.99, 23.06, 27.92, 69.30, 27.88, 84.37, 26.17, 59.99, 26.05, 68.36, 30.43, 29.53, -999
23/09/16 21, 1.82, 2.81, 3.05, 2.81, 1.59, 5.50, 2.79, 121.67, 1.00, 0.00, 0.00, 0.00, 0.00, 0.00, 0.00, 0.00, 0.00, 0.00, 0.00, 50.47, 1.00, 34.85, 1.00, 0.00, 0.00, 30.00, 1.00, 0.00, 0.00, 55.15, 1.00, 2.99, 20.78, 27.64, 68.69, 27.60, 84.01, 17.39, 79.62, 17.29, 67.27, 30.05, 29.15, -999
23/09/16 22, 1.35, 2.60, 3.25, 2.68, 1.85, 5.50, 2.65, 120.89, 1.00, 0.00, 0.00, 0.00, 0.00, 35.54, 1.00, 0.00, 0.00, 0.00, 0.00, 49.87, 1.00, 34.78, 1.00, 0.00, 0.00, 30.17, 1.00, 0.00, 0.00, 64.55, 1.00, 2.99, 21.23, 26.63, 87.79, 26.70, 84.29, 17.83, 80.19, 17.73, 67.18, 29.50, 28.60, -999
23/09/16 23, 0.95, 2.38, 3.71, 2.76, 2.16, 5.50, 2.50, 98.48, 1.00, 98.50, 1.00, 0.00, 0.00, 35.20, 1.00, 0.00, 0.00, 0.00, 0.00, 49.87, 1.00, 34.92, 1.00, 0.00, 0.00, 30.27, 1.00, 0.00, 0.00, 82.37, 1.00, 2.97, 33.79, 26.77, 88.52, 26.83, 84.42, 19.28, 81.39, 19.17, 68.30, 29.73, 28.83, -999
24/09/16 00, 0.85, 2.35, 4.17, 2.84, 2.57, 5.50, 2.62, 98.58, 1.00, 98.59, 1.00, 0.00, 0.00, 35.05, 1.00, 0.00, 0.00, 0.00, 0.00, 49.38, 1.00, 34.40, 1.00, 0.00, 0.00, 30.01, 1.00, 0.00, 0.00, 81.96, 1.00, 2.97, 33.74, 26.75, 88.76, 26.81, 85.34, 19.38, 82.37, 19.27, 69.25, 29.70, 28.80, -999
24/09/16 01, 0.76, 2.32, 4.63, 3.13, 3.08, 5.50, 2.92, 97.82, 1.00, 97.84, 1.00, 0.00, 0.00, 33.44, 1.00, 0.00, 0.00, 0.00, 0.00, 48.51, 1.00, 34.19, 1.00, 0.00, 0.00, 29.21, 1.00, 0.00, 0.00, 84.64, 1.00, 2.97, 34.14, 26.77, 91.47, 26.83, 87.02, 19.90, 83.25, 19.80, 72.27, 29.70, 28.80, -999
24/09/16 02, 0.74, 2.35, 5.16, 3.70, 3.65, 5.50, 3.72, 97.69, 1.00, 97.71, 1.00, 0.00, 0.00, 33.12, 1.00, 0.00, 0.00, 0.00, 0.00, 48.26, 1.00, 33.91, 1.00, 0.00, 0.00, 28.91, 1.00, 0.00, 0.00, 84.83, 1.00, 2.97, 34.21, 26.81, 92.03, 26.87, 87.50, 20.07, 83.88, 19.97, 73.39, 29.73, 28.83, -999
24/09/16 03, 0.81, 2.54, 5.30, 4.29, 3.79, 5.50, 4.65, 97.12, 1.00, 97.14, 1.00, 0.00, 0.00, 0.00, 0.00, 0.00, 0.00, 0.00, 0.00, 48.38, 1.00, 0.00, 0.00, 0.00, 0.00, 29.97, 1.00, 0.00, 0.00, 81.00, 1.00, 2.97, 34.52, 28.19, 75.55, 28.15, 88.56, 26.46, 64.33, 26.36, 76.47, 30.71, 29.81, -999
24/09/16 04, 1.10, 3.16, 5.03, 3.84, 3.30, 5.27, 3.74, 94.35, 1.00, 94.36, 1.00, 0.00, 0.00, 0.00, 0.00, 0.00, 0.00, 0.00, 0.00, 0.00, 0.00, 0.00, 0.00, 0.00, 0.00, 0.00, 0.00, 0.00, 0.00, 71.26, 1.00, 2.98, 36.00, 31.63, 76.13, 31.63, 68.61, 30.43, 64.23, 30.43, 60.02, 33.93, 33.03, -999
24/09/16 05, 1.47, 3.91, 4.82, 3.01, 2.90, 5.00, 2.70, 94.28, 1.00, 94.30, 1.00, 0.00, 0.00, 0.00, 0.00, 0.00, 0.00, 0.00, 0.00, 0.00, 0.00, 0.00, 0.00, 0.00, 0.00, 0.00, 0.00, 0.00, 0.00, 68.22, 1.00, 2.98, 36.04, 32.11, 75.21, 32.11, 65.32, 30.66, 63.43, 30.66, 57.83, 34.39, 33.49, -999
24/09/16 06, 1.66, 4.22, 4.57, 3.51, 2.42, 5.21, 3.02, 96.19, 1.00, 96.21, 1.00, 0.00, 0.00, 0.00, 0.00, 0.00, 0.00, 0.00, 0.00, 49.70, 1.00, 0.00, 0.00, 0.00, 0.00, 32.10, 1.00, 0.00, 0.00, 76.13, 1.00, 2.98, 35.02, 29.59, 74.45, 29.55, 87.47, 26.99, 62.85, 26.87, 69.77, 32.09, 31.19, -999
24/09/16 07, 1.81, 4.50, 4.28, 4.00, 1.91, 5.50, 3.54, 95.99, 1.00, 96.01, 1.00, 0.00, 0.00, 0.00, 0.00, 0.00, 0.00, 0.00, 0.00, 49.70, 1.00, 0.00, 0.00, 0.00, 0.00, 31.01, 1.00, 0.00, 0.00, 75.43, 1.00, 2.98, 35.12, 29.84, 73.72, 29.80, 87.72, 27.31, 61.60, 27.20, 73.88, 32.34, 31.44, -999
24/09/16 08, 1.92, 4.76, 3.98, 4.45, 1.54, 5.50, 4.31, 97.05, 1.00, 97.07, 1.00, 0.00, 0.00, 0.00, 0.00, 0.00, 0.00, 0.00, 0.00, 50.20, 1.00, 35.25, 1.00, 0.00, 0.00, 29.78, 1.00, 0.00, 0.00, 69.60, 1.00, 2.97, 34.56, 29.89, 71.97, 29.84, 86.79, 20.39, 81.94, 20.29, 71.00, 32.36, 31.46, -999
24/09/16 09, 1.90, 5.15, 3.61, 3.79, 2.04, 5.50, 4.64, 96.74, 1.00, 96.76, 1.00, 0.00, 0.00, 0.00, 0.00, 0.00, 0.00, 0.00, 0.00, 0.00, 0.00, 35.63, 1.00, 0.00, 0.00, 29.78, 1.00, 0.00, 0.00, 52.03, 1.00, 2.98, 34.72, 32.09, 71.13, 32.09, 65.26, 20.31, 81.19, 20.21, 70.91, 34.29, 33.39, -999
24/09/16 10, 2.03, 5.31, 3.23, 3.11, 2.40, 5.35, 4.07, 93.67, 1.00, 93.69, 1.00, 0.00, 0.00, 0.00, 0.00, 0.00, 0.00, 0.00, 0.00, 50.51, 1.00, 37.97, 1.00, 0.00, 0.00, 0.00, 0.00, 0.00, 0.00, 0.00, 0.00, 2.98, 36.36, 28.29, 69.31, 28.25, 84.59, 27.43, 83.97, 27.43, 55.20, 39.47, 29.67, -999
24/09/16 11, 2.30, 4.60, 3.20, 3.06, 2.76, 5.03, 2.41, 93.84, 1.00, 93.86, 1.00, 0.00, 0.00, 34.60, 1.00, 0.00, 0.00, 0.00, 0.00, 48.80, 1.00, 35.43, 1.00, 0.00, 0.00, 31.03, 1.00, 0.00, 0.00, 0.00, 0.00, 2.98, 36.27, 24.37, 87.15, 24.44, 84.07, 21.26, 82.48, 21.14, 67.77, 39.17, 26.15, -999
24/09/16 12, 2.50, 3.72, 3.64, 3.11, 3.17, 5.24, 2.66, 94.33, 1.00, 94.35, 1.00, 0.00, 0.00, 34.26, 1.00, 0.00, 0.00, 0.00, 0.00, 48.43, 1.00, 35.41, 1.00, 0.00, 0.00, 31.06, 1.00, 0.00, 0.00, 0.00, 0.00, 2.98, 36.01, 23.57, 86.92, 23.64, 83.97, 21.10, 82.36, 20.99, 67.48, 38.95, 25.34, -999
24/09/16 13, 2.66, 2.85, 4.06, 3.18, 3.52, 5.42, 2.74, 93.54, 1.00, 93.56, 1.00, 0.00, 0.00, 34.09, 1.00, 0.00, 0.00, 0.00, 0.00, 47.91, 1.00, 35.01, 1.00, 0.00, 0.00, 31.05, 1.00, 0.00, 0.00, 0.00, 0.00, 2.98, 36.43, 22.78, 86.42, 22.84, 84.12, 21.66, 83.62, 21.55, 68.08, 39.45, 24.53, -999
24/09/16 14, 2.87, 1.98, 4.45, 3.32, 3.98, 5.50, 3.12, 90.66, 1.00, 90.67, 1.00, 0.00, 0.00, 32.08, 1.00, 0.00, 0.00, 0.00, 0.00, 47.55, 1.00, 0.00, 0.00, 0.00, 0.00, 31.97, 1.00, 0.00, 0.00, 0.00, 0.00, 2.98, 37.95, 22.18, 89.05, 22.24, 84.17, 30.15, 63.81, 30.03, 73.42, 41.54, 23.90, -999
24/09/16 15, 3.27, 1.14, 4.92, 3.48, 3.36, 5.50, 3.84, 90.56, 1.00, 90.58, 1.00, 0.00, 0.00, 32.08, 1.00, 0.00, 0.00, 0.00, 0.00, 47.03, 1.00, 0.00, 0.00, 0.00, 0.00, 31.94, 1.00, 0.00, 0.00, 0.00, 0.00, 2.98, 38.00, 21.40, 88.27, 21.45, 84.32, 30.37, 63.20, 30.25, 73.72, 41.69, 23.11, -999
24/09/16 16, 3.60, 0.46, 5.36, 3.69, 2.74, 5.50, 4.50, 95.80, 1.00, 95.82, 1.00, 0.00, 0.00, 0.00, 0.00, 0.00, 0.00, 0.00, 0.00, 49.36, 1.00, 0.00, 0.00, 0.00, 0.00, 31.30, 1.00, 0.00, 0.00, 100.53, 1.00, 2.98, 35.23, 27.15, 73.46, 27.11, 85.69, 28.41, 61.75, 28.30, 74.00, 29.81, 28.91, -999
24/09/16 17, 3.62, 0.99, 5.00, 3.90, 2.00, 5.31, 3.88, 95.03, 1.00, 95.05, 1.00, 0.00, 0.00, 0.00, 0.00, 0.00, 0.00, 0.00, 0.00, 49.11, 1.00, 0.00, 0.00, 0.00, 0.00, 0.00, 0.00, 0.00, 0.00, 100.28, 1.00, 2.98, 35.64, 27.70, 73.00, 27.66, 86.71, 31.33, 61.34, 31.33, 56.68, 30.35, 29.45, -999
24/09/16 18, 3.66, 1.52, 4.64, 4.27, 1.64, 5.05, 2.53, 95.54, 1.00, 95.55, 1.00, 0.00, 0.00, 0.00, 0.00, 0.00, 0.00, 0.00, 0.00, 48.73, 1.00, 35.80, 1.00, 0.00, 0.00, 30.89, 1.00, 0.00, 0.00, 95.26, 1.00, 2.98, 35.37, 27.92, 72.79, 27.88, 87.66, 21.55, 82.14, 21.44, 68.51, 30.54, 29.64, -999
24/09/16 19, 3.55, 2.18, 4.28, 3.89, 2.10, 5.31, 2.96, 95.52, 1.00, 95.53, 1.00, 0.00, 0.00, 0.00, 0.00, 0.00, 0.00, 0.00, 0.00, 0.00, 0.00, 35.69, 1.00, 0.00, 0.00, 31.02, 1.00, 0.00, 0.00, 74.15, 1.00, 2.98, 35.38, 30.92, 71.58, 30.92, 62.27, 21.46, 82.23, 21.35, 67.99, 33.23, 32.33, -999
24/09/16 20, 3.44, 2.86, 3.88, 2.73, 2.54, 5.50, 3.14, 96.44, 1.00, 96.46, 1.00, 0.00, 0.00, 0.00, 0.00, 0.00, 0.00, 0.00, 0.00, 50.67, 1.00, 35.70, 1.00, 0.00, 0.00, 30.23, 1.00, 0.00, 0.00, 86.16, 1.00, 2.98, 34.89, 28.63, 70.63, 28.59, 84.61, 21.16, 81.91, 21.06, 70.31, 31.20, 30.30, -999
24/09/16 21, 3.26, 3.23, 3.47, 2.77, 2.88, 5.50, 3.52, 96.75, 1.00, 96.77, 1.00, 0.00, 0.00, 0.00, 0.00, 0.00, 0.00, 0.00, 0.00, 51.00, 1.00, 35.87, 1.00, 0.00, 0.00, 30.75, 1.00, 0.00, 0.00, 82.94, 1.00, 2.98, 34.72, 28.82, 67.38, 28.78, 84.14, 20.74, 81.19, 20.63, 68.19, 31.38, 30.48, -999
24/09/16 22, 3.08, 3.56, 2.96, 2.63, 3.07, 5.50, 3.35, 97.81, 1.00, 97.83, 1.00, 0.00, 0.00, 37.41, 1.00, 0.00, 0.00, 0.00, 0.00, 50.95, 1.00, 35.39, 1.00, 0.00, 0.00, 30.82, 1.00, 0.00, 0.00, 81.66, 1.00, 2.97, 34.15, 27.87, 86.17, 27.95, 83.40, 20.18, 81.48, 20.06, 67.39, 30.88, 29.98, -999
24/09/16 23, 2.84, 3.49, 3.37, 2.26, 3.32, 5.50, 3.02, 97.19, 1.00, 97.21, 1.00, 0.00, 0.00, 36.84, 1.00, 0.00, 0.00, 0.00, 0.00, 50.74, 1.00, 35.47, 1.00, 0.00, 0.00, 30.82, 1.00, 0.00, 0.00, 84.16, 1.00, 2.97, 34.48, 27.83, 86.68, 27.91, 83.79, 20.44, 81.59, 20.32, 67.64, 30.84, 29.94, -999
25/09/16 00, 2.66, 3.45, 3.77, 2.21, 3.55, 5.50, 2.84, 96.73, 1.00, 96.75, 1.00, 0.00, 0.00, 34.53, 1.00, 0.00, 0.00, 0.00, 0.00, 49.69, 1.00, 34.72, 1.00, 0.00, 0.00, 29.50, 1.00, 0.00, 0.00, 85.86, 1.00, 2.98, 34.73, 27.86, 90.76, 27.92, 85.87, 21.14, 83.59, 21.03, 72.61, 30.83, 29.93, -999
25/09/16 01, 2.55, 3.46, 4.30, 2.66, 3.93, 5.50, 3.69, 95.64, 1.00, 95.66, 1.00, 0.00, 0.00, 33.68, 1.00, 0.00, 0.00, 0.00, 0.00, 49.08, 1.00, 0.00, 0.00, 0.00, 0.00, 30.44, 1.00, 0.00, 0.00, 90.10, 1.00, 2.98, 35.31, 27.95, 92.26, 28.01, 87.12, 27.92, 64.38, 27.81, 76.37, 30.92, 30.02, -999
25/09/16 02, 2.65, 3.54, 4.86, 3.26, 3.42, 5.50, 4.84, 94.87, 1.00, 94.89, 1.00, 0.00, 0.00, 33.46, 1.00, 0.00, 0.00, 0.00, 0.00, 48.80, 1.00, 0.00, 0.00, 0.00, 0.00, 0.00, 0.00, 0.00, 0.00, 93.80, 1.00, 2.98, 35.72, 28.10, 92.76, 28.16, 87.79, 30.86, 63.98, 30.86, 60.73, 31.09, 30.19, -999
25/09/16 03, 2.88, 3.73, 5.24, 3.89, 2.94, 5.24, 3.67, 93.59, 1.00, 93.61, 1.00, 0.00, 0.00, 0.00, 0.00, 0.00, 0.00, 0.00, 0.00, 48.46, 1.00, 0.00, 0.00, 0.00, 0.00, 0.00, 0.00, 0.00, 0.00, 90.27, 1.00, 2.98, 36.41, 29.85, 76.60, 29.81, 90.09, 31.50, 63.94, 31.50, 60.49, 32.43, 31.53, -999
25/09/16 04, 3.18, 4.28, 5.05, 4.27, 2.56, 5.00, 2.81, 92.20, 1.00, 92.21, 1.00, 0.00, 0.00, 0.00, 0.00, 0.00, 0.00, 0.00, 0.00, 0.00, 0.00, 0.00, 0.00, 0.00, 0.00, 0.00, 0.00, 0.00, 0.00, 74.58, 1.00, 2.98, 37.14, 33.06, 76.66, 33.06, 69.81, 32.34, 63.66, 32.34, 59.79, 35.37, 34.47, -999
25/09/16 05, 3.46, 5.03, 4.87, 3.58, 2.20, 5.16, 3.20, 92.54, 1.00, 92.56, 1.00, 0.00, 0.00, 0.00, 0.00, 0.00, 0.00, 0.00, 0.00, 0.00, 0.00, 0.00, 0.00, 0.00, 0.00, 31.91, 1.00, 0.00, 0.00, 69.02, 1.00, 2.98, 36.96, 33.31, 76.26, 33.31, 68.95, 29.49, 63.21, 29.37, 72.95, 35.59, 34.69, -999
25/09/16 06, 3.80, 5.40, 4.67, 3.18, 1.82, 5.50, 4.42, 87.58, 1.00, 87.60, 1.00, 0.00, 0.00, 0.00, 0.00, 0.00, 0.00, 0.00, 0.00, 48.47, 1.00, 0.00, 0.00, 0.00, 0.00, 31.01, 1.00, 0.00, 0.00, 0.00, 0.00, 2.98, 39.56, 28.52, 75.87, 28.48, 88.74, 32.18, 62.59, 32.07, 78.76, 43.62, 29.88, -999
25/09/16 07, 4.31, 4.88, 4.47, 3.95, 1.70, 5.36, 4.28, 88.78, 1.00, 88.80, 1.00, 0.00, 0.00, 0.00, 0.00, 0.00, 0.00, 0.00, 0.00, 48.46, 1.00, 38.23, 1.00, 0.00, 0.00, 0.00, 0.00, 0.00, 0.00, 0.00, 0.00, 2.98, 38.93, 28.01, 74.56, 27.97, 88.24, 30.73, 86.79, 30.73, 59.51, 42.92, 29.37, -999
25/09/16 08, 4.56, 4.37, 4.20, 4.57, 2.40, 5.05, 2.96, 111.43, 1.00, 0.00, 0.00, 0.00, 0.00, 0.00, 0.00, 0.00, 0.00, 0.00, 0.00, 0.00, 0.00, 37.47, 1.00, 0.00, 0.00, 0.00, 0.00, 0.00, 0.00, 0.00, 0.00, 2.99, 26.65, 29.37, 73.94, 29.37, 65.26, 28.91, 86.38, 28.91, 57.46, 39.10, 30.56, -999
25/09/16 09, 4.57, 4.37, 3.91, 3.22, 3.03, 5.00, 2.42, 112.51, 1.00, 0.00, 0.00, 0.00, 0.00, 0.00, 0.00, 0.00, 0.00, 0.00, 0.00, 0.00, 0.00, 35.71, 1.00, 0.00, 0.00, 31.64, 1.00, 0.00, 0.00, 0.00, 0.00, 2.99, 26.04, 29.37, 72.15, 29.37, 62.45, 22.30, 83.04, 22.19, 66.70, 38.56, 30.56, -999
25/09/16 10, 4.45, 3.92, 3.55, 3.15, 3.45, 5.11, 2.23, 112.97, 1.00, 0.00, 0.00, 0.00, 0.00, 0.00, 0.00, 0.00, 0.00, 0.00, 0.00, 49.74, 1.00, 35.63, 1.00, 0.00, 0.00, 31.47, 1.00, 0.00, 0.00, 0.00, 0.00, 2.99, 25.78, 26.95, 70.23, 26.91, 84.75, 22.11, 82.99, 22.00, 67.12, 38.32, 28.33, -999
25/09/16 11, 4.31, 3.39, 3.13, 3.23, 3.82, 5.26, 2.27, 113.51, 1.00, 0.00, 0.00, 0.00, 0.00, 0.00, 0.00, 0.00, 0.00, 0.00, 0.00, 49.53, 1.00, 35.48, 1.00, 0.00, 0.00, 31.43, 1.00, 0.00, 0.00, 0.00, 0.00, 2.99, 25.47, 26.44, 69.94, 26.40, 84.65, 21.85, 83.00, 21.74, 66.99, 38.03, 27.81, -999
25/09/16 12, 4.22, 2.69, 3.14, 3.28, 3.61, 5.41, 2.28, 113.00, 1.00, 0.00, 0.00, 0.00, 0.00, 34.17, 1.00, 0.00, 0.00, 0.00, 0.00, 48.08, 1.00, 0.00, 0.00, 0.00, 0.00, 33.06, 1.00, 0.00, 0.00, 0.00, 0.00, 2.99, 25.76, 22.59, 86.09, 22.66, 83.63, 28.82, 61.46, 28.69, 68.15, 38.36, 24.35, -999
25/09/16 13, 4.22, 1.82, 3.55, 3.26, 2.71, 5.50, 2.51, 113.15, 1.00, 0.00, 0.00, 0.00, 0.00, 33.90, 1.00, 0.00, 0.00, 0.00, 0.00, 48.02, 1.00, 0.00, 0.00, 0.00, 0.00, 32.57, 1.00, 0.00, 0.00, 0.00, 0.00, 2.99, 25.68, 21.76, 85.71, 21.83, 82.92, 28.85, 61.63, 28.72, 69.95, 38.31, 23.52, -999
25/09/16 14, 4.21, 0.96, 3.93, 3.03, 1.95, 5.50, 2.74, 113.06, 1.00, 0.00, 0.00, 0.00, 0.00, 33.51, 1.00, 0.00, 0.00, 0.00, 0.00, 47.47, 1.00, 0.00, 0.00, 0.00, 0.00, 32.43, 1.00, 0.00, 0.00, 0.00, 0.00, 2.99, 25.73, 21.00, 85.59, 21.07, 83.15, 28.88, 60.82, 28.76, 70.51, 38.33, 22.74, -999
25/09/16 15, 4.00, 0.49, 4.32, 3.06, 1.47, 5.50, 2.97, 119.86, 1.00, 0.00, 0.00, 0.00, 0.00, 34.58, 1.00, 0.00, 0.00, 0.00, 0.00, 49.23, 1.00, 35.27, 1.00, 0.00, 0.00, 30.52, 1.00, 0.00, 0.00, 86.77, 1.00, 2.99, 21.83, 24.91, 87.73, 24.98, 83.79, 18.55, 80.06, 18.44, 66.75, 27.88, 26.98, -999
25/09/16 16, 3.45, 0.51, 4.75, 2.99, 1.76, 5.50, 2.62, 120.28, 1.00, 0.00, 0.00, 0.00, 0.00, 34.44, 1.00, 0.00, 0.00, 0.00, 0.00, 49.45, 1.00, 35.13, 1.00, 0.00, 0.00, 30.26, 1.00, 0.00, 0.00, 84.37, 1.00, 2.99, 21.58, 24.92, 87.98, 24.99, 83.39, 18.33, 80.07, 18.22, 67.38, 27.88, 26.98, -999
25/09/16 17, 2.93, 0.50, 5.17, 2.78, 2.03, 5.50, 2.51, 121.05, 1.00, 0.00, 0.00, 0.00, 0.00, 35.03, 1.00, 0.00, 0.00, 0.00, 0.00, 49.22, 1.00, 34.77, 1.00, 0.00, 0.00, 30.16, 1.00, 0.00, 0.00, 80.51, 1.00, 2.99, 21.14, 24.90, 86.94, 24.96, 83.82, 17.90, 80.26, 17.80, 67.29, 27.84, 26.94, -999
25/09/16 18, 2.42, 0.62, 5.11, 2.80, 2.33, 5.50, 2.43, 121.83, 1.00, 0.00, 0.00, 0.00, 0.00, 0.00, 0.00, 0.00, 0.00, 0.00, 0.00, 49.72, 1.00, 34.63, 1.00, 0.00, 0.00, 30.11, 1.00, 0.00, 0.00, 71.88, 1.00, 2.99, 20.68, 25.84, 68.80, 25.80, 83.68, 17.40, 80.01, 17.29, 66.92, 28.32, 27.42, -999
25/09/16 19, 1.90, 0.84, 4.59, 2.71, 2.56, 5.50, 2.28, 121.29, 1.00, 0.00, 0.00, 0.00, 0.00, 0.00, 0.00, 0.00, 0.00, 0.00, 0.00, 49.70, 1.00, 34.60, 1.00, 0.00, 0.00, 30.22, 1.00, 0.00, 0.00, 72.10, 1.00, 2.99, 21.00, 26.06, 70.98, 26.02, 83.94, 17.67, 80.32, 17.56, 66.85, 28.55, 27.65, -999
25/09/16 20, 1.44, 1.06, 4.17, 2.71, 2.82, 5.50, 2.14, 121.68, 1.00, 0.00, 0.00, 0.00, 0.00, 0.00, 0.00, 0.00, 0.00, 0.00, 0.00, 49.77, 1.00, 34.45, 1.00, 0.00, 0.00, 29.91, 1.00, 0.00, 0.00, 68.62, 1.00, 2.99, 20.77, 26.18, 69.31, 26.14, 83.93, 17.50, 80.41, 17.39, 67.68, 28.64, 27.74, -999
25/09/16 21, 1.00, 1.25, 3.70, 2.70, 3.06, 5.50, 2.24, 122.10, 1.00, 0.00, 0.00, 0.00, 0.00, 0.00, 0.00, 0.00, 0.00, 0.00, 0.00, 49.71, 1.00, 33.99, 1.00, 0.00, 0.00, 29.71, 1.00, 0.00, 0.00, 65.04, 1.00, 2.99, 20.53, 26.27, 70.01, 26.23, 84.14, 17.36, 81.04, 17.25, 68.19, 28.72, 27.82, -999
25/09/16 22, 0.85, 1.58, 3.27, 2.76, 3.43, 5.50, 2.48, 98.69, 1.00, 98.71, 1.00, 0.00, 0.00, 0.00, 0.00, 0.00, 0.00, 0.00, 0.00, 49.83, 1.00, 34.54, 1.00, 0.00, 0.00, 30.83, 1.00, 0.00, 0.00, 81.37, 1.00, 2.97, 33.67, 27.17, 67.85, 27.13, 84.80, 19.08, 81.85, 18.96, 66.24, 29.70, 28.80, -999
25/09/16 23, 0.73, 1.76, 3.18, 2.92, 3.77, 5.49, 2.10, 98.85, 1.00, 98.87, 1.00, 0.00, 0.00, 35.31, 1.00, 0.00, 0.00, 0.00, 0.00, 49.51, 1.00, 34.25, 1.00, 0.00, 0.00, 30.65, 1.00, 0.00, 0.00, 84.86, 1.00, 2.97, 33.58, 26.16, 87.72, 26.22, 84.51, 19.07, 82.32, 18.96, 66.85, 29.13, 28.23, -999
26/09/16 00, 0.68, 1.76, 3.64, 3.03, 3.70, 5.50, 2.33, 98.76, 1.00, 98.78, 1.00, 0.00, 0.00, 35.50, 1.00, 0.00, 0.00, 0.00, 0.00, 49.09, 1.00, 0.00, 0.00, 0.00, 0.00, 31.54, 1.00, 0.00, 0.00, 85.88, 1.00, 2.97, 33.64, 26.17, 87.40, 26.24, 85.32, 25.56, 63.17, 25.44, 70.32, 29.15, 28.25, -999
26/09/16 01, 0.71, 1.78, 4.07, 3.31, 3.02, 5.50, 2.74, 98.50, 1.00, 98.52, 1.00, 0.00, 0.00, 33.13, 1.00, 0.00, 0.00, 0.00, 0.00, 48.93, 1.00, 0.00, 0.00, 0.00, 0.00, 31.59, 1.00, 0.00, 0.00, 86.63, 1.00, 2.97, 33.78, 26.24, 91.44, 26.30, 85.69, 25.65, 62.85, 25.53, 70.24, 29.18, 28.28, -999
26/09/16 02, 0.75, 1.83, 4.62, 3.63, 2.40, 5.50, 3.06, 97.30, 1.00, 97.32, 1.00, 0.00, 0.00, 33.31, 1.00, 0.00, 0.00, 0.00, 0.00, 48.21, 1.00, 0.00, 0.00, 0.00, 0.00, 30.69, 1.00, 0.00, 0.00, 90.75, 1.00, 2.97, 34.42, 26.35, 91.28, 26.41, 87.16, 26.24, 62.90, 26.13, 73.90, 29.32, 28.42, -999
26/09/16 03, 0.88, 1.93, 5.14, 4.17, 1.91, 5.50, 3.95, 97.24, 1.00, 97.26, 1.00, 0.00, 0.00, 32.37, 1.00, 0.00, 0.00, 0.00, 0.00, 47.64, 1.00, 0.00, 0.00, 0.00, 0.00, 29.92, 1.00, 0.00, 0.00, 90.47, 1.00, 2.97, 34.46, 26.49, 92.91, 26.55, 88.33, 26.45, 62.51, 26.34, 76.59, 29.44, 28.54, -999
26/09/16 04, 1.06, 2.36, 5.31, 4.03, 1.60, 5.44, 4.55, 95.68, 1.00, 95.69, 1.00, 0.00, 0.00, 0.00, 0.00, 0.00, 0.00, 0.00, 0.00, 0.00, 0.00, 36.07, 1.00, 0.00, 0.00, 0.00, 0.00, 0.00, 0.00, 69.55, 1.00, 2.98, 35.29, 30.68, 77.77, 30.68, 69.50, 26.39, 86.42, 26.39, 60.70, 32.96, 32.06, -999
26/09/16 05, 1.28, 3.09, 5.21, 3.32, 2.45, 5.19, 3.49, 95.51, 1.00, 95.52, 1.00, 0.00, 0.00, 0.00, 0.00, 0.00, 0.00, 0.00, 0.00, 0.00, 0.00, 36.34, 1.00, 0.00, 0.00, 0.00, 0.00, 0.00, 0.00, 66.74, 1.00, 2.98, 35.39, 31.16, 76.12, 31.16, 67.18, 26.53, 86.07, 26.53, 60.18, 33.44, 32.54, -999
26/09/16 06, 1.46, 3.60, 4.98, 3.19, 3.17, 4.94, 2.59, 96.43, 1.00, 96.45, 1.00, 0.00, 0.00, 0.00, 0.00, 0.00, 0.00, 0.00, 0.00, 48.45, 1.00, 36.15, 1.00, 0.00, 0.00, 0.00, 0.00, 0.00, 0.00, 78.15, 1.00, 2.98, 34.89, 29.12, 73.85, 29.08, 89.37, 26.25, 86.13, 26.25, 57.63, 31.62, 30.72, -999
26/09/16 07, 1.51, 3.90, 4.65, 4.03, 3.80, 5.05, 2.61, 96.76, 1.00, 96.78, 1.00, 0.00, 0.00, 0.00, 0.00, 0.00, 0.00, 0.00, 0.00, 49.33, 1.00, 34.17, 1.00, 0.00, 0.00, 30.41, 1.00, 0.00, 0.00, 74.76, 1.00, 2.98, 34.71, 29.23, 73.41, 29.19, 87.83, 20.39, 83.78, 20.28, 68.95, 31.73, 30.83, -999
26/09/16 08, 1.59, 4.18, 4.32, 4.53, 3.81, 5.35, 3.22, 97.93, 1.00, 97.95, 1.00, 0.00, 0.00, 0.00, 0.00, 0.00, 0.00, 0.00, 0.00, 0.00, 0.00, 0.00, 0.00, 0.00, 0.00, 32.22, 1.00, 0.00, 0.00, 54.36, 1.00, 2.97, 34.08, 31.28, 71.67, 31.28, 65.15, 26.26, 63.81, 26.14, 68.62, 33.49, 32.59, -999
26/09/16 09, 1.64, 4.74, 3.93, 3.17, 3.22, 5.50, 3.45, 96.58, 1.00, 96.60, 1.00, 0.00, 0.00, 0.00, 0.00, 0.00, 0.00, 0.00, 0.00, 0.00, 0.00, 0.00, 0.00, 0.00, 0.00, 31.81, 1.00, 0.00, 0.00, 55.36, 1.00, 2.98, 34.81, 31.92, 72.30, 31.92, 60.33, 26.88, 61.06, 26.76, 70.71, 34.14, 33.24, -999
26/09/16 10, 1.73, 4.97, 3.58, 3.03, 2.32, 5.50, 4.07, 97.37, 1.00, 97.39, 1.00, 0.00, 0.00, 0.00, 0.00, 0.00, 0.00, 0.00, 0.00, 51.10, 1.00, 0.00, 0.00, 0.00, 0.00, 0.00, 0.00, 0.00, 0.00, 67.48, 1.00, 2.97, 34.38, 30.01, 70.41, 29.97, 85.13, 26.69, 61.27, 26.58, 72.23, 32.48, 31.58, -999
26/09/16 11, 1.89, 5.17, 3.17, 3.07, 1.56, 5.20, 2.41, 95.91, 1.00, 95.93, 1.00, 0.00, 0.00, 0.00, 0.00, 0.00, 0.00, 0.00, 0.00, 50.72, 1.00, 0.00, 0.00, 0.00, 0.00, 31.03, 1.00, 0.00, 0.00, 73.35, 1.00, 2.98, 35.17, 30.40, 70.92, 30.35, 86.28, 30.18, 59.84, 30.18, 56.26, 32.89, 31.99, -999
26/09/16 12, 2.01, 5.18, 3.28, 3.35, 1.64, 4.77, 2.66, 96.73, 1.00, 96.75, 1.00, 0.00, 0.00, 36.37, 1.00, 0.00, 0.00, 0.00, 0.00, 50.72, 1.00, 37.35, 1.00, 0.00, 0.00, 31.06, 1.00, 0.00, 0.00, 72.55, 1.00, 2.98, 34.73, 29.37, 89.07, 29.44, 85.37, 26.23, 83.93, 26.23, 52.59, 32.30, 31.40, -999
26/09/16 13, 1.92, 5.01, 3.77, 3.42, 2.06, 5.02, 2.74, 96.98, 1.00, 97.00, 1.00, 0.00, 0.00, 37.13, 1.00, 0.00, 0.00, 0.00, 0.00, 49.42, 1.00, 36.93, 1.00, 0.00, 0.00, 31.05, 1.00, 0.00, 0.00, 72.57, 1.00, 2.98, 34.60, 29.21, 87.54, 29.29, 87.75, 26.16, 84.65, 26.16, 55.36, 32.14, 31.24, -999
26/09/16 14, 1.88, 4.86, 4.19, 3.98, 2.58, 5.09, 3.12, 97.09, 1.00, 97.11, 1.00, 0.00, 0.00, 35.86, 1.00, 0.00, 0.00, 0.00, 0.00, 49.97, 1.00, 33.49, 1.00, 0.00, 0.00, 31.97, 1.00, 0.00, 0.00, 71.83, 1.00, 2.97, 34.54, 29.07, 89.67, 29.14, 86.55, 15.70, 80.29, 15.44, 81.62, 31.98, 31.08, -999
26/09/16 15, 1.86, 4.72, 4.67, 4.23, 3.00, 5.15, 3.84, 97.33, 1.00, 97.35, 1.00, 0.00, 0.00, 35.30, 1.00, 0.00, 0.00, 0.00, 0.00, 49.71, 1.00, 33.21, 1.00, 0.00, 0.00, 31.94, 1.00, 0.00, 0.00, 71.66, 1.00, 2.97, 34.41, 28.97, 90.54, 29.03, 86.94, 15.47, 80.53, 15.21, 80.66, 31.87, 30.97, -999
26/09/16 16, 1.82, 4.65, 5.17, 4.35, 3.43, 5.17, 4.50, 97.40, 1.00, 97.41, 1.00, 0.00, 0.00, 35.33, 1.00, 0.00, 0.00, 0.00, 0.00, 0.00, 0.00, 33.24, 1.00, 0.00, 0.00, 31.30, 1.00, 0.00, 0.00, 64.78, 1.00, 2.97, 34.37, 30.12, 91.65, 30.23, 64.56, 15.55, 80.55, 15.29, 81.41, 32.59, 31.69, -999
26/09/16 17, 1.83, 5.16, 5.05, 2.95, 3.79, 5.27, 3.88, 97.57, 1.00, 97.59, 1.00, 0.00, 0.00, 0.00, 0.00, 0.00, 0.00, 0.00, 0.00, 50.57, 1.00, 32.95, 1.00, 0.00, 0.00, 0.00, 0.00, 0.00, 0.00, 64.08, 1.00, 2.97, 34.28, 30.13, 73.57, 30.08, 86.35, 15.49, 80.97, 15.23, 81.18, 32.57, 31.67, -999
26/09/16 18, 1.82, 5.32, 4.70, 3.29, 3.68, 5.50, 2.53, 96.54, 1.00, 96.56, 1.00, 0.00, 0.00, 0.00, 0.00, 0.00, 0.00, 0.00, 0.00, 50.49, 1.00, 0.00, 0.00, 0.00, 0.00, 30.89, 1.00, 0.00, 0.00, 67.61, 1.00, 2.98, 34.83, 30.38, 72.63, 30.33, 86.70, 24.25, 63.18, 24.00, 91.16, 32.84, 31.94, -999
26/09/16 19, 1.97, 5.53, 4.33, 3.63, 3.00, 5.40, 2.96, 94.30, 1.00, 94.32, 1.00, 0.00, 0.00, 0.00, 0.00, 0.00, 0.00, 0.00, 0.00, 49.61, 1.00, 0.00, 0.00, 0.00, 0.00, 31.02, 1.00, 0.00, 0.00, 0.00, 0.00, 2.98, 36.03, 28.57, 70.98, 28.53, 86.62, 24.07, 61.36, 23.76, 84.53, 38.94, 29.94, -999
26/09/16 20, 2.32, 5.00, 3.91, 3.98, 2.17, 5.40, 3.14, 93.43, 1.00, 93.45, 1.00, 0.00, 0.00, 0.00, 0.00, 0.00, 0.00, 0.00, 0.00, 50.29, 1.00, 0.00, 0.00, 0.00, 0.00, 30.23, 1.00, 0.00, 0.00, 0.00, 0.00, 2.98, 36.49, 27.99, 71.98, 27.95, 84.73, 24.59, 61.05, 24.28, 84.70, 39.54, 29.37, -999
26/09/16 21, 2.68, 4.47, 3.55, 3.77, 1.56, 5.26, 3.52, 94.92, 1.00, 94.94, 1.00, 0.00, 0.00, 0.00, 0.00, 0.00, 0.00, 0.00, 0.00, 49.73, 1.00, 34.31, 1.00, 0.00, 0.00, 30.75, 1.00, 0.00, 0.00, 0.00, 0.00, 2.98, 35.70, 27.50, 68.01, 27.46, 85.32, 15.72, 78.96, 15.45, 79.40, 38.59, 28.87, -999
26/09/16 22, 2.79, 3.94, 3.06, 3.84, 1.83, 5.37, 3.35, 91.72, 1.00, 91.74, 1.00, 0.00, 0.00, 0.00, 0.00, 0.00, 0.00, 0.00, 0.00, 50.09, 1.00, 38.71, 1.00, 0.00, 0.00, 30.82, 1.00, 0.00, 0.00, 0.00, 0.00, 2.98, 37.39, 26.95, 67.07, 26.91, 84.07, 28.57, 83.70, 28.57, 53.23, 40.81, 28.32, -999
26/09/16 23, 3.02, 3.14, 3.20, 3.40, 2.09, 5.37, 3.02, 92.43, 1.00, 92.44, 1.00, 0.00, 0.00, 34.25, 1.00, 0.00, 0.00, 0.00, 0.00, 48.54, 1.00, 38.03, 1.00, 0.00, 0.00, 30.82, 1.00, 0.00, 0.00, 0.00, 0.00, 2.98, 37.02, 22.98, 86.35, 23.04, 83.16, 28.45, 84.87, 28.45, 54.49, 40.45, 24.74, -999
27/09/16 00, 3.18, 2.26, 3.62, 3.11, 2.50, 5.50, 2.84, 90.83, 1.00, 90.85, 1.00, 0.00, 0.00, 33.51, 1.00, 0.00, 0.00, 0.00, 0.00, 47.87, 1.00, 38.51, 1.00, 0.00, 0.00, 29.50, 1.00, 0.00, 0.00, 0.00, 0.00, 2.98, 37.86, 22.26, 86.85, 22.32, 83.67, 29.21, 84.71, 29.21, 55.99, 41.43, 24.01, -999
27/09/16 01, 3.50, 1.40, 4.04, 3.17, 2.86, 5.30, 3.69, 91.35, 1.00, 91.37, 1.00, 0.00, 0.00, 32.42, 1.00, 0.00, 0.00, 0.00, 0.00, 47.25, 1.00, 33.89, 1.00, 0.00, 0.00, 30.44, 1.00, 0.00, 0.00, 0.00, 0.00, 2.98, 37.59, 21.60, 87.93, 21.65, 84.13, 17.69, 81.64, 17.40, 80.25, 40.74, 23.32, -999
27/09/16 02, 3.76, 0.56, 4.49, 3.38, 3.35, 5.36, 4.84, 89.19, 1.00, 89.21, 1.00, 0.00, 0.00, 31.20, 1.00, 0.00, 0.00, 0.00, 0.00, 46.53, 1.00, 37.73, 1.00, 0.00, 0.00, 0.00, 0.00, 0.00, 0.00, 0.00, 0.00, 2.98, 38.72, 20.97, 89.18, 21.02, 84.78, 30.39, 87.37, 30.39, 57.32, 42.56, 22.67, -999
27/09/16 03, 3.68, 0.77, 5.01, 3.79, 3.93, 5.36, 3.67, 94.77, 1.00, 94.79, 1.00, 0.00, 0.00, 32.46, 1.00, 0.00, 0.00, 0.00, 0.00, 47.32, 1.00, 36.39, 1.00, 0.00, 0.00, 0.00, 0.00, 0.00, 0.00, 109.57, 1.00, 2.98, 35.78, 25.93, 92.20, 25.98, 88.34, 28.11, 87.58, 28.11, 57.74, 29.01, 28.11, -999
27/09/16 04, 3.71, 1.15, 5.36, 4.53, 3.78, 5.48, 2.81, 92.86, 1.00, 92.88, 1.00, 0.00, 0.00, 0.00, 0.00, 0.00, 0.00, 0.00, 0.00, 0.00, 0.00, 0.00, 0.00, 0.00, 0.00, 0.00, 0.00, 0.00, 0.00, 86.83, 1.00, 2.98, 36.79, 31.16, 76.75, 31.16, 68.81, 32.25, 64.95, 32.25, 58.48, 33.54, 32.64, -999
27/09/16 05, 3.98, 2.06, 5.17, 3.63, 3.44, 5.15, 3.20, 93.79, 1.00, 93.81, 1.00, 0.00, 0.00, 0.00, 0.00, 0.00, 0.00, 0.00, 0.00, 0.00, 0.00, 0.00, 0.00, 0.00, 0.00, 31.91, 1.00, 0.00, 0.00, 79.57, 1.00, 2.98, 36.30, 31.32, 75.88, 31.32, 67.32, 26.11, 63.99, 25.84, 90.46, 33.66, 32.76, -999
27/09/16 06, 4.17, 2.80, 4.93, 3.25, 2.96, 5.09, 4.42, 92.88, 1.00, 92.89, 1.00, 0.00, 0.00, 0.00, 0.00, 0.00, 0.00, 0.00, 0.00, 49.76, 1.00, 0.00, 0.00, 0.00, 0.00, 31.01, 1.00, 0.00, 0.00, 98.83, 1.00, 2.98, 36.78, 29.36, 72.46, 29.32, 87.12, 32.41, 63.62, 32.41, 57.39, 32.00, 31.10, -999
27/09/16 07, 4.25, 3.28, 4.55, 3.72, 2.50, 5.50, 4.28, 95.17, 1.00, 95.19, 1.00, 0.00, 0.00, 0.00, 0.00, 0.00, 0.00, 0.00, 0.00, 49.86, 1.00, 0.00, 0.00, 0.00, 0.00, 0.00, 0.00, 0.00, 0.00, 89.41, 1.00, 2.98, 35.57, 29.27, 74.81, 29.23, 86.84, 26.29, 62.52, 26.05, 93.73, 31.85, 30.95, -999
27/09/16 08, 4.17, 3.70, 4.28, 4.07, 1.91, 5.50, 2.96, 94.30, 1.00, 94.32, 1.00, 0.00, 0.00, 0.00, 0.00, 0.00, 0.00, 0.00, 0.00, 50.43, 1.00, 0.00, 0.00, 0.00, 0.00, 0.00, 0.00, 0.00, 0.00, 89.71, 1.00, 2.98, 36.03, 29.66, 66.45, 29.62, 86.12, 29.15, 59.64, 29.03, 72.88, 32.25, 31.35, -999
27/09/16 09, 4.13, 4.10, 3.72, 4.18, 1.65, 5.50, 2.42, 96.29, 1.00, 96.30, 1.00, 0.00, 0.00, 0.00, 0.00, 0.00, 0.00, 0.00, 0.00, 50.38, 1.00, 36.12, 1.00, 0.00, 0.00, 31.64, 1.00, 0.00, 0.00, 80.87, 1.00, 2.98, 34.97, 29.63, 69.80, 29.59, 86.18, 21.18, 81.18, 21.07, 67.90, 32.17, 31.27, -999
27/09/16 10, 3.91, 4.41, 3.29, 4.28, 1.97, 5.50, 3.47, 95.20, 1.00, 95.21, 1.00, 0.00, 0.00, 0.00, 0.00, 0.00, 0.00, 0.00, 0.00, 50.47, 1.00, 35.70, 1.00, 0.00, 0.00, 30.39, 1.00, 0.00, 0.00, 82.23, 1.00, 2.98, 35.55, 30.00, 70.18, 29.96, 86.37, 21.96, 82.71, 21.85, 70.59, 32.55, 31.65, -999
27/09/16 11, 3.78, 4.64, 3.14, 4.39, 2.47, 5.50, 3.83, 95.93, 1.00, 95.95, 1.00, 0.00, 0.00, 36.37, 1.00, 0.00, 0.00, 0.00, 0.00, 50.18, 1.00, 35.51, 1.00, 0.00, 0.00, 30.35, 1.00, 0.00, 0.00, 83.11, 1.00, 2.98, 35.16, 29.00, 88.70, 29.07, 86.06, 21.58, 82.66, 21.47, 70.32, 31.99, 31.09, -999
27/09/16 12, 3.62, 4.60, 3.62, 4.44, 2.93, 5.50, 4.08, 95.51, 1.00, 95.53, 1.00, 0.00, 0.00, 36.96, 1.00, 0.00, 0.00, 0.00, 0.00, 49.72, 1.00, 35.49, 1.00, 0.00, 0.00, 30.29, 1.00, 0.00, 0.00, 84.64, 1.00, 2.98, 35.38, 28.96, 87.60, 29.04, 86.92, 21.76, 82.89, 21.65, 70.71, 31.97, 31.07, -999
27/09/16 13, 3.52, 4.90, 4.06, 3.44, 3.36, 5.50, 4.36, 95.69, 1.00, 95.71, 1.00, 0.00, 0.00, 36.61, 1.00, 0.00, 0.00, 0.00, 0.00, 0.00, 0.00, 35.24, 1.00, 0.00, 0.00, 29.94, 1.00, 0.00, 0.00, 73.38, 1.00, 2.98, 35.29, 30.70, 89.96, 30.82, 62.85, 21.76, 83.32, 21.65, 71.84, 33.23, 32.33, -999
27/09/16 14, 3.40, 5.06, 4.55, 2.81, 3.82, 5.49, 4.76, 95.87, 1.00, 95.89, 1.00, 0.00, 0.00, 35.21, 1.00, 0.00, 0.00, 0.00, 0.00, 50.36, 1.00, 37.07, 1.00, 0.00, 0.00, 0.00, 0.00, 0.00, 0.00, 80.34, 1.00, 2.98, 35.19, 29.42, 91.15, 29.49, 86.12, 27.45, 85.68, 27.45, 57.05, 32.37, 31.47, -999
27/09/16 15, 3.47, 5.02, 5.06, 3.15, 3.55, 5.08, 2.82, 95.18, 1.00, 95.20, 1.00, 0.00, 0.00, 35.67, 1.00, 0.00, 0.00, 0.00, 0.00, 50.34, 1.00, 0.00, 0.00, 0.00, 0.00, 0.00, 0.00, 0.00, 0.00, 84.51, 1.00, 2.98, 35.56, 29.40, 90.34, 29.47, 86.14, 31.28, 62.24, 31.28, 55.98, 32.39, 31.49, -999
27/09/16 16, 3.52, 5.15, 5.11, 3.45, 2.76, 5.20, 2.70, 95.08, 1.00, 95.10, 1.00, 0.00, 0.00, 0.00, 0.00, 0.00, 0.00, 0.00, 0.00, 50.83, 1.00, 0.00, 0.00, 0.00, 0.00, 33.04, 1.00, 0.00, 0.00, 78.17, 1.00, 2.98, 35.61, 30.55, 72.60, 30.50, 86.19, 28.30, 62.05, 28.18, 67.71, 33.07, 32.17, -999
27/09/16 17, 3.57, 5.43, 4.72, 3.65, 2.05, 5.35, 2.61, 94.86, 1.00, 94.87, 1.00, 0.00, 0.00, 0.00, 0.00, 0.00, 0.00, 0.00, 0.00, 50.52, 1.00, 0.00, 0.00, 0.00, 0.00, 32.76, 1.00, 0.00, 0.00, 77.22, 1.00, 2.98, 35.73, 30.81, 74.03, 30.77, 87.08, 28.46, 61.43, 28.33, 68.87, 33.32, 32.42, -999
27/09/16 18, 3.88, 5.11, 4.41, 3.97, 1.41, 5.50, 3.02, 91.06, 1.00, 91.08, 1.00, 0.00, 0.00, 0.00, 0.00, 0.00, 0.00, 0.00, 0.00, 49.36, 1.00, 36.42, 1.00, 0.00, 0.00, 30.40, 1.00, 0.00, 0.00, 0.00, 0.00, 2.98, 37.74, 28.17, 72.77, 28.13, 86.70, 23.22, 82.69, 23.11, 71.83, 41.18, 29.54, -999
27/09/16 19, 4.12, 4.59, 4.06, 4.30, 1.90, 5.50, 3.65, 90.37, 1.00, 90.39, 1.00, 0.00, 0.00, 0.00, 0.00, 0.00, 0.00, 0.00, 0.00, 50.08, 1.00, 36.65, 1.00, 0.00, 0.00, 31.14, 1.00, 0.00, 0.00, 0.00, 0.00, 2.98, 38.10, 27.59, 72.11, 27.55, 84.74, 23.41, 82.47, 23.30, 69.53, 41.63, 28.97, -999
27/09/16 20, 4.39, 4.05, 3.70, 3.98, 2.30, 5.50, 3.71, 91.55, 1.00, 91.57, 1.00, 0.00, 0.00, 0.00, 0.00, 0.00, 0.00, 0.00, 0.00, 49.68, 1.00, 36.98, 1.00, 0.00, 0.00, 30.90, 1.00, 0.00, 0.00, 0.00, 0.00, 2.98, 37.48, 27.09, 70.88, 27.05, 85.01, 22.92, 81.38, 22.81, 69.86, 41.05, 28.46, -999
27/09/16 21, 4.49, 3.53, 3.30, 3.93, 2.46, 5.50, 3.84, 113.89, 1.00, 0.00, 0.00, 0.00, 0.00, 0.00, 0.00, 0.00, 0.00, 0.00, 0.00, 49.66, 1.00, 35.98, 1.00, 0.00, 0.00, 30.91, 1.00, 0.00, 0.00, 0.00, 0.00, 2.99, 25.26, 26.57, 68.10, 26.53, 84.53, 21.70, 81.95, 21.58, 68.60, 37.90, 27.94, -999
27/09/16 22, 4.29, 2.87, 3.14, 3.74, 2.79, 5.50, 3.68, 114.27, 1.00, 0.00, 0.00, 0.00, 0.00, 35.29, 1.00, 0.00, 0.00, 0.00, 0.00, 48.17, 1.00, 35.98, 1.00, 0.00, 0.00, 30.83, 1.00, 0.00, 0.00, 0.00, 0.00, 2.99, 25.04, 22.62, 84.23, 22.69, 83.50, 21.47, 81.72, 21.36, 68.63, 37.67, 24.40, -999
27/09/16 23, 4.07, 1.98, 3.48, 3.52, 3.05, 5.50, 3.56, 113.50, 1.00, 0.00, 0.00, 0.00, 0.00, 34.03, 1.00, 0.00, 0.00, 0.00, 0.00, 47.86, 1.00, 35.91, 1.00, 0.00, 0.00, 30.24, 1.00, 0.00, 0.00, 0.00, 0.00, 2.99, 25.48, 21.93, 85.66, 21.99, 83.36, 21.99, 82.37, 21.88, 71.09, 37.97, 23.68, -999
28/09/16 00, 3.94, 1.12, 3.86, 3.38, 3.37, 5.50, 4.00, 113.02, 1.00, 0.00, 0.00, 0.00, 0.00, 33.38, 1.00, 0.00, 0.00, 0.00, 0.00, 47.13, 1.00, 35.11, 1.00, 0.00, 0.00, 30.61, 1.00, 0.00, 0.00, 0.00, 0.00, 2.99, 25.75, 21.22, 86.02, 21.28, 83.98, 22.28, 84.07, 22.17, 70.19, 38.14, 22.95, -999
28/09/16 01, 3.75, 0.53, 4.26, 3.55, 3.91, 5.50, 4.15, 118.09, 1.00, 0.00, 0.00, 0.00, 0.00, 34.38, 1.00, 0.00, 0.00, 0.00, 0.00, 49.07, 1.00, 34.01, 1.00, 0.00, 0.00, 29.09, 1.00, 0.00, 0.00, 93.54, 1.00, 2.99, 22.85, 25.04, 88.19, 25.10, 84.23, 20.27, 83.92, 20.17, 73.05, 28.05, 27.15, -999
28/09/16 02, 3.39, 0.68, 4.71, 3.49, 3.66, 5.50, 5.00, 115.31, 1.00, 0.00, 0.00, 0.00, 0.00, 33.20, 1.00, 0.00, 0.00, 0.00, 0.00, 47.78, 1.00, 0.00, 0.00, 0.00, 0.00, 0.00, 0.00, 0.00, 0.00, 103.36, 1.00, 2.99, 24.45, 25.53, 90.62, 25.59, 87.12, 30.38, 63.78, 30.38, 60.42, 28.58, 27.68, -999
28/09/16 03, 3.21, 0.91, 5.21, 4.08, 3.09, 5.23, 3.74, 115.08, 1.00, 0.00, 0.00, 0.00, 0.00, 31.93, 1.00, 0.00, 0.00, 0.00, 0.00, 47.33, 1.00, 0.00, 0.00, 0.00, 0.00, 0.00, 0.00, 0.00, 0.00, 102.31, 1.00, 2.99, 24.58, 25.81, 92.91, 25.86, 88.20, 30.39, 63.75, 30.39, 59.80, 28.83, 27.93, -999
28/09/16 04, 3.12, 1.41, 5.20, 4.37, 2.63, 4.95, 2.64, 114.85, 1.00, 0.00, 0.00, 0.00, 0.00, 0.00, 0.00, 0.00, 0.00, 0.00, 0.00, 0.00, 0.00, 0.00, 0.00, 0.00, 0.00, 0.00, 0.00, 0.00, 0.00, 73.87, 1.00, 2.99, 24.71, 30.12, 76.52, 30.12, 69.52, 30.56, 63.48, 30.56, 59.74, 32.43, 31.53, -999
28/09/16 05, 2.98, 2.16, 5.00, 3.61, 2.21, 5.25, 3.44, 114.61, 1.00, 0.00, 0.00, 0.00, 0.00, 0.00, 0.00, 0.00, 0.00, 0.00, 0.00, 0.00, 0.00, 0.00, 0.00, 0.00, 0.00, 31.84, 1.00, 0.00, 0.00, 69.97, 1.00, 2.99, 24.85, 30.52, 75.50, 30.52, 68.00, 27.98, 62.48, 27.86, 71.71, 32.81, 31.91, -999
28/09/16 06, 2.90, 2.80, 4.75, 3.13, 1.67, 5.50, 4.43, 115.69, 1.00, 0.00, 0.00, 0.00, 0.00, 0.00, 0.00, 0.00, 0.00, 0.00, 0.00, 48.69, 1.00, 0.00, 0.00, 0.00, 0.00, 29.58, 1.00, 0.00, 0.00, 81.51, 1.00, 2.99, 24.23, 28.45, 74.48, 28.42, 88.26, 27.75, 61.96, 27.65, 79.00, 30.98, 30.08, -999
28/09/16 07, 2.73, 3.14, 4.46, 3.84, 1.74, 5.36, 4.25, 116.62, 1.00, 0.00, 0.00, 0.00, 0.00, 0.00, 0.00, 0.00, 0.00, 0.00, 0.00, 49.05, 1.00, 37.27, 1.00, 0.00, 0.00, 0.00, 0.00, 0.00, 0.00, 76.13, 1.00, 2.99, 23.70, 28.54, 73.65, 28.50, 87.68, 26.20, 84.04, 26.20, 58.90, 31.04, 30.14, -999
28/09/16 08, 2.50, 3.42, 4.14, 4.37, 2.26, 5.03, 2.79, 118.03, 1.00, 0.00, 0.00, 0.00, 0.00, 0.00, 0.00, 0.00, 0.00, 0.00, 0.00, 49.53, 1.00, 36.67, 1.00, 0.00, 0.00, 0.00, 0.00, 0.00, 0.00, 69.06, 1.00, 2.99, 22.89, 28.55, 72.19, 28.51, 86.77, 25.49, 84.45, 25.49, 53.98, 31.02, 30.12, -999
28/09/16 09, 2.16, 3.76, 3.78, 3.80, 2.77, 4.98, 2.11, 119.16, 1.00, 0.00, 0.00, 0.00, 0.00, 0.00, 0.00, 0.00, 0.00, 0.00, 0.00, 0.00, 0.00, 35.09, 1.00, 0.00, 0.00, 30.65, 1.00, 0.00, 0.00, 44.81, 1.00, 2.99, 22.24, 30.23, 70.08, 30.23, 60.92, 18.77, 80.58, 18.66, 66.53, 32.41, 31.51, -999
28/09/16 10, 1.79, 4.00, 3.35, 3.01, 2.97, 5.11, 2.08, 119.77, 1.00, 0.00, 0.00, 0.00, 0.00, 0.00, 0.00, 0.00, 0.00, 0.00, 0.00, 49.97, 1.00, 34.38, 1.00, 0.00, 0.00, 30.66, 1.00, 0.00, 0.00, 54.01, 1.00, 2.99, 21.88, 28.83, 70.28, 28.79, 86.19, 18.54, 81.57, 18.43, 66.26, 31.23, 30.33, -999
28/09/16 11, 1.44, 4.03, 2.94, 3.36, 3.35, 5.19, 1.93, 119.53, 1.00, 0.00, 0.00, 0.00, 0.00, 35.70, 1.00, 0.00, 0.00, 0.00, 0.00, 49.81, 1.00, 34.39, 1.00, 0.00, 0.00, 30.58, 1.00, 0.00, 0.00, 59.90, 1.00, 2.99, 22.02, 27.90, 88.80, 27.97, 85.68, 18.68, 81.69, 18.57, 66.69, 30.74, 29.84, -999
28/09/16 12, 1.11, 3.76, 3.43, 3.58, 3.70, 5.33, 2.00, 120.38, 1.00, 0.00, 0.00, 0.00, 0.00, 36.25, 1.00, 0.00, 0.00, 0.00, 0.00, 48.99, 1.00, 34.12, 1.00, 0.00, 0.00, 30.32, 1.00, 0.00, 0.00, 58.00, 1.00, 2.99, 21.53, 27.56, 87.47, 27.64, 86.91, 18.25, 81.72, 18.14, 67.11, 30.40, 29.50, -999
28/09/16 13, 0.96, 3.59, 3.87, 4.04, 4.02, 5.50, 2.22, 97.52, 1.00, 97.54, 1.00, 0.00, 0.00, 36.25, 1.00, 0.00, 0.00, 0.00, 0.00, 49.29, 1.00, 0.00, 0.00, 0.00, 0.00, 30.96, 1.00, 0.00, 0.00, 78.22, 1.00, 2.97, 34.30, 27.92, 87.84, 27.99, 86.70, 26.25, 63.90, 26.13, 72.99, 30.87, 29.97, -999
28/09/16 14, 1.07, 3.51, 4.30, 4.37, 3.41, 5.50, 3.08, 97.97, 1.00, 97.99, 1.00, 0.00, 0.00, 36.11, 1.00, 0.00, 0.00, 0.00, 0.00, 49.25, 1.00, 0.00, 0.00, 0.00, 0.00, 31.48, 1.00, 0.00, 0.00, 77.23, 1.00, 2.97, 34.06, 27.84, 88.00, 27.91, 86.70, 26.06, 61.97, 25.95, 71.03, 30.78, 29.88, -999
28/09/16 15, 1.15, 3.65, 4.73, 3.81, 2.60, 5.50, 3.49, 97.03, 1.00, 97.05, 1.00, 0.00, 0.00, 35.90, 1.00, 0.00, 0.00, 0.00, 0.00, 0.00, 0.00, 0.00, 0.00, 0.00, 0.00, 31.46, 1.00, 0.00, 0.00, 72.03, 1.00, 2.97, 34.57, 29.43, 89.96, 29.54, 62.88, 26.48, 62.22, 26.36, 71.52, 31.94, 31.04, -999
28/09/16 16, 1.27, 3.82, 5.20, 3.08, 1.95, 5.50, 3.91, 97.57, 1.00, 97.59, 1.00, 0.00, 0.00, 35.19, 1.00, 0.00, 0.00, 0.00, 0.00, 50.24, 1.00, 0.00, 0.00, 0.00, 0.00, 31.38, 1.00, 0.00, 0.00, 77.11, 1.00, 2.97, 34.28, 28.15, 89.92, 28.22, 85.08, 26.34, 61.09, 26.23, 71.66, 31.08, 30.18, -999
28/09/16 17, 1.31, 3.99, 4.99, 3.20, 1.66, 5.50, 4.24, 97.53, 1.00, 97.55, 1.00, 0.00, 0.00, 0.00, 0.00, 0.00, 0.00, 0.00, 0.00, 49.68, 1.00, 35.27, 1.00, 0.00, 0.00, 28.98, 1.00, 0.00, 0.00, 71.40, 1.00, 2.97, 34.30, 29.19, 72.58, 29.15, 87.12, 20.06, 81.57, 19.96, 73.15, 31.67, 30.77, -999
28/09/16 18, 1.31, 4.22, 4.61, 3.69, 2.13, 5.42, 4.43, 97.40, 1.00, 97.42, 1.00, 0.00, 0.00, 0.00, 0.00, 0.00, 0.00, 0.00, 0.00, 50.30, 1.00, 36.76, 1.00, 0.00, 0.00, 0.00, 0.00, 0.00, 0.00, 71.10, 1.00, 2.97, 34.37, 29.39, 72.10, 29.35, 86.10, 25.68, 84.47, 25.68, 57.82, 31.87, 30.97, -999
28/09/16 19, 1.39, 4.44, 4.22, 3.89, 2.70, 5.04, 2.69, 97.66, 1.00, 97.68, 1.00, 0.00, 0.00, 0.00, 0.00, 0.00, 0.00, 0.00, 0.00, 50.81, 1.00, 36.55, 1.00, 0.00, 0.00, 0.00, 0.00, 0.00, 0.00, 69.05, 1.00, 2.97, 34.23, 29.52, 73.30, 29.48, 85.22, 25.66, 84.84, 25.66, 57.60, 32.00, 31.10, -999
28/09/16 20, 1.35, 4.61, 3.90, 3.77, 3.22, 5.15, 2.68, 98.15, 1.00, 98.17, 1.00, 0.00, 0.00, 0.00, 0.00, 0.00, 0.00, 0.00, 0.00, 50.61, 1.00, 34.63, 1.00, 0.00, 0.00, 30.59, 1.00, 0.00, 0.00, 65.26, 1.00, 2.97, 33.97, 29.61, 67.36, 29.57, 85.72, 19.55, 82.17, 19.44, 67.52, 32.06, 31.16, -999
28/09/16 21, 1.27, 4.76, 3.38, 3.83, 3.62, 5.34, 2.83, 98.20, 1.00, 98.22, 1.00, 0.00, 0.00, 0.00, 0.00, 0.00, 0.00, 0.00, 0.00, 50.67, 1.00, 34.88, 1.00, 0.00, 0.00, 30.74, 1.00, 0.00, 0.00, 63.70, 1.00, 2.97, 33.94, 29.72, 68.39, 29.68, 85.70, 19.38, 81.56, 19.27, 66.84, 32.17, 31.27, -999
28/09/16 22, 1.19, 4.90, 2.91, 3.86, 3.86, 5.45, 2.67, 98.48, 1.00, 98.50, 1.00, 0.00, 0.00, 37.10, 1.00, 0.00, 0.00, 0.00, 0.00, 50.54, 1.00, 34.86, 1.00, 0.00, 0.00, 30.79, 1.00, 0.00, 0.00, 65.69, 1.00, 2.97, 33.79, 28.88, 87.99, 28.95, 85.22, 19.22, 81.44, 19.11, 66.53, 31.78, 30.88, -999
28/09/16 23, 1.12, 4.68, 3.37, 3.78, 3.78, 5.50, 2.45, 98.12, 1.00, 98.14, 1.00, 0.00, 0.00, 36.04, 1.00, 0.00, 0.00, 0.00, 0.00, 50.55, 1.00, 0.00, 0.00, 0.00, 0.00, 31.87, 1.00, 0.00, 0.00, 68.94, 1.00, 2.97, 33.98, 28.79, 89.08, 28.86, 85.12, 25.98, 62.19, 25.87, 69.58, 31.70, 30.80, -999
29/09/16 00, 1.18, 4.49, 3.86, 3.70, 2.95, 5.50, 2.68, 97.27, 1.00, 97.29, 1.00, 0.00, 0.00, 35.53, 1.00, 0.00, 0.00, 0.00, 0.00, 49.79, 1.00, 0.00, 0.00, 0.00, 0.00, 31.90, 1.00, 0.00, 0.00, 73.25, 1.00, 2.97, 34.44, 28.76, 89.95, 28.83, 86.57, 26.33, 62.31, 26.21, 69.85, 31.67, 30.77, -999
29/09/16 01, 1.29, 4.37, 4.36, 4.02, 2.26, 5.50, 2.92, 96.70, 1.00, 96.72, 1.00, 0.00, 0.00, 33.88, 1.00, 0.00, 0.00, 0.00, 0.00, 48.96, 1.00, 0.00, 0.00, 0.00, 0.00, 31.33, 1.00, 0.00, 0.00, 76.43, 1.00, 2.98, 34.75, 28.76, 92.75, 28.82, 88.16, 26.70, 63.08, 26.59, 72.19, 31.66, 30.76, -999
29/09/16 02, 1.43, 4.31, 4.93, 4.59, 1.83, 5.50, 3.54, 96.01, 1.00, 96.03, 1.00, 0.00, 0.00, 34.68, 1.00, 0.00, 0.00, 0.00, 0.00, 0.00, 0.00, 0.00, 0.00, 0.00, 0.00, 30.90, 1.00, 0.00, 0.00, 71.81, 1.00, 2.98, 35.12, 30.15, 92.79, 30.26, 66.48, 27.13, 61.87, 27.02, 74.05, 32.65, 31.75, -999
29/09/16 03, 1.57, 4.77, 5.20, 3.37, 1.74, 5.50, 4.32, 95.49, 1.00, 95.51, 1.00, 0.00, 0.00, 0.00, 0.00, 0.00, 0.00, 0.00, 0.00, 0.00, 0.00, 34.71, 1.00, 0.00, 0.00, 28.56, 1.00, 0.00, 0.00, 57.30, 1.00, 2.98, 35.39, 32.09, 75.90, 32.09, 67.93, 21.21, 83.68, 21.11, 75.59, 34.32, 33.42, -999
29/09/16 04, 1.73, 5.17, 4.97, 3.46, 2.47, 5.36, 4.16, 95.53, 1.00, 95.55, 1.00, 0.00, 0.00, 0.00, 0.00, 0.00, 0.00, 0.00, 0.00, 48.27, 1.00, 35.99, 1.00, 0.00, 0.00, 0.00, 0.00, 0.00, 0.00, 72.18, 1.00, 2.98, 35.37, 30.46, 76.55, 30.42, 91.05, 26.79, 86.96, 26.79, 60.32, 32.93, 32.03, -999
29/09/16 05, 1.91, 5.43, 4.79, 4.46, 3.30, 5.10, 3.10, 95.40, 1.00, 95.42, 1.00, 0.00, 0.00, 0.00, 0.00, 0.00, 0.00, 0.00, 0.00, 49.01, 1.00, 36.05, 1.00, 0.00, 0.00, 0.00, 0.00, 0.00, 0.00, 71.53, 1.00, 2.98, 35.44, 30.66, 75.63, 30.62, 89.86, 26.92, 86.99, 26.92, 59.29, 33.13, 32.23, -999
29/09/16 06, 2.18, 5.64, 4.56, 3.94, 4.04, 5.10, 2.87, 89.78, 1.00, 89.80, 1.00, 0.00, 0.00, 0.00, 0.00, 0.00, 0.00, 0.00, 0.00, 0.00, 0.00, 0.00, 0.00, 0.00, 0.00, 32.81, 1.00, 0.00, 0.00, 0.00, 0.00, 2.98, 38.41, 30.64, 72.85, 30.64, 68.15, 30.17, 63.80, 30.04, 70.41, 41.90, 31.83, -999
29/09/16 07, 2.65, 5.64, 4.20, 3.03, 3.41, 5.42, 3.48, 92.42, 1.00, 92.44, 1.00, 0.00, 0.00, 0.00, 0.00, 0.00, 0.00, 0.00, 0.00, 0.00, 0.00, 0.00, 0.00, 0.00, 0.00, 32.63, 1.00, 0.00, 0.00, 0.00, 0.00, 2.98, 37.02, 30.64, 73.06, 30.64, 62.88, 29.10, 62.55, 28.98, 70.00, 40.42, 31.83, -999
29/09/16 08, 2.99, 5.24, 3.87, 2.86, 2.68, 5.50, 4.11, 89.89, 1.00, 89.91, 1.00, 0.00, 0.00, 0.00, 0.00, 0.00, 0.00, 0.00, 0.00, 49.46, 1.00, 0.00, 0.00, 0.00, 0.00, 32.90, 1.00, 0.00, 0.00, 0.00, 0.00, 2.98, 38.36, 28.29, 72.70, 28.25, 86.65, 30.43, 63.01, 30.31, 70.36, 42.02, 29.66, -999
29/09/16 09, 3.41, 4.72, 3.54, 3.34, 2.15, 5.50, 4.08, 91.08, 1.00, 91.10, 1.00, 0.00, 0.00, 0.00, 0.00, 0.00, 0.00, 0.00, 0.00, 50.09, 1.00, 0.00, 0.00, 0.00, 0.00, 32.63, 1.00, 0.00, 0.00, 0.00, 0.00, 2.98, 37.73, 27.72, 67.88, 27.68, 84.86, 30.07, 60.90, 29.95, 70.97, 41.40, 29.10, -999
29/09/16 10, 3.74, 4.19, 3.05, 3.37, 1.57, 5.50, 4.17, 92.63, 1.00, 92.65, 1.00, 0.00, 0.00, 0.00, 0.00, 0.00, 0.00, 0.00, 0.00, 49.63, 1.00, 36.49, 1.00, 0.00, 0.00, 30.72, 1.00, 0.00, 0.00, 0.00, 0.00, 2.98, 36.91, 27.23, 68.71, 27.19, 85.24, 22.29, 81.62, 22.18, 69.84, 40.27, 28.60, -999
29/09/16 11, 3.92, 3.39, 3.24, 3.49, 1.92, 5.50, 4.23, 92.18, 1.00, 92.20, 1.00, 0.00, 0.00, 33.93, 1.00, 0.00, 0.00, 0.00, 0.00, 48.01, 1.00, 36.51, 1.00, 0.00, 0.00, 29.99, 1.00, 0.00, 0.00, 0.00, 0.00, 2.98, 37.15, 23.33, 87.23, 23.39, 84.50, 22.77, 82.08, 22.66, 72.69, 40.57, 25.08, -999
29/09/16 12, 4.11, 2.52, 3.68, 3.63, 2.28, 5.50, 4.84, 89.94, 1.00, 89.96, 1.00, 0.00, 0.00, 33.07, 1.00, 0.00, 0.00, 0.00, 0.00, 48.02, 1.00, 38.35, 1.00, 0.00, 0.00, 0.00, 0.00, 0.00, 0.00, 0.00, 0.00, 2.98, 38.33, 22.56, 87.87, 22.62, 83.70, 30.06, 85.87, 30.06, 55.27, 42.18, 24.30, -999
29/09/16 13, 4.46, 1.67, 4.13, 3.54, 2.83, 5.00, 2.50, 90.54, 1.00, 90.56, 1.00, 0.00, 0.00, 33.54, 1.00, 0.00, 0.00, 0.00, 0.00, 47.22, 1.00, 35.96, 1.00, 0.00, 0.00, 31.56, 1.00, 0.00, 0.00, 0.00, 0.00, 2.98, 38.02, 21.74, 86.29, 21.80, 84.33, 23.54, 83.82, 23.42, 68.22, 41.63, 23.48, -999
29/09/16 14, 4.43, 0.81, 4.52, 3.72, 3.32, 5.23, 2.78, 112.97, 1.00, 0.00, 0.00, 0.00, 0.00, 32.82, 1.00, 0.00, 0.00, 0.00, 0.00, 47.24, 1.00, 35.79, 1.00, 0.00, 0.00, 31.43, 1.00, 0.00, 0.00, 0.00, 0.00, 2.99, 25.78, 20.97, 86.67, 21.02, 83.51, 22.08, 82.68, 21.96, 67.23, 38.31, 22.69, -999
29/09/16 15, 4.10, 0.43, 4.93, 3.69, 3.64, 5.36, 2.68, 119.17, 1.00, 0.00, 0.00, 0.00, 0.00, 33.80, 1.00, 0.00, 0.00, 0.00, 0.00, 48.69, 1.00, 34.46, 1.00, 0.00, 0.00, 30.52, 1.00, 0.00, 0.00, 90.04, 1.00, 2.99, 22.23, 24.92, 89.04, 24.98, 84.83, 19.19, 82.08, 19.08, 67.38, 27.89, 26.99, -999
29/09/16 16, 3.58, 0.50, 5.38, 3.79, 4.00, 5.50, 2.81, 119.08, 1.00, 0.00, 0.00, 0.00, 0.00, 0.00, 0.00, 0.00, 0.00, 0.00, 0.00, 49.01, 1.00, 34.48, 1.00, 0.00, 0.00, 29.58, 1.00, 0.00, 0.00, 83.27, 1.00, 2.99, 22.28, 26.22, 73.45, 26.18, 85.42, 19.41, 82.26, 19.30, 70.62, 28.76, 27.86, -999
29/09/16 17, 3.19, 0.90, 5.02, 3.97, 3.49, 5.50, 3.46, 117.40, 1.00, 0.00, 0.00, 0.00, 0.00, 0.00, 0.00, 0.00, 0.00, 0.00, 0.00, 48.91, 1.00, 0.00, 0.00, 0.00, 0.00, 31.41, 1.00, 0.00, 0.00, 87.22, 1.00, 2.99, 23.25, 26.82, 72.22, 26.79, 86.22, 26.65, 62.70, 26.53, 71.87, 29.39, 28.49, -999
29/09/16 18, 2.86, 1.30, 4.62, 4.26, 2.77, 5.50, 3.94, 117.63, 1.00, 0.00, 0.00, 0.00, 0.00, 0.00, 0.00, 0.00, 0.00, 0.00, 0.00, 49.07, 1.00, 0.00, 0.00, 0.00, 0.00, 31.33, 1.00, 0.00, 0.00, 84.12, 1.00, 2.99, 23.12, 27.05, 73.12, 27.01, 86.15, 26.48, 61.86, 26.36, 71.97, 29.60, 28.70, -999
29/09/16 19, 2.56, 1.65, 4.28, 4.48, 2.04, 5.50, 4.37, 117.76, 1.00, 0.00, 0.00, 0.00, 0.00, 0.00, 0.00, 0.00, 0.00, 0.00, 0.00, 49.32, 1.00, 0.00, 0.00, 0.00, 0.00, 30.77, 1.00, 0.00, 0.00, 81.45, 1.00, 2.99, 23.04, 27.27, 71.40, 27.23, 85.89, 26.43, 59.77, 26.32, 73.80, 29.80, 28.90, -999
29/09/16 20, 2.31, 2.25, 3.88, 3.32, 1.60, 5.37, 4.17, 118.34, 1.00, 0.00, 0.00, 0.00, 0.00, 0.00, 0.00, 0.00, 0.00, 0.00, 0.00, 0.00, 0.00, 37.29, 1.00, 0.00, 0.00, 0.00, 0.00, 0.00, 0.00, 58.43, 1.00, 2.99, 22.71, 29.65, 69.81, 29.65, 62.85, 25.21, 83.02, 25.21, 57.66, 31.88, 30.98, -999
29/09/16 21, 1.99, 2.57, 3.43, 3.11, 2.02, 4.99, 2.46, 120.26, 1.00, 0.00, 0.00, 0.00, 0.00, 0.00, 0.00, 0.00, 0.00, 0.00, 0.00, 50.53, 1.00, 35.07, 1.00, 0.00, 0.00, 30.66, 1.00, 0.00, 0.00, 64.25, 1.00, 2.99, 21.60, 27.54, 69.12, 27.50, 83.79, 18.09, 79.94, 17.98, 65.90, 29.99, 29.09, -999
29/09/16 22, 1.58, 2.69, 3.02, 2.80, 2.24, 5.01, 2.05, 120.80, 1.00, 0.00, 0.00, 0.00, 0.00, 35.85, 1.00, 0.00, 0.00, 0.00, 0.00, 50.34, 1.00, 34.94, 1.00, 0.00, 0.00, 30.49, 1.00, 0.00, 0.00, 64.73, 1.00, 2.99, 21.28, 26.69, 87.32, 26.76, 83.43, 17.79, 79.86, 17.68, 66.09, 29.57, 28.67, -999
29/09/16 23, 1.17, 2.46, 3.46, 2.51, 2.44, 5.14, 2.02, 120.76, 1.00, 0.00, 0.00, 0.00, 0.00, 35.86, 1.00, 0.00, 0.00, 0.00, 0.00, 49.58, 1.00, 34.62, 1.00, 0.00, 0.00, 30.47, 1.00, 0.00, 0.00, 65.91, 1.00, 2.99, 21.30, 26.53, 87.12, 26.60, 84.75, 17.86, 80.48, 17.75, 66.23, 29.41, 28.51, -999
30/09/16 00, 0.94, 2.35, 3.89, 2.75, 2.73, 5.23, 1.91, 98.19, 1.00, 98.21, 1.00, 0.00, 0.00, 35.23, 1.00, 0.00, 0.00, 0.00, 0.00, 49.90, 1.00, 34.93, 1.00, 0.00, 0.00, 30.63, 1.00, 0.00, 0.00, 83.66, 1.00, 2.97, 33.94, 26.74, 88.44, 26.81, 84.35, 19.32, 81.42, 19.21, 67.14, 29.71, 28.81, -999
30/09/16 01, 0.86, 2.33, 4.35, 2.82, 3.07, 5.40, 2.12, 98.02, 1.00, 98.04, 1.00, 0.00, 0.00, 33.26, 1.00, 0.00, 0.00, 0.00, 0.00, 48.95, 1.00, 33.80, 1.00, 0.00, 0.00, 30.50, 1.00, 0.00, 0.00, 84.20, 1.00, 2.97, 34.04, 26.77, 91.78, 26.83, 86.19, 19.66, 83.67, 19.55, 67.94, 29.70, 28.80, -999
30/09/16 02, 0.82, 2.35, 4.89, 3.29, 3.72, 5.50, 2.63, 97.50, 1.00, 97.52, 1.00, 0.00, 0.00, 32.99, 1.00, 0.00, 0.00, 0.00, 0.00, 48.63, 1.00, 34.17, 1.00, 0.00, 0.00, 29.05, 1.00, 0.00, 0.00, 85.70, 1.00, 2.97, 34.31, 26.81, 92.24, 26.87, 86.83, 20.09, 83.47, 19.99, 72.97, 29.75, 28.85, -999
30/09/16 03, 0.86, 2.47, 5.24, 3.80, 3.97, 5.50, 3.61, 96.73, 1.00, 96.75, 1.00, 0.00, 0.00, 0.00, 0.00, 0.00, 0.00, 0.00, 0.00, 48.21, 1.00, 0.00, 0.00, 0.00, 0.00, 29.68, 1.00, 0.00, 0.00, 82.73, 1.00, 2.98, 34.73, 28.21, 76.57, 28.17, 88.90, 26.69, 64.69, 26.59, 77.59, 30.74, 29.84, -999
30/09/16 04, 1.04, 2.84, 5.04, 4.54, 3.52, 5.49, 4.84, 94.02, 1.00, 94.04, 1.00, 0.00, 0.00, 0.00, 0.00, 0.00, 0.00, 0.00, 0.00, 0.00, 0.00, 0.00, 0.00, 0.00, 0.00, 0.00, 0.00, 0.00, 0.00, 73.69, 1.00, 2.98, 36.18, 31.54, 77.27, 31.54, 69.69, 30.53, 64.68, 30.53, 61.37, 33.84, 32.94, -999
30/09/16 05, 1.43, 3.61, 4.92, 3.78, 3.18, 5.28, 3.91, 95.57, 1.00, 95.59, 1.00, 0.00, 0.00, 0.00, 0.00, 0.00, 0.00, 0.00, 0.00, 0.00, 0.00, 0.00, 0.00, 0.00, 0.00, 0.00, 0.00, 0.00, 0.00, 65.62, 1.00, 2.98, 35.35, 31.60, 75.00, 31.60, 66.71, 30.12, 63.65, 30.12, 60.70, 33.86, 32.96, -999
30/09/16 06, 1.71, 4.21, 4.65, 3.11, 2.68, 5.05, 3.05, 95.41, 1.00, 95.43, 1.00, 0.00, 0.00, 0.00, 0.00, 0.00, 0.00, 0.00, 0.00, 49.37, 1.00, 0.00, 0.00, 0.00, 0.00, 0.00, 0.00, 0.00, 0.00, 80.35, 1.00, 2.98, 35.44, 29.77, 75.18, 29.73, 88.29, 30.24, 63.06, 30.24, 58.62, 32.30, 31.40, -999
30/09/16 07, 1.91, 4.51, 4.40, 3.78, 2.16, 5.10, 2.91, 96.19, 1.00, 96.21, 1.00, 0.00, 0.00, 0.00, 0.00, 0.00, 0.00, 0.00, 0.00, 50.23, 1.00, 0.00, 0.00, 0.00, 0.00, 32.22, 1.00, 0.00, 0.00, 74.91, 1.00, 2.98, 35.02, 29.81, 73.31, 29.77, 86.67, 27.11, 61.68, 26.99, 69.49, 32.32, 31.42, -999
30/09/16 08, 2.04, 4.77, 4.07, 4.07, 1.49, 5.38, 3.37, 97.74, 1.00, 97.76, 1.00, 0.00, 0.00, 0.00, 0.00, 0.00, 0.00, 0.00, 0.00, 50.75, 1.00, 34.89, 1.00, 0.00, 0.00, 30.58, 1.00, 0.00, 0.00, 67.46, 1.00, 2.97, 34.18, 29.82, 71.08, 29.78, 85.63, 20.00, 82.18, 19.89, 68.01, 32.28, 31.38, -999
30/09/16 09, 1.92, 4.94, 3.67, 4.01, 2.06, 5.50, 3.58, 97.91, 1.00, 97.93, 1.00, 0.00, 0.00, 0.00, 0.00, 0.00, 0.00, 0.00, 0.00, 50.68, 1.00, 35.27, 1.00, 0.00, 0.00, 30.11, 1.00, 0.00, 0.00, 65.29, 1.00, 2.97, 34.09, 29.94, 67.65, 29.90, 85.89, 19.88, 81.38, 19.78, 69.42, 32.39, 31.49, -999
30/09/16 10, 1.80, 5.09, 3.16, 4.05, 2.44, 5.50, 3.73, 97.45, 1.00, 97.47, 1.00, 0.00, 0.00, 0.00, 0.00, 0.00, 0.00, 0.00, 0.00, 50.35, 1.00, 35.51, 1.00, 0.00, 0.00, 29.76, 1.00, 0.00, 0.00, 65.58, 1.00, 2.97, 34.34, 30.10, 70.23, 30.06, 86.71, 20.08, 81.16, 19.97, 70.74, 32.56, 31.66, -999
30/09/16 11, 1.72, 5.04, 3.29, 4.28, 2.72, 5.50, 4.12, 97.62, 1.00, 97.64, 1.00, 0.00, 0.00, 35.61, 1.00, 0.00, 0.00, 0.00, 0.00, 49.91, 1.00, 35.29, 1.00, 0.00, 0.00, 29.84, 1.00, 0.00, 0.00, 68.78, 1.00, 2.97, 34.25, 29.19, 90.25, 29.26, 86.79, 20.01, 81.47, 19.91, 70.43, 32.09, 31.19, -999
30/09/16 12, 1.63, 4.87, 3.81, 4.53, 3.03, 5.50, 4.38, 97.42, 1.00, 97.44, 1.00, 0.00, 0.00, 35.33, 1.00, 0.00, 0.00, 0.00, 0.00, 0.00, 0.00, 34.91, 1.00, 0.00, 0.00, 30.62, 1.00, 0.00, 0.00, 63.38, 1.00, 2.97, 34.36, 30.28, 91.80, 30.39, 65.31, 19.93, 82.06, 19.82, 67.81, 32.74, 31.84, -999
30/09/16 13, 1.58, 5.16, 4.37, 3.19, 3.42, 5.50, 3.93, 96.72, 1.00, 96.74, 1.00, 0.00, 0.00, 35.19, 1.00, 0.00, 0.00, 0.00, 0.00, 0.00, 0.00, 33.75, 1.00, 0.00, 0.00, 30.11, 1.00, 0.00, 0.00, 63.46, 1.00, 2.98, 34.74, 30.58, 92.35, 30.69, 66.17, 20.57, 84.66, 20.47, 70.12, 33.04, 32.14, -999
30/09/16 14, 1.61, 5.12, 4.91, 3.36, 3.93, 5.50, 4.17, 97.35, 1.00, 97.37, 1.00, 0.00, 0.00, 35.95, 1.00, 0.00, 0.00, 0.00, 0.00, 50.43, 1.00, 0.00, 0.00, 0.00, 0.00, 31.37, 1.00, 0.00, 0.00, 69.85, 1.00, 2.97, 34.40, 29.27, 89.71, 29.34, 85.84, 26.62, 61.93, 26.51, 71.98, 32.18, 31.28, -999
30/09/16 15, 1.69, 5.01, 5.23, 3.56, 3.05, 5.50, 4.56, 96.03, 1.00, 96.05, 1.00, 0.00, 0.00, 0.00, 0.00, 0.00, 0.00, 0.00, 0.00, 50.94, 1.00, 0.00, 0.00, 0.00, 0.00, 31.06, 1.00, 0.00, 0.00, 72.13, 1.00, 2.98, 35.11, 30.18, 73.36, 30.14, 85.62, 27.23, 62.86, 27.12, 73.64, 32.67, 31.77, -999
30/09/16 16, 1.92, 5.26, 4.87, 3.61, 2.43, 5.28, 3.77, 96.22, 1.00, 96.24, 1.00, 0.00, 0.00, 0.00, 0.00, 0.00, 0.00, 0.00, 0.00, 50.27, 1.00, 0.00, 0.00, 0.00, 0.00, 0.00, 0.00, 0.00, 0.00, 71.58, 1.00, 2.98, 35.00, 30.44, 73.64, 30.40, 87.22, 30.09, 61.62, 30.09, 58.34, 32.93, 32.03, -999
30/09/16 17, 2.14, 5.48, 4.54, 4.01, 1.71, 4.93, 2.28, 95.45, 1.00, 95.47, 1.00, 0.00, 0.00, 0.00, 0.00, 0.00, 0.00, 0.00, 0.00, 50.65, 1.00, 0.00, 0.00, 0.00, 0.00, 32.72, 1.00, 0.00, 0.00, 71.95, 1.00, 2.98, 35.42, 30.66, 73.49, 30.62, 86.68, 27.46, 61.80, 27.33, 68.04, 33.15, 32.25, -999
30/09/16 18, 2.44, 5.14, 4.21, 4.19, 1.71, 5.13, 2.42, 92.97, 1.00, 92.99, 1.00, 0.00, 0.00, 0.00, 0.00, 0.00, 0.00, 0.00, 0.00, 49.48, 1.00, 35.76, 1.00, 0.00, 0.00, 30.95, 1.00, 0.00, 0.00, 0.00, 0.00, 2.98, 36.74, 28.19, 73.33, 28.15, 86.50, 21.69, 82.33, 21.57, 68.46, 39.70, 29.57, -999
30/09/16 19, 2.68, 4.62, 3.89, 4.44, 2.20, 5.38, 2.85, 92.92, 1.00, 92.94, 1.00, 0.00, 0.00, 0.00, 0.00, 0.00, 0.00, 0.00, 0.00, 49.26, 1.00, 36.33, 1.00, 0.00, 0.00, 30.96, 1.00, 0.00, 0.00, 0.00, 0.00, 2.98, 36.76, 27.69, 68.44, 27.65, 86.41, 21.66, 81.29, 21.55, 68.39, 39.79, 29.06, -999
30/09/16 20, 2.91, 4.47, 3.41, 3.47, 2.44, 5.50, 3.27, 93.56, 1.00, 93.58, 1.00, 0.00, 0.00, 0.00, 0.00, 0.00, 0.00, 0.00, 0.00, 0.00, 0.00, 35.96, 1.00, 0.00, 0.00, 30.46, 1.00, 0.00, 0.00, 0.00, 0.00, 2.98, 36.42, 29.47, 69.37, 29.47, 59.28, 21.67, 81.96, 21.56, 70.07, 39.51, 30.66, -999
30/09/16 21, 3.09, 4.04, 3.03, 2.91, 2.78, 5.50, 3.57, 93.90, 1.00, 93.92, 1.00, 0.00, 0.00, 35.31, 1.00, 0.00, 0.00, 0.00, 0.00, 48.61, 1.00, 35.43, 1.00, 0.00, 0.00, 30.82, 1.00, 0.00, 0.00, 0.00, 0.00, 2.98, 36.24, 23.75, 85.32, 23.82, 83.82, 21.63, 82.87, 21.52, 68.84, 39.38, 25.53, -999
30/09/16 22, 3.24, 3.15, 3.41, 2.97, 3.23, 5.50, 3.53, 94.15, 1.00, 94.17, 1.00, 0.00, 0.00, 34.01, 1.00, 0.00, 0.00, 0.00, 0.00, 48.76, 1.00, 35.87, 1.00, 0.00, 0.00, 30.78, 1.00, 0.00, 0.00, 0.00, 0.00, 2.98, 36.11, 23.00, 86.77, 23.06, 82.77, 21.48, 81.92, 21.36, 68.80, 39.29, 24.76, -999
30/09/16 23, 3.36, 2.28, 3.84, 2.66, 3.47, 5.50, 3.49, 92.98, 1.00, 93.00, 1.00, 0.00, 0.00, 33.62, 1.00, 0.00, 0.00, 0.00, 0.00, 48.14, 1.00, 35.77, 1.00, 0.00, 0.00, 30.86, 1.00, 0.00, 0.00, 0.00, 0.00, 2.98, 36.73, 22.24, 86.65, 22.30, 83.16, 22.10, 82.72, 21.98, 69.16, 39.96, 23.99, -999
01/10/16 00, 3.54, 1.41, 4.25, 2.68, 3.80, 5.50, 3.53, 92.16, 1.00, 92.18, 1.00, 0.00, 0.00, 31.80, 1.00, 0.00, 0.00, 0.00, 0.00, 48.04, 1.00, 35.49, 1.00, 0.00, 0.00, 30.60, 1.00, 0.00, 0.00, 0.00, 0.00, 2.98, 37.16, 21.60, 88.89, 21.65, 82.70, 22.71, 83.84, 22.60, 70.63, 40.47, 23.32, -999
01/10/16 01, 3.83, 0.57, 4.72, 2.57, 3.67, 5.50, 3.95, 88.69, 1.00, 88.71, 1.00, 0.00, 0.00, 31.05, 1.00, 0.00, 0.00, 0.00, 0.00, 46.81, 1.00, 0.00, 0.00, 0.00, 0.00, 31.59, 1.00, 0.00, 0.00, 0.00, 0.00, 2.98, 38.98, 20.97, 89.40, 21.02, 84.28, 31.57, 64.24, 31.45, 76.16, 42.94, 22.67, -999
01/10/16 02, 3.86, 0.79, 5.24, 3.02, 3.19, 5.47, 4.64, 94.66, 1.00, 94.68, 1.00, 0.00, 0.00, 32.61, 1.00, 0.00, 0.00, 0.00, 0.00, 48.20, 1.00, 0.00, 0.00, 0.00, 0.00, 0.00, 0.00, 0.00, 0.00, 110.92, 1.00, 2.98, 35.84, 25.95, 91.99, 26.00, 86.77, 31.54, 63.76, 31.54, 59.74, 29.05, 28.15, -999
01/10/16 03, 4.00, 1.30, 5.18, 3.61, 2.71, 5.17, 3.30, 93.80, 1.00, 93.82, 1.00, 0.00, 0.00, 0.00, 0.00, 0.00, 0.00, 0.00, 0.00, 48.47, 1.00, 0.00, 0.00, 0.00, 0.00, 0.00, 0.00, 0.00, 0.00, 102.48, 1.00, 2.98, 36.29, 28.20, 75.44, 28.16, 88.42, 31.95, 63.24, 31.95, 59.20, 30.87, 29.97, -999
01/10/16 04, 4.14, 1.86, 4.92, 4.30, 2.22, 5.03, 2.64, 93.81, 1.00, 93.83, 1.00, 0.00, 0.00, 0.00, 0.00, 0.00, 0.00, 0.00, 0.00, 47.85, 1.00, 0.00, 0.00, 0.00, 0.00, 32.07, 1.00, 0.00, 0.00, 99.14, 1.00, 2.98, 36.29, 28.58, 76.49, 28.54, 89.94, 29.26, 62.89, 29.14, 72.15, 31.21, 30.31, -999
01/10/16 05, 4.27, 2.64, 4.74, 3.90, 1.76, 5.44, 3.69, 93.17, 1.00, 93.19, 1.00, 0.00, 0.00, 0.00, 0.00, 0.00, 0.00, 0.00, 0.00, 0.00, 0.00, 0.00, 0.00, 0.00, 0.00, 32.26, 1.00, 0.00, 0.00, 79.34, 1.00, 2.98, 36.63, 31.88, 75.10, 31.88, 67.01, 29.56, 61.68, 29.44, 71.77, 34.22, 33.32, -999
01/10/16 06, 4.34, 3.46, 4.48, 2.83, 1.74, 5.50, 4.72, 94.41, 1.00, 94.42, 1.00, 0.00, 0.00, 0.00, 0.00, 0.00, 0.00, 0.00, 0.00, 49.59, 1.00, 35.90, 1.00, 0.00, 0.00, 29.50, 1.00, 0.00, 0.00, 90.16, 1.00, 2.98, 35.97, 29.50, 74.48, 29.46, 87.59, 22.73, 83.13, 22.62, 74.21, 32.09, 31.19, -999
01/10/16 07, 4.34, 3.89, 4.21, 3.44, 2.35, 5.22, 3.52, 93.76, 1.00, 93.78, 1.00, 0.00, 0.00, 0.00, 0.00, 0.00, 0.00, 0.00, 0.00, 49.78, 1.00, 37.45, 1.00, 0.00, 0.00, 0.00, 0.00, 0.00, 0.00, 90.15, 1.00, 2.98, 36.32, 29.92, 73.10, 29.88, 87.64, 28.66, 86.17, 28.66, 58.15, 32.51, 31.61, -999
01/10/16 08, 4.35, 4.31, 3.88, 3.96, 2.98, 5.07, 2.65, 94.69, 1.00, 94.71, 1.00, 0.00, 0.00, 0.00, 0.00, 0.00, 0.00, 0.00, 0.00, 50.41, 1.00, 35.41, 1.00, 0.00, 0.00, 31.43, 1.00, 0.00, 0.00, 85.09, 1.00, 2.98, 35.82, 30.04, 71.62, 30.00, 86.53, 22.21, 83.48, 22.09, 67.35, 32.60, 31.70, -999
01/10/16 09, 4.22, 4.67, 3.50, 4.17, 3.48, 5.23, 2.66, 95.39, 1.00, 95.41, 1.00, 0.00, 0.00, 0.00, 0.00, 0.00, 0.00, 0.00, 0.00, 50.40, 1.00, 35.69, 1.00, 0.00, 0.00, 31.02, 1.00, 0.00, 0.00, 80.71, 1.00, 2.98, 35.45, 30.20, 72.53, 30.15, 86.71, 21.82, 82.59, 21.71, 68.36, 32.73, 31.83, -999
01/10/16 10, 4.06, 4.98, 3.18, 4.38, 3.79, 5.47, 3.00, 95.61, 1.00, 95.63, 1.00, 0.00, 0.00, 0.00, 0.00, 0.00, 0.00, 0.00, 0.00, 50.69, 1.00, 35.36, 1.00, 0.00, 0.00, 31.27, 1.00, 0.00, 0.00, 77.94, 1.00, 2.98, 35.33, 30.38, 69.88, 30.34, 86.32, 21.65, 83.00, 21.54, 67.33, 32.90, 32.00, -999
01/10/16 11, 3.92, 5.10, 3.21, 4.42, 3.87, 5.50, 3.04, 94.95, 1.00, 94.97, 1.00, 0.00, 0.00, 36.60, 1.00, 0.00, 0.00, 0.00, 0.00, 50.25, 1.00, 0.00, 0.00, 0.00, 0.00, 31.91, 1.00, 0.00, 0.00, 84.88, 1.00, 2.98, 35.68, 29.46, 88.75, 29.54, 86.39, 28.77, 63.25, 28.65, 72.24, 32.47, 31.57, -999
01/10/16 12, 3.95, 5.19, 3.69, 4.10, 3.18, 5.50, 3.61, 94.50, 1.00, 94.52, 1.00, 0.00, 0.00, 37.12, 1.00, 0.00, 0.00, 0.00, 0.00, 0.00, 0.00, 0.00, 0.00, 0.00, 0.00, 32.54, 1.00, 0.00, 0.00, 76.83, 1.00, 2.98, 35.92, 31.14, 89.47, 31.26, 60.98, 28.83, 62.31, 28.71, 70.05, 33.69, 32.79, -999
01/10/16 13, 4.00, 5.44, 4.17, 3.00, 2.45, 5.50, 3.65, 94.92, 1.00, 94.94, 1.00, 0.00, 0.00, 35.96, 1.00, 0.00, 0.00, 0.00, 0.00, 50.85, 1.00, 0.00, 0.00, 0.00, 0.00, 31.22, 1.00, 0.00, 0.00, 82.77, 1.00, 2.98, 35.70, 29.80, 90.22, 29.87, 85.52, 28.93, 61.26, 28.82, 74.79, 32.78, 31.88, -999
01/10/16 14, 4.02, 5.40, 4.67, 3.16, 1.67, 5.50, 4.54, 94.54, 1.00, 94.56, 1.00, 0.00, 0.00, 35.44, 1.00, 0.00, 0.00, 0.00, 0.00, 49.85, 1.00, 0.00, 0.00, 0.00, 0.00, 31.25, 1.00, 0.00, 0.00, 84.36, 1.00, 2.98, 35.90, 29.79, 91.13, 29.86, 87.51, 29.05, 61.49, 28.94, 74.80, 32.77, 31.87, -999
01/10/16 15, 4.02, 5.39, 5.18, 3.69, 1.92, 5.33, 4.11, 94.86, 1.00, 94.88, 1.00, 0.00, 0.00, 35.21, 1.00, 0.00, 0.00, 0.00, 0.00, 50.36, 1.00, 37.77, 1.00, 0.00, 0.00, 0.00, 0.00, 0.00, 0.00, 83.24, 1.00, 2.98, 35.73, 29.77, 91.51, 29.84, 86.48, 28.05, 84.96, 28.05, 58.58, 32.74, 31.84, -999
01/10/16 16, 4.14, 5.31, 5.04, 3.95, 2.48, 4.99, 2.61, 91.19, 1.00, 91.21, 1.00, 0.00, 0.00, 0.00, 0.00, 0.00, 0.00, 0.00, 0.00, 49.56, 1.00, 38.27, 1.00, 0.00, 0.00, 0.00, 0.00, 0.00, 0.00, 0.00, 0.00, 2.98, 37.67, 28.35, 73.18, 28.31, 86.51, 29.48, 85.46, 29.48, 55.00, 41.46, 29.73, -999
01/10/16 17, 4.32, 4.78, 4.68, 4.23, 2.91, 5.13, 2.53, 91.56, 1.00, 91.58, 1.00, 0.00, 0.00, 0.00, 0.00, 0.00, 0.00, 0.00, 0.00, 49.34, 1.00, 35.91, 1.00, 0.00, 0.00, 31.48, 1.00, 0.00, 0.00, 0.00, 0.00, 2.98, 37.48, 27.84, 71.73, 27.80, 86.42, 23.01, 83.39, 22.89, 67.95, 41.02, 29.22, -999
01/10/16 18, 4.51, 4.26, 4.27, 4.47, 3.36, 5.34, 2.75, 112.44, 1.00, 0.00, 0.00, 0.00, 0.00, 0.00, 0.00, 0.00, 0.00, 0.00, 0.00, 48.80, 1.00, 35.21, 1.00, 0.00, 0.00, 31.21, 1.00, 0.00, 0.00, 0.00, 0.00, 2.99, 26.08, 27.36, 72.38, 27.32, 86.96, 22.56, 84.17, 22.44, 68.44, 38.58, 28.73, -999
01/10/16 19, 4.41, 4.22, 3.91, 3.30, 3.91, 5.50, 3.14, 113.29, 1.00, 0.00, 0.00, 0.00, 0.00, 0.00, 0.00, 0.00, 0.00, 0.00, 0.00, 0.00, 0.00, 35.36, 1.00, 0.00, 0.00, 30.69, 1.00, 0.00, 0.00, 0.00, 0.00, 2.99, 25.60, 29.22, 71.21, 29.22, 61.26, 22.21, 83.57, 22.10, 69.86, 38.17, 30.41, -999
01/10/16 20, 4.37, 3.80, 3.52, 3.00, 3.47, 5.50, 3.50, 112.92, 1.00, 0.00, 0.00, 0.00, 0.00, 0.00, 0.00, 0.00, 0.00, 0.00, 0.00, 49.95, 1.00, 0.00, 0.00, 0.00, 0.00, 32.47, 1.00, 0.00, 0.00, 0.00, 0.00, 2.99, 25.81, 26.82, 70.23, 26.78, 84.21, 29.01, 62.41, 28.89, 70.50, 38.46, 28.19, -999
01/10/16 21, 4.35, 3.27, 3.10, 2.96, 2.71, 5.50, 3.65, 112.70, 1.00, 0.00, 0.00, 0.00, 0.00, 0.00, 0.00, 0.00, 0.00, 0.00, 0.00, 49.87, 1.00, 0.00, 0.00, 0.00, 0.00, 32.67, 1.00, 0.00, 0.00, 0.00, 0.00, 2.99, 25.93, 26.29, 69.47, 26.25, 83.85, 29.04, 60.90, 28.91, 69.78, 38.53, 27.67, -999
01/10/16 22, 4.36, 2.48, 3.31, 2.81, 1.85, 5.50, 3.62, 113.68, 1.00, 0.00, 0.00, 0.00, 0.00, 35.29, 1.00, 0.00, 0.00, 0.00, 0.00, 48.56, 1.00, 0.00, 0.00, 0.00, 0.00, 32.94, 1.00, 0.00, 0.00, 0.00, 0.00, 2.99, 25.38, 22.19, 83.79, 22.26, 82.34, 28.67, 59.28, 28.54, 68.43, 38.16, 23.97, -999
01/10/16 23, 4.19, 1.59, 3.62, 2.40, 1.49, 5.50, 3.19, 113.86, 1.00, 0.00, 0.00, 0.00, 0.00, 33.99, 1.00, 0.00, 0.00, 0.00, 0.00, 48.22, 1.00, 36.43, 1.00, 0.00, 0.00, 30.69, 1.00, 0.00, 0.00, 0.00, 0.00, 2.99, 25.27, 21.50, 85.30, 21.56, 82.28, 21.59, 81.03, 21.48, 69.23, 37.83, 23.25, -999
02/10/16 00, 4.02, 0.72, 3.99, 2.22, 1.78, 5.50, 3.32, 112.46, 1.00, 0.00, 0.00, 0.00, 0.00, 32.10, 1.00, 0.00, 0.00, 0.00, 0.00, 46.82, 1.00, 35.71, 1.00, 0.00, 0.00, 29.92, 1.00, 0.00, 0.00, 0.00, 0.00, 2.99, 26.07, 21.00, 87.84, 21.05, 84.28, 22.56, 83.29, 22.45, 72.70, 38.39, 22.71, -999
02/10/16 01, 3.67, 0.60, 4.47, 2.70, 2.34, 5.50, 4.03, 117.53, 1.00, 0.00, 0.00, 0.00, 0.00, 32.83, 1.00, 0.00, 0.00, 0.00, 0.00, 47.83, 1.00, 34.65, 1.00, 0.00, 0.00, 28.68, 1.00, 0.00, 0.00, 94.75, 1.00, 2.99, 23.17, 25.23, 90.91, 25.29, 86.71, 20.55, 83.11, 20.45, 74.56, 28.21, 27.31, -999
02/10/16 02, 3.26, 0.74, 5.00, 3.33, 2.93, 5.49, 4.96, 116.57, 1.00, 0.00, 0.00, 0.00, 0.00, 32.30, 1.00, 0.00, 0.00, 0.00, 0.00, 47.67, 1.00, 36.12, 1.00, 0.00, 0.00, 0.00, 0.00, 0.00, 0.00, 97.69, 1.00, 2.99, 23.72, 25.47, 92.00, 25.53, 87.26, 26.44, 86.39, 26.44, 60.67, 28.46, 27.56, -999
02/10/16 03, 2.97, 1.04, 5.19, 3.97, 3.66, 5.24, 3.78, 115.91, 1.00, 0.00, 0.00, 0.00, 0.00, 0.00, 0.00, 0.00, 0.00, 0.00, 0.00, 47.08, 1.00, 35.67, 1.00, 0.00, 0.00, 0.00, 0.00, 0.00, 0.00, 90.04, 1.00, 2.99, 24.10, 27.24, 76.65, 27.20, 89.99, 26.82, 87.57, 26.82, 60.55, 29.81, 28.91, -999
02/10/16 04, 2.86, 1.63, 5.00, 4.22, 3.80, 5.00, 2.91, 114.71, 1.00, 0.00, 0.00, 0.00, 0.00, 0.00, 0.00, 0.00, 0.00, 0.00, 0.00, 0.00, 0.00, 0.00, 0.00, 0.00, 0.00, 0.00, 0.00, 0.00, 0.00, 72.52, 1.00, 2.99, 24.79, 30.22, 76.62, 30.22, 69.44, 30.39, 64.90, 30.39, 59.90, 32.52, 31.62, -999
02/10/16 05, 2.88, 2.39, 4.83, 3.47, 3.44, 4.91, 2.59, 114.90, 1.00, 0.00, 0.00, 0.00, 0.00, 0.00, 0.00, 0.00, 0.00, 0.00, 0.00, 0.00, 0.00, 0.00, 0.00, 0.00, 0.00, 31.72, 1.00, 0.00, 0.00, 67.97, 1.00, 2.99, 24.68, 30.57, 76.00, 30.57, 68.74, 27.84, 64.45, 27.72, 71.97, 32.85, 31.95, -999
02/10/16 06, 2.78, 3.01, 4.62, 3.14, 3.06, 5.32, 3.64, 115.67, 1.00, 0.00, 0.00, 0.00, 0.00, 0.00, 0.00, 0.00, 0.00, 0.00, 0.00, 48.83, 1.00, 0.00, 0.00, 0.00, 0.00, 31.51, 1.00, 0.00, 0.00, 80.21, 1.00, 2.99, 24.24, 28.59, 75.68, 28.55, 88.14, 27.47, 63.87, 27.35, 72.32, 31.11, 30.21, -999
02/10/16 07, 2.63, 3.33, 4.40, 3.82, 2.64, 5.50, 4.82, 115.79, 1.00, 0.00, 0.00, 0.00, 0.00, 0.00, 0.00, 0.00, 0.00, 0.00, 0.00, 48.93, 1.00, 0.00, 0.00, 0.00, 0.00, 0.00, 0.00, 0.00, 0.00, 78.46, 1.00, 2.99, 24.17, 28.83, 74.51, 28.79, 88.20, 30.00, 62.85, 30.00, 59.98, 31.34, 30.44, -999
02/10/16 08, 2.56, 3.64, 4.13, 4.43, 2.09, 5.20, 3.45, 115.86, 1.00, 0.00, 0.00, 0.00, 0.00, 0.00, 0.00, 0.00, 0.00, 0.00, 0.00, 49.41, 1.00, 0.00, 0.00, 0.00, 0.00, 0.00, 0.00, 0.00, 0.00, 76.34, 1.00, 2.99, 24.13, 29.03, 73.88, 28.99, 87.47, 29.95, 62.04, 29.95, 58.45, 31.53, 30.63, -999
02/10/16 09, 2.52, 4.18, 3.84, 3.46, 1.49, 5.02, 2.56, 117.41, 1.00, 0.00, 0.00, 0.00, 0.00, 0.00, 0.00, 0.00, 0.00, 0.00, 0.00, 0.00, 0.00, 35.30, 1.00, 0.00, 0.00, 30.72, 1.00, 0.00, 0.00, 48.77, 1.00, 2.99, 23.24, 30.90, 70.90, 30.90, 63.58, 19.80, 81.29, 19.69, 67.34, 33.09, 32.19, -999
02/10/16 10, 2.22, 4.48, 3.44, 2.90, 1.92, 5.21, 2.67, 119.00, 1.00, 0.00, 0.00, 0.00, 0.00, 0.00, 0.00, 0.00, 0.00, 0.00, 0.00, 50.62, 1.00, 35.18, 1.00, 0.00, 0.00, 30.54, 1.00, 0.00, 0.00, 54.19, 1.00, 2.99, 22.33, 29.31, 69.98, 29.26, 85.38, 18.89, 80.56, 18.78, 67.02, 31.71, 30.81, -999
02/10/16 11, 1.87, 4.51, 3.02, 3.07, 2.23, 5.35, 2.66, 119.47, 1.00, 0.00, 0.00, 0.00, 0.00, 0.00, 0.00, 0.00, 0.00, 0.00, 0.00, 50.63, 1.00, 34.82, 1.00, 0.00, 0.00, 30.53, 1.00, 0.00, 0.00, 50.54, 1.00, 2.99, 22.05, 29.32, 69.79, 29.28, 85.37, 18.65, 80.93, 18.54, 66.83, 31.71, 30.81, -999
02/10/16 12, 1.50, 4.20, 3.44, 3.19, 2.58, 5.47, 2.57, 120.54, 1.00, 0.00, 0.00, 0.00, 0.00, 36.74, 1.00, 0.00, 0.00, 0.00, 0.00, 50.12, 1.00, 34.47, 1.00, 0.00, 0.00, 30.51, 1.00, 0.00, 0.00, 55.13, 1.00, 2.99, 21.43, 27.79, 86.82, 27.87, 84.98, 18.05, 80.94, 17.94, 66.28, 30.64, 29.74, -999
02/10/16 13, 1.12, 3.87, 3.85, 3.27, 2.92, 5.49, 2.25, 121.29, 1.00, 0.00, 0.00, 0.00, 0.00, 35.66, 1.00, 0.00, 0.00, 0.00, 0.00, 50.13, 1.00, 34.37, 1.00, 0.00, 0.00, 30.33, 1.00, 0.00, 0.00, 53.72, 1.00, 2.99, 21.00, 27.46, 88.42, 27.53, 84.61, 17.61, 80.67, 17.51, 66.42, 30.29, 29.39, -999
02/10/16 14, 0.92, 3.66, 4.31, 3.25, 3.21, 5.50, 2.22, 98.73, 1.00, 98.75, 1.00, 0.00, 0.00, 35.18, 1.00, 0.00, 0.00, 0.00, 0.00, 50.16, 1.00, 34.61, 1.00, 0.00, 0.00, 30.29, 1.00, 0.00, 0.00, 72.30, 1.00, 2.97, 33.65, 27.90, 89.68, 27.97, 85.00, 19.18, 81.82, 19.07, 68.13, 30.81, 29.91, -999
02/10/16 15, 0.82, 3.52, 4.79, 3.32, 3.57, 5.50, 2.36, 98.81, 1.00, 98.83, 1.00, 0.00, 0.00, 35.67, 1.00, 0.00, 0.00, 0.00, 0.00, 50.04, 1.00, 34.54, 1.00, 0.00, 0.00, 30.31, 1.00, 0.00, 0.00, 72.75, 1.00, 2.97, 33.61, 27.76, 88.70, 27.83, 85.10, 19.11, 81.86, 19.00, 67.99, 30.67, 29.77, -999
02/10/16 16, 0.72, 3.38, 5.23, 3.41, 3.90, 5.50, 2.45, 99.08, 1.00, 99.10, 1.00, 0.00, 0.00, 35.65, 1.00, 0.00, 0.00, 0.00, 0.00, 50.05, 1.00, 34.52, 1.00, 0.00, 0.00, 30.77, 1.00, 0.00, 0.00, 72.44, 1.00, 2.97, 33.46, 27.62, 88.59, 27.69, 84.93, 18.82, 81.62, 18.71, 66.18, 30.53, 29.63, -999
02/10/16 17, 0.69, 3.50, 5.00, 3.45, 3.60, 5.50, 2.08, 98.80, 1.00, 98.82, 1.00, 0.00, 0.00, 0.00, 0.00, 0.00, 0.00, 0.00, 0.00, 50.66, 1.00, 0.00, 0.00, 0.00, 0.00, 32.47, 1.00, 0.00, 0.00, 69.69, 1.00, 2.97, 33.61, 28.62, 69.23, 28.57, 84.61, 25.40, 60.93, 25.27, 66.89, 31.09, 30.19, -999
02/10/16 18, 0.73, 3.70, 4.50, 3.29, 2.64, 5.50, 1.78, 98.76, 1.00, 98.78, 1.00, 0.00, 0.00, 0.00, 0.00, 0.00, 0.00, 0.00, 0.00, 50.82, 1.00, 0.00, 0.00, 0.00, 0.00, 32.40, 1.00, 0.00, 0.00, 68.64, 1.00, 2.97, 33.64, 28.78, 71.53, 28.74, 84.45, 25.45, 60.65, 25.33, 67.19, 31.25, 30.35, -999
02/10/16 19, 0.78, 3.89, 4.09, 3.11, 1.75, 5.50, 1.62, 98.93, 1.00, 98.95, 1.00, 0.00, 0.00, 0.00, 0.00, 0.00, 0.00, 0.00, 0.00, 50.91, 1.00, 0.00, 0.00, 0.00, 0.00, 32.16, 1.00, 0.00, 0.00, 66.89, 1.00, 2.97, 33.54, 28.91, 69.44, 28.87, 84.41, 25.45, 60.18, 25.33, 68.04, 31.38, 30.48, -999
02/10/16 20, 0.70, 4.04, 3.63, 2.95, 1.72, 5.50, 1.59, 98.64, 1.00, 98.66, 1.00, 0.00, 0.00, 0.00, 0.00, 0.00, 0.00, 0.00, 0.00, 50.64, 1.00, 35.31, 1.00, 0.00, 0.00, 30.50, 1.00, 0.00, 0.00, 65.78, 1.00, 2.97, 33.70, 29.04, 70.01, 29.00, 85.08, 18.87, 80.31, 18.76, 67.14, 31.50, 30.60, -999
02/10/16 21, 0.64, 4.19, 3.20, 3.05, 2.01, 5.50, 1.64, 98.82, 1.00, 98.84, 1.00, 0.00, 0.00, 0.00, 0.00, 0.00, 0.00, 0.00, 0.00, 50.87, 1.00, 35.15, 1.00, 0.00, 0.00, 30.55, 1.00, 0.00, 0.00, 63.82, 1.00, 2.97, 33.60, 29.15, 69.88, 29.11, 84.73, 18.78, 80.50, 18.67, 66.88, 31.60, 30.70, -999
02/10/16 22, 0.56, 4.15, 3.23, 3.01, 2.30, 5.50, 1.62, 98.52, 1.00, 98.54, 1.00, 0.00, 0.00, 35.82, 1.00, 0.00, 0.00, 0.00, 0.00, 50.21, 1.00, 35.09, 1.00, 0.00, 0.00, 30.08, 1.00, 0.00, 0.00, 68.68, 1.00, 2.97, 33.76, 28.28, 88.96, 28.35, 85.28, 19.01, 80.82, 18.91, 68.63, 31.18, 30.28, -999
02/10/16 23, 0.52, 3.97, 3.72, 3.18, 2.60, 5.50, 1.98, 98.74, 1.00, 98.76, 1.00, 0.00, 0.00, 35.92, 1.00, 0.00, 0.00, 0.00, 0.00, 50.23, 1.00, 34.86, 1.00, 0.00, 0.00, 30.00, 1.00, 0.00, 0.00, 69.10, 1.00, 2.97, 33.64, 28.11, 88.61, 28.18, 85.07, 18.98, 81.20, 18.87, 68.87, 31.01, 30.11, -999
03/10/16 00, 0.46, 3.80, 4.18, 3.27, 2.93, 5.50, 2.33, 98.44, 1.00, 98.46, 1.00, 0.00, 0.00, 33.61, 1.00, 0.00, 0.00, 0.00, 0.00, 49.74, 1.00, 34.43, 1.00, 0.00, 0.00, 29.59, 1.00, 0.00, 0.00, 70.73, 1.00, 2.97, 33.81, 28.08, 92.51, 28.14, 85.98, 19.28, 82.23, 19.17, 70.47, 30.95, 30.05, -999
03/10/16 01, 0.43, 3.67, 4.75, 3.57, 3.39, 5.50, 2.92, 98.20, 1.00, 98.22, 1.00, 0.00, 0.00, 33.26, 1.00, 0.00, 0.00, 0.00, 0.00, 49.68, 1.00, 34.62, 1.00, 0.00, 0.00, 29.48, 1.00, 0.00, 0.00, 72.35, 1.00, 2.97, 33.94, 28.00, 93.00, 28.05, 86.02, 19.34, 81.96, 19.24, 70.88, 30.87, 29.97, -999
03/10/16 02, 0.43, 3.56, 5.32, 3.83, 3.75, 5.50, 3.49, 97.77, 1.00, 97.79, 1.00, 0.00, 0.00, 0.00, 0.00, 0.00, 0.00, 0.00, 0.00, 48.86, 1.00, 33.98, 1.00, 0.00, 0.00, 28.86, 1.00, 0.00, 0.00, 70.87, 1.00, 2.97, 34.17, 28.78, 74.19, 28.74, 88.26, 19.80, 83.49, 19.70, 73.27, 31.25, 30.35, -999
03/10/16 03, 0.55, 3.81, 4.99, 4.44, 3.70, 5.50, 4.45, 96.44, 1.00, 96.46, 1.00, 0.00, 0.00, 0.00, 0.00, 0.00, 0.00, 0.00, 0.00, 48.68, 1.00, 0.00, 0.00, 0.00, 0.00, 29.91, 1.00, 0.00, 0.00, 75.66, 1.00, 2.98, 34.88, 29.21, 75.97, 29.17, 89.03, 26.64, 64.52, 26.54, 76.82, 31.70, 30.80, -999
03/10/16 04, 0.87, 4.39, 4.77, 3.86, 3.28, 5.37, 4.37, 94.22, 1.00, 94.23, 1.00, 0.00, 0.00, 0.00, 0.00, 0.00, 0.00, 0.00, 0.00, 0.00, 0.00, 0.00, 0.00, 0.00, 0.00, 0.00, 0.00, 0.00, 0.00, 65.37, 1.00, 2.98, 36.07, 32.35, 76.39, 32.35, 68.45, 30.42, 64.10, 30.42, 61.38, 34.62, 33.72, -999
03/10/16 05, 1.26, 5.08, 4.59, 3.00, 2.85, 5.18, 3.61, 94.13, 1.00, 94.15, 1.00, 0.00, 0.00, 0.00, 0.00, 0.00, 0.00, 0.00, 0.00, 0.00, 0.00, 0.00, 0.00, 0.00, 0.00, 0.00, 0.00, 0.00, 0.00, 62.56, 1.00, 2.98, 36.12, 32.81, 76.14, 32.81, 66.69, 30.67, 63.25, 30.67, 60.98, 35.06, 34.16, -999
03/10/16 06, 1.59, 5.36, 4.41, 3.69, 2.34, 4.97, 2.99, 94.69, 1.00, 94.71, 1.00, 0.00, 0.00, 0.00, 0.00, 0.00, 0.00, 0.00, 0.00, 50.17, 1.00, 0.00, 0.00, 0.00, 0.00, 0.00, 0.00, 0.00, 0.00, 76.25, 1.00, 2.98, 35.82, 30.72, 74.35, 30.68, 87.68, 30.49, 62.44, 30.49, 58.51, 33.22, 32.32, -999
03/10/16 07, 1.90, 5.42, 4.13, 4.14, 1.77, 5.06, 2.95, 90.56, 1.00, 90.58, 1.00, 0.00, 0.00, 0.00, 0.00, 0.00, 0.00, 0.00, 0.00, 50.11, 1.00, 0.00, 0.00, 0.00, 0.00, 32.31, 1.00, 0.00, 0.00, 0.00, 0.00, 2.98, 38.00, 28.43, 73.59, 28.39, 85.52, 29.74, 61.24, 29.62, 71.77, 41.37, 29.80, -999
03/10/16 08, 2.27, 4.89, 3.83, 4.13, 1.80, 5.42, 3.79, 93.96, 1.00, 93.98, 1.00, 0.00, 0.00, 0.00, 0.00, 0.00, 0.00, 0.00, 0.00, 48.93, 1.00, 35.15, 1.00, 0.00, 0.00, 31.22, 1.00, 0.00, 0.00, 0.00, 0.00, 2.98, 36.21, 27.98, 71.92, 27.94, 87.33, 21.21, 82.93, 21.09, 67.06, 39.09, 29.35, -999
03/10/16 09, 2.47, 4.37, 3.46, 4.57, 2.39, 5.49, 3.36, 94.02, 1.00, 94.04, 1.00, 0.00, 0.00, 0.00, 0.00, 0.00, 0.00, 0.00, 0.00, 0.00, 0.00, 35.85, 1.00, 0.00, 0.00, 31.19, 1.00, 0.00, 0.00, 0.00, 0.00, 2.98, 36.18, 29.37, 69.70, 29.37, 61.81, 21.09, 81.58, 20.98, 67.03, 39.11, 30.56, -999
03/10/16 10, 2.65, 4.34, 3.03, 3.00, 2.69, 5.50, 3.13, 93.15, 1.00, 93.17, 1.00, 0.00, 0.00, 0.00, 0.00, 0.00, 0.00, 0.00, 0.00, 50.35, 1.00, 35.81, 1.00, 0.00, 0.00, 30.68, 1.00, 0.00, 0.00, 0.00, 0.00, 2.98, 36.64, 27.32, 71.06, 27.28, 83.93, 21.74, 82.29, 21.63, 69.40, 39.66, 28.70, -999
03/10/16 11, 2.87, 3.48, 3.42, 2.78, 3.06, 5.50, 3.31, 92.45, 1.00, 92.47, 1.00, 0.00, 0.00, 33.50, 1.00, 0.00, 0.00, 0.00, 0.00, 48.52, 1.00, 35.56, 1.00, 0.00, 0.00, 30.51, 1.00, 0.00, 0.00, 0.00, 0.00, 2.98, 37.01, 23.41, 88.01, 23.47, 83.63, 22.29, 83.29, 22.18, 70.52, 40.12, 25.17, -999
03/10/16 12, 3.11, 2.62, 3.89, 2.83, 3.52, 5.50, 3.68, 93.27, 1.00, 93.29, 1.00, 0.00, 0.00, 33.52, 1.00, 0.00, 0.00, 0.00, 0.00, 48.79, 1.00, 35.32, 1.00, 0.00, 0.00, 30.76, 1.00, 0.00, 0.00, 0.00, 0.00, 2.98, 36.58, 22.51, 87.08, 22.57, 82.23, 21.99, 83.41, 21.88, 69.39, 39.73, 24.27, -999
03/10/16 13, 3.29, 1.74, 4.31, 2.28, 3.96, 5.50, 3.74, 92.99, 1.00, 93.01, 1.00, 0.00, 0.00, 32.00, 1.00, 0.00, 0.00, 0.00, 0.00, 47.34, 1.00, 35.99, 1.00, 0.00, 0.00, 31.01, 1.00, 0.00, 0.00, 0.00, 0.00, 2.98, 36.72, 21.98, 88.97, 22.03, 84.35, 21.97, 82.21, 21.86, 68.55, 39.93, 23.70, -999
03/10/16 14, 3.59, 0.91, 4.78, 2.67, 3.24, 5.50, 3.70, 90.65, 1.00, 90.67, 1.00, 0.00, 0.00, 33.09, 1.00, 0.00, 0.00, 0.00, 0.00, 47.47, 1.00, 0.00, 0.00, 0.00, 0.00, 32.88, 1.00, 0.00, 0.00, 0.00, 0.00, 2.98, 37.96, 21.00, 86.28, 21.06, 83.15, 30.32, 62.71, 30.19, 70.31, 41.70, 22.74, -999
03/10/16 15, 3.72, 0.61, 5.17, 2.79, 2.56, 5.50, 3.72, 95.96, 1.00, 95.98, 1.00, 0.00, 0.00, 33.54, 1.00, 0.00, 0.00, 0.00, 0.00, 48.90, 1.00, 0.00, 0.00, 0.00, 0.00, 31.57, 1.00, 0.00, 0.00, 107.99, 1.00, 2.98, 35.14, 25.57, 90.10, 25.63, 85.08, 28.37, 61.62, 28.25, 73.03, 28.67, 27.77, -999
03/10/16 16, 3.64, 1.01, 5.24, 3.11, 1.82, 5.50, 4.33, 95.20, 1.00, 95.22, 1.00, 0.00, 0.00, 0.00, 0.00, 0.00, 0.00, 0.00, 0.00, 49.65, 1.00, 0.00, 0.00, 0.00, 0.00, 31.62, 1.00, 0.00, 0.00, 99.41, 1.00, 2.98, 35.55, 27.62, 73.79, 27.58, 85.60, 28.57, 61.81, 28.45, 73.04, 30.27, 29.37, -999
03/10/16 17, 3.60, 1.53, 4.90, 3.38, 1.52, 5.50, 4.81, 95.82, 1.00, 95.84, 1.00, 0.00, 0.00, 0.00, 0.00, 0.00, 0.00, 0.00, 0.00, 49.57, 1.00, 37.82, 1.00, 0.00, 0.00, 0.00, 0.00, 0.00, 0.00, 95.41, 1.00, 2.98, 35.22, 27.88, 74.01, 27.84, 86.02, 27.48, 84.31, 27.48, 58.57, 30.50, 29.60, -999
03/10/16 18, 3.53, 2.00, 4.58, 3.68, 2.04, 5.13, 3.10, 95.35, 1.00, 95.37, 1.00, 0.00, 0.00, 0.00, 0.00, 0.00, 0.00, 0.00, 0.00, 49.89, 1.00, 37.85, 1.00, 0.00, 0.00, 0.00, 0.00, 0.00, 0.00, 94.14, 1.00, 2.98, 35.47, 28.25, 71.27, 28.21, 85.76, 27.59, 84.36, 27.59, 56.07, 30.87, 29.97, -999
03/10/16 19, 3.43, 2.45, 4.16, 3.85, 2.47, 5.12, 2.58, 96.51, 1.00, 96.53, 1.00, 0.00, 0.00, 0.00, 0.00, 0.00, 0.00, 0.00, 0.00, 49.13, 1.00, 35.54, 1.00, 0.00, 0.00, 31.31, 1.00, 0.00, 0.00, 87.63, 1.00, 2.98, 34.85, 28.38, 71.49, 28.34, 87.36, 20.88, 81.93, 20.77, 66.44, 30.95, 30.05, -999
03/10/16 20, 3.24, 2.85, 3.77, 4.32, 2.84, 5.19, 2.28, 97.07, 1.00, 97.09, 1.00, 0.00, 0.00, 0.00, 0.00, 0.00, 0.00, 0.00, 0.00, 49.41, 1.00, 35.49, 1.00, 0.00, 0.00, 31.26, 1.00, 0.00, 0.00, 83.58, 1.00, 2.97, 34.55, 28.56, 70.43, 28.52, 87.01, 20.52, 81.65, 20.41, 66.25, 31.11, 30.21, -999
03/10/16 21, 3.06, 3.29, 3.35, 4.23, 3.14, 5.23, 1.97, 96.45, 1.00, 96.47, 1.00, 0.00, 0.00, 0.00, 0.00, 0.00, 0.00, 0.00, 0.00, 0.00, 0.00, 35.34, 1.00, 0.00, 0.00, 31.23, 1.00, 0.00, 0.00, 65.56, 1.00, 2.98, 34.88, 31.27, 67.61, 31.27, 59.91, 20.80, 82.18, 20.68, 66.60, 33.53, 32.63, -999
03/10/16 22, 2.92, 3.75, 3.12, 2.96, 3.48, 5.34, 1.90, 96.63, 1.00, 96.65, 1.00, 0.00, 0.00, 36.09, 1.00, 0.00, 0.00, 0.00, 0.00, 50.89, 1.00, 35.25, 1.00, 0.00, 0.00, 31.40, 1.00, 0.00, 0.00, 84.65, 1.00, 2.98, 34.78, 28.11, 88.31, 28.19, 83.77, 20.68, 82.21, 20.56, 65.92, 31.11, 30.21, -999
03/10/16 23, 2.77, 3.72, 3.59, 2.64, 3.79, 5.28, 1.45, 97.53, 1.00, 97.55, 1.00, 0.00, 0.00, 36.53, 1.00, 0.00, 0.00, 0.00, 0.00, 50.62, 1.00, 35.25, 1.00, 0.00, 0.00, 31.08, 1.00, 0.00, 0.00, 80.97, 1.00, 2.97, 34.30, 28.05, 87.46, 28.12, 84.23, 20.21, 81.75, 20.09, 66.52, 31.03, 30.13, -999
04/10/16 00, 2.58, 3.65, 4.02, 2.61, 4.00, 5.39, 1.51, 97.29, 1.00, 97.31, 1.00, 0.00, 0.00, 34.69, 1.00, 0.00, 0.00, 0.00, 0.00, 50.65, 1.00, 34.67, 1.00, 0.00, 0.00, 31.02, 1.00, 0.00, 0.00, 81.89, 1.00, 2.97, 34.43, 28.04, 90.67, 28.10, 84.17, 20.43, 82.97, 20.32, 66.98, 31.00, 30.10, -999
04/10/16 01, 2.52, 3.64, 4.54, 2.57, 3.55, 5.50, 1.85, 95.94, 1.00, 95.96, 1.00, 0.00, 0.00, 34.54, 1.00, 0.00, 0.00, 0.00, 0.00, 49.48, 1.00, 0.00, 0.00, 0.00, 0.00, 31.38, 1.00, 0.00, 0.00, 87.82, 1.00, 2.98, 35.15, 28.07, 90.95, 28.13, 86.48, 27.66, 63.20, 27.54, 72.96, 31.04, 30.14, -999
04/10/16 02, 2.60, 3.68, 5.05, 3.07, 2.90, 5.50, 2.73, 95.55, 1.00, 95.57, 1.00, 0.00, 0.00, 33.64, 1.00, 0.00, 0.00, 0.00, 0.00, 49.14, 1.00, 0.00, 0.00, 0.00, 0.00, 30.72, 1.00, 0.00, 0.00, 89.08, 1.00, 2.98, 35.36, 28.15, 92.52, 28.21, 87.20, 27.94, 63.07, 27.82, 75.46, 31.12, 30.22, -999
04/10/16 03, 2.71, 3.90, 5.19, 3.63, 2.34, 5.50, 3.86, 94.79, 1.00, 94.81, 1.00, 0.00, 0.00, 0.00, 0.00, 0.00, 0.00, 0.00, 0.00, 49.08, 1.00, 0.00, 0.00, 0.00, 0.00, 30.51, 1.00, 0.00, 0.00, 84.35, 1.00, 2.98, 35.77, 29.66, 76.42, 29.62, 88.73, 28.33, 62.90, 28.22, 76.56, 32.21, 31.31, -999
04/10/16 04, 2.88, 4.27, 4.99, 4.32, 1.86, 5.45, 4.57, 93.98, 1.00, 94.00, 1.00, 0.00, 0.00, 0.00, 0.00, 0.00, 0.00, 0.00, 0.00, 48.68, 1.00, 0.00, 0.00, 0.00, 0.00, 0.00, 0.00, 0.00, 0.00, 86.27, 1.00, 2.98, 36.20, 30.16, 76.58, 30.12, 89.98, 31.38, 63.15, 31.38, 61.19, 32.72, 31.82, -999
04/10/16 05, 3.19, 4.94, 4.81, 3.86, 1.56, 5.24, 3.67, 93.27, 1.00, 93.29, 1.00, 0.00, 0.00, 0.00, 0.00, 0.00, 0.00, 0.00, 0.00, 0.00, 0.00, 0.00, 0.00, 0.00, 0.00, 0.00, 0.00, 0.00, 0.00, 68.24, 1.00, 2.98, 36.58, 33.14, 76.10, 33.14, 66.95, 31.94, 62.86, 31.94, 59.51, 35.42, 34.52, -999
04/10/16 06, 3.43, 5.41, 4.61, 3.08, 2.20, 4.94, 2.50, 88.34, 1.00, 88.36, 1.00, 0.00, 0.00, 0.00, 0.00, 0.00, 0.00, 0.00, 0.00, 48.40, 1.00, 37.85, 1.00, 0.00, 0.00, 0.00, 0.00, 0.00, 0.00, 0.00, 0.00, 2.98, 39.16, 28.54, 75.01, 28.50, 88.89, 30.65, 87.42, 30.65, 58.53, 42.99, 29.90, -999
04/10/16 07, 3.79, 4.90, 4.35, 3.89, 2.90, 5.11, 2.80, 91.09, 1.00, 91.11, 1.00, 0.00, 0.00, 0.00, 0.00, 0.00, 0.00, 0.00, 0.00, 49.01, 1.00, 35.93, 1.00, 0.00, 0.00, 31.49, 1.00, 0.00, 0.00, 0.00, 0.00, 2.98, 37.72, 27.98, 73.29, 27.94, 87.18, 23.01, 83.36, 22.89, 67.93, 41.13, 29.35, -999
04/10/16 08, 4.04, 4.38, 4.03, 4.34, 3.35, 5.32, 2.95, 91.26, 1.00, 91.28, 1.00, 0.00, 0.00, 0.00, 0.00, 0.00, 0.00, 0.00, 0.00, 49.96, 1.00, 35.41, 1.00, 0.00, 0.00, 31.13, 1.00, 0.00, 0.00, 0.00, 0.00, 2.98, 37.63, 27.39, 70.49, 27.35, 84.77, 23.25, 84.51, 23.14, 69.42, 41.12, 28.77, -999
04/10/16 09, 4.27, 3.85, 3.60, 4.04, 3.92, 5.50, 3.58, 92.74, 1.00, 92.76, 1.00, 0.00, 0.00, 0.00, 0.00, 0.00, 0.00, 0.00, 0.00, 49.46, 1.00, 36.14, 1.00, 0.00, 0.00, 30.99, 1.00, 0.00, 0.00, 0.00, 0.00, 2.98, 36.85, 26.90, 68.65, 26.86, 85.24, 22.49, 82.46, 22.38, 69.13, 40.37, 28.27, -999
04/10/16 10, 4.48, 3.32, 3.13, 4.07, 3.52, 5.50, 3.67, 90.41, 1.00, 90.42, 1.00, 0.00, 0.00, 0.00, 0.00, 0.00, 0.00, 0.00, 0.00, 49.39, 1.00, 0.00, 0.00, 0.00, 0.00, 32.38, 1.00, 0.00, 0.00, 0.00, 0.00, 2.98, 38.08, 26.38, 71.28, 26.34, 84.86, 30.89, 61.99, 30.77, 72.70, 42.07, 27.75, -999
04/10/16 11, 4.51, 2.58, 3.29, 3.96, 2.70, 5.50, 4.14, 112.17, 1.00, 0.00, 0.00, 0.00, 0.00, 34.19, 1.00, 0.00, 0.00, 0.00, 0.00, 47.34, 1.00, 0.00, 0.00, 0.00, 0.00, 31.95, 1.00, 0.00, 0.00, 0.00, 0.00, 2.99, 26.23, 22.56, 86.04, 22.63, 84.94, 29.39, 61.56, 29.27, 72.72, 38.80, 24.31, -999
04/10/16 12, 4.55, 1.72, 3.70, 4.17, 1.93, 5.50, 4.61, 111.78, 1.00, 0.00, 0.00, 0.00, 0.00, 32.89, 1.00, 0.00, 0.00, 0.00, 0.00, 46.88, 1.00, 0.00, 0.00, 0.00, 0.00, 31.57, 1.00, 0.00, 0.00, 0.00, 0.00, 2.99, 26.45, 21.90, 87.48, 21.96, 85.09, 29.60, 61.58, 29.48, 74.24, 38.98, 23.62, -999
04/10/16 13, 4.64, 0.87, 4.14, 4.41, 1.70, 5.32, 4.09, 112.40, 1.00, 0.00, 0.00, 0.00, 0.00, 32.73, 1.00, 0.00, 0.00, 0.00, 0.00, 47.51, 1.00, 38.34, 1.00, 0.00, 0.00, 0.00, 0.00, 0.00, 0.00, 0.00, 0.00, 2.99, 26.10, 21.01, 86.85, 21.06, 83.07, 28.49, 84.33, 28.49, 57.93, 38.75, 22.73, -999
04/10/16 14, 4.39, 0.52, 4.57, 3.85, 2.14, 4.97, 2.51, 118.22, 1.00, 0.00, 0.00, 0.00, 0.00, 35.06, 1.00, 0.00, 0.00, 0.00, 0.00, 48.37, 1.00, 35.17, 1.00, 0.00, 0.00, 30.74, 1.00, 0.00, 0.00, 93.47, 1.00, 2.99, 22.78, 25.03, 87.02, 25.09, 85.54, 19.58, 81.27, 19.47, 67.06, 28.04, 27.14, -999
04/10/16 15, 3.89, 0.62, 4.96, 4.10, 2.51, 5.14, 2.55, 120.33, 1.00, 0.00, 0.00, 0.00, 0.00, 33.12, 1.00, 0.00, 0.00, 0.00, 0.00, 48.81, 1.00, 34.84, 1.00, 0.00, 0.00, 30.05, 1.00, 0.00, 0.00, 83.65, 1.00, 2.99, 21.55, 25.06, 90.29, 25.12, 84.74, 18.46, 80.71, 18.36, 68.19, 27.98, 27.08, -999
04/10/16 16, 3.34, 0.72, 5.20, 4.07, 2.79, 5.38, 2.97, 119.24, 1.00, 0.00, 0.00, 0.00, 0.00, 0.00, 0.00, 0.00, 0.00, 0.00, 0.00, 48.93, 1.00, 34.35, 1.00, 0.00, 0.00, 30.48, 1.00, 0.00, 0.00, 81.25, 1.00, 2.99, 22.19, 26.35, 72.84, 26.31, 85.71, 19.08, 82.16, 18.97, 67.40, 28.87, 27.97, -999
04/10/16 17, 2.88, 1.05, 4.82, 4.25, 3.26, 5.50, 3.05, 118.80, 1.00, 0.00, 0.00, 0.00, 0.00, 0.00, 0.00, 0.00, 0.00, 0.00, 0.00, 48.50, 1.00, 34.49, 1.00, 0.00, 0.00, 29.78, 1.00, 0.00, 0.00, 80.42, 1.00, 2.99, 22.44, 26.66, 72.55, 26.62, 86.82, 19.46, 82.31, 19.35, 70.06, 29.18, 28.28, -999
04/10/16 18, 2.49, 1.50, 4.44, 4.05, 3.69, 5.50, 3.44, 118.82, 1.00, 0.00, 0.00, 0.00, 0.00, 0.00, 0.00, 0.00, 0.00, 0.00, 0.00, 0.00, 0.00, 34.39, 1.00, 0.00, 0.00, 29.86, 1.00, 0.00, 0.00, 60.30, 1.00, 2.99, 22.43, 29.05, 72.03, 29.05, 63.67, 19.40, 82.42, 19.30, 69.73, 31.29, 30.39, -999
04/10/16 19, 2.13, 2.03, 4.06, 3.06, 3.84, 5.50, 3.72, 118.65, 1.00, 0.00, 0.00, 0.00, 0.00, 0.00, 0.00, 0.00, 0.00, 0.00, 0.00, 50.45, 1.00, 0.00, 0.00, 0.00, 0.00, 31.55, 1.00, 0.00, 0.00, 76.00, 1.00, 2.99, 22.53, 27.36, 67.44, 27.32, 83.78, 25.77, 62.52, 25.65, 70.49, 29.87, 28.97, -999
04/10/16 20, 1.84, 2.29, 3.54, 2.80, 3.05, 5.50, 3.92, 118.72, 1.00, 0.00, 0.00, 0.00, 0.00, 0.00, 0.00, 0.00, 0.00, 0.00, 0.00, 49.88, 1.00, 0.00, 0.00, 0.00, 0.00, 31.71, 1.00, 0.00, 0.00, 73.59, 1.00, 2.99, 22.49, 27.56, 71.93, 27.52, 85.10, 25.66, 61.45, 25.54, 69.82, 30.05, 29.15, -999
04/10/16 21, 1.57, 2.53, 3.19, 3.02, 2.22, 5.50, 3.92, 119.43, 1.00, 0.00, 0.00, 0.00, 0.00, 0.00, 0.00, 0.00, 0.00, 0.00, 0.00, 50.74, 1.00, 0.00, 0.00, 0.00, 0.00, 31.13, 1.00, 0.00, 0.00, 69.18, 1.00, 2.99, 22.08, 27.62, 68.01, 27.58, 83.46, 25.31, 59.71, 25.20, 71.46, 30.10, 29.20, -999
04/10/16 22, 1.27, 2.54, 3.15, 2.53, 1.28, 5.50, 4.29, 121.20, 1.00, 0.00, 0.00, 0.00, 0.00, 36.76, 1.00, 0.00, 0.00, 0.00, 0.00, 50.10, 1.00, 35.08, 1.00, 0.00, 0.00, 29.62, 1.00, 0.00, 0.00, 63.99, 1.00, 2.99, 21.05, 26.49, 85.49, 26.56, 83.71, 17.70, 79.54, 17.59, 68.80, 29.37, 28.47, -999
04/10/16 23, 0.94, 2.34, 3.53, 2.46, 1.55, 5.50, 4.20, 99.22, 1.00, 99.24, 1.00, 0.00, 0.00, 36.21, 1.00, 0.00, 0.00, 0.00, 0.00, 50.30, 1.00, 35.08, 1.00, 0.00, 0.00, 29.51, 1.00, 0.00, 0.00, 79.84, 1.00, 2.97, 33.39, 26.67, 86.66, 26.75, 83.49, 19.04, 80.87, 18.94, 70.48, 29.64, 28.74, -999
05/10/16 00, 0.79, 2.27, 3.93, 2.32, 1.95, 5.50, 4.48, 99.06, 1.00, 99.08, 1.00, 0.00, 0.00, 35.02, 1.00, 0.00, 0.00, 0.00, 0.00, 49.18, 1.00, 34.76, 1.00, 0.00, 0.00, 29.99, 1.00, 0.00, 0.00, 80.45, 1.00, 2.97, 33.47, 26.66, 88.72, 26.73, 85.66, 19.02, 81.41, 18.92, 68.96, 29.60, 28.70, -999
05/10/16 01, 0.66, 2.23, 4.40, 2.77, 2.40, 5.50, 4.34, 97.86, 1.00, 97.88, 1.00, 0.00, 0.00, 35.02, 1.00, 0.00, 0.00, 0.00, 0.00, 49.15, 1.00, 34.63, 1.00, 0.00, 0.00, 29.59, 1.00, 0.00, 0.00, 84.90, 1.00, 2.97, 34.12, 26.64, 88.70, 26.71, 85.68, 19.63, 82.23, 19.52, 70.82, 29.60, 28.70, -999
05/10/16 02, 0.64, 2.24, 4.85, 3.15, 2.89, 5.50, 4.65, 98.16, 1.00, 98.18, 1.00, 0.00, 0.00, 33.52, 1.00, 0.00, 0.00, 0.00, 0.00, 48.80, 1.00, 34.18, 1.00, 0.00, 0.00, 28.23, 1.00, 0.00, 0.00, 83.73, 1.00, 2.97, 33.96, 26.68, 91.25, 26.74, 86.38, 19.94, 83.30, 19.84, 75.31, 29.61, 28.71, -999
05/10/16 03, 0.71, 2.27, 5.37, 3.60, 3.54, 5.28, 3.82, 96.87, 1.00, 96.89, 1.00, 0.00, 0.00, 0.00, 0.00, 0.00, 0.00, 0.00, 0.00, 48.14, 1.00, 35.48, 1.00, 0.00, 0.00, 0.00, 0.00, 0.00, 0.00, 82.96, 1.00, 2.98, 34.65, 28.02, 76.13, 27.98, 88.84, 25.77, 86.84, 25.77, 59.85, 30.55, 29.65, -999
05/10/16 04, 0.92, 2.65, 5.13, 4.36, 3.85, 5.00, 2.71, 95.73, 1.00, 95.74, 1.00, 0.00, 0.00, 0.00, 0.00, 0.00, 0.00, 0.00, 0.00, 47.67, 1.00, 0.00, 0.00, 0.00, 0.00, 0.00, 0.00, 0.00, 0.00, 86.31, 1.00, 2.98, 35.27, 28.60, 76.10, 28.56, 90.29, 29.66, 64.22, 29.66, 59.20, 31.15, 30.25, -999
05/10/16 05, 1.18, 3.32, 4.91, 3.87, 3.33, 5.22, 3.17, 95.00, 1.00, 95.02, 1.00, 0.00, 0.00, 0.00, 0.00, 0.00, 0.00, 0.00, 0.00, 0.00, 0.00, 0.00, 0.00, 0.00, 0.00, 31.34, 1.00, 0.00, 0.00, 67.20, 1.00, 2.98, 35.65, 31.44, 75.95, 31.44, 68.08, 27.40, 64.28, 27.28, 72.84, 33.71, 32.81, -999
05/10/16 06, 1.45, 4.01, 4.69, 3.03, 2.93, 5.50, 4.45, 95.16, 1.00, 95.17, 1.00, 0.00, 0.00, 0.00, 0.00, 0.00, 0.00, 0.00, 0.00, 50.16, 1.00, 0.00, 0.00, 0.00, 0.00, 30.67, 1.00, 0.00, 0.00, 80.84, 1.00, 2.98, 35.57, 29.55, 75.71, 29.51, 86.54, 27.53, 63.36, 27.42, 75.22, 32.09, 31.19, -999
05/10/16 07, 1.73, 4.36, 4.48, 3.43, 2.42, 5.35, 4.18, 95.83, 1.00, 95.84, 1.00, 0.00, 0.00, 0.00, 0.00, 0.00, 0.00, 0.00, 0.00, 50.07, 1.00, 0.00, 0.00, 0.00, 0.00, 0.00, 0.00, 0.00, 0.00, 78.21, 1.00, 2.98, 35.21, 29.79, 72.49, 29.75, 86.95, 30.10, 62.81, 30.10, 58.32, 32.31, 31.41, -999
05/10/16 08, 1.98, 4.65, 4.11, 3.83, 1.91, 4.99, 2.60, 94.98, 1.00, 95.00, 1.00, 0.00, 0.00, 0.00, 0.00, 0.00, 0.00, 0.00, 0.00, 50.52, 1.00, 0.00, 0.00, 0.00, 0.00, 0.00, 0.00, 0.00, 0.00, 80.00, 1.00, 2.98, 35.67, 30.14, 70.97, 30.10, 86.42, 30.55, 61.16, 30.55, 56.45, 32.67, 31.77, -999
05/10/16 09, 2.12, 4.93, 3.70, 4.03, 1.49, 5.07, 2.43, 96.64, 1.00, 96.66, 1.00, 0.00, 0.00, 0.00, 0.00, 0.00, 0.00, 0.00, 0.00, 50.42, 1.00, 35.49, 1.00, 0.00, 0.00, 31.06, 1.00, 0.00, 0.00, 70.40, 1.00, 2.98, 34.78, 30.07, 70.84, 30.03, 86.54, 20.29, 81.41, 20.17, 66.67, 32.54, 31.64, -999
05/10/16 10, 2.08, 5.13, 3.30, 4.23, 1.92, 5.19, 2.30, 97.25, 1.00, 97.27, 1.00, 0.00, 0.00, 0.00, 0.00, 0.00, 0.00, 0.00, 0.00, 50.60, 1.00, 35.48, 1.00, 0.00, 0.00, 30.87, 1.00, 0.00, 0.00, 66.79, 1.00, 2.97, 34.45, 30.17, 70.64, 30.12, 86.27, 20.03, 81.18, 19.92, 67.06, 32.63, 31.73, -999
05/10/16 11, 1.99, 5.22, 3.11, 4.31, 2.27, 5.34, 2.36, 96.95, 1.00, 96.97, 1.00, 0.00, 0.00, 35.25, 1.00, 0.00, 0.00, 0.00, 0.00, 50.19, 1.00, 35.11, 1.00, 0.00, 0.00, 30.75, 1.00, 0.00, 0.00, 70.60, 1.00, 2.98, 34.61, 29.42, 91.09, 29.49, 86.46, 20.26, 82.05, 20.15, 67.69, 32.32, 31.42, -999
05/10/16 12, 1.93, 5.06, 3.67, 4.46, 2.72, 5.50, 2.64, 96.53, 1.00, 96.55, 1.00, 0.00, 0.00, 34.35, 1.00, 0.00, 0.00, 0.00, 0.00, 50.28, 1.00, 34.60, 1.00, 0.00, 0.00, 31.04, 1.00, 0.00, 0.00, 72.80, 1.00, 2.98, 34.84, 29.34, 92.55, 29.41, 86.21, 20.46, 83.12, 20.34, 66.93, 32.24, 31.34, -999
05/10/16 13, 1.91, 5.05, 4.25, 4.09, 3.28, 5.50, 2.36, 97.27, 1.00, 97.29, 1.00, 0.00, 0.00, 36.58, 1.00, 0.00, 0.00, 0.00, 0.00, 0.00, 0.00, 35.26, 1.00, 0.00, 0.00, 29.83, 1.00, 0.00, 0.00, 63.70, 1.00, 2.97, 34.44, 30.42, 89.73, 30.53, 67.41, 20.25, 81.77, 20.15, 70.68, 32.89, 31.99, -999
05/10/16 14, 1.85, 5.33, 4.73, 3.05, 3.56, 5.50, 2.96, 96.84, 1.00, 96.86, 1.00, 0.00, 0.00, 35.80, 1.00, 0.00, 0.00, 0.00, 0.00, 0.00, 0.00, 34.72, 1.00, 0.00, 0.00, 30.17, 1.00, 0.00, 0.00, 62.81, 1.00, 2.98, 34.67, 30.70, 91.41, 30.81, 61.75, 20.43, 82.88, 20.32, 69.76, 33.16, 32.26, -999
05/10/16 15, 1.81, 5.22, 5.23, 2.99, 3.99, 5.50, 3.28, 96.65, 1.00, 96.67, 1.00, 0.00, 0.00, 35.56, 1.00, 0.00, 0.00, 0.00, 0.00, 50.70, 1.00, 34.93, 1.00, 0.00, 0.00, 29.81, 1.00, 0.00, 0.00, 71.23, 1.00, 2.98, 34.77, 29.40, 90.54, 29.47, 85.42, 20.56, 82.65, 20.46, 71.08, 32.32, 31.42, -999
05/10/16 16, 1.93, 5.34, 5.06, 3.15, 3.35, 5.50, 3.91, 95.95, 1.00, 95.97, 1.00, 0.00, 0.00, 0.00, 0.00, 0.00, 0.00, 0.00, 0.00, 50.53, 1.00, 0.00, 0.00, 0.00, 0.00, 31.18, 1.00, 0.00, 0.00, 70.62, 1.00, 2.98, 35.15, 30.48, 72.95, 30.44, 86.74, 27.37, 62.52, 27.26, 73.36, 32.96, 32.06, -999
05/10/16 17, 2.09, 5.51, 4.69, 3.52, 2.63, 5.50, 4.58, 92.34, 1.00, 92.36, 1.00, 0.00, 0.00, 0.00, 0.00, 0.00, 0.00, 0.00, 0.00, 49.97, 1.00, 0.00, 0.00, 0.00, 0.00, 31.79, 1.00, 0.00, 0.00, 0.00, 0.00, 2.98, 37.07, 28.52, 72.45, 28.48, 85.88, 29.03, 61.89, 28.92, 72.91, 40.34, 29.90, -999
05/10/16 18, 2.53, 4.98, 4.32, 3.73, 1.92, 5.30, 3.86, 89.95, 1.00, 89.96, 1.00, 0.00, 0.00, 0.00, 0.00, 0.00, 0.00, 0.00, 0.00, 49.83, 1.00, 0.00, 0.00, 0.00, 0.00, 0.00, 0.00, 0.00, 0.00, 0.00, 0.00, 2.98, 38.33, 28.00, 71.15, 27.96, 85.64, 33.46, 61.71, 33.46, 56.97, 42.26, 29.38, -999
05/10/16 19, 3.01, 4.45, 3.91, 3.87, 1.60, 4.90, 2.07, 91.78, 1.00, 91.80, 1.00, 0.00, 0.00, 0.00, 0.00, 0.00, 0.00, 0.00, 0.00, 49.79, 1.00, 36.48, 1.00, 0.00, 0.00, 31.69, 1.00, 0.00, 0.00, 0.00, 0.00, 2.98, 37.36, 27.48, 68.95, 27.44, 85.18, 22.14, 81.51, 22.02, 66.44, 40.52, 28.85, -999
05/10/16 20, 3.27, 3.92, 3.43, 3.88, 1.94, 4.99, 1.89, 93.89, 1.00, 93.91, 1.00, 0.00, 0.00, 0.00, 0.00, 0.00, 0.00, 0.00, 0.00, 49.34, 1.00, 35.94, 1.00, 0.00, 0.00, 31.50, 1.00, 0.00, 0.00, 0.00, 0.00, 2.98, 36.25, 26.98, 68.69, 26.94, 85.55, 21.41, 81.74, 21.29, 66.32, 39.44, 28.35, -999
05/10/16 21, 3.40, 3.37, 3.03, 4.02, 2.31, 5.08, 1.72, 93.46, 1.00, 93.48, 1.00, 0.00, 0.00, 35.12, 1.00, 0.00, 0.00, 0.00, 0.00, 47.98, 1.00, 36.39, 1.00, 0.00, 0.00, 31.63, 1.00, 0.00, 0.00, 0.00, 0.00, 2.98, 36.47, 23.18, 85.06, 23.24, 84.40, 21.52, 81.06, 21.41, 65.98, 39.70, 24.95, -999
05/10/16 22, 3.55, 2.50, 3.40, 4.02, 2.50, 5.10, 1.41, 93.25, 1.00, 93.26, 1.00, 0.00, 0.00, 34.80, 1.00, 0.00, 0.00, 0.00, 0.00, 48.09, 1.00, 35.88, 1.00, 0.00, 0.00, 31.71, 1.00, 0.00, 0.00, 0.00, 0.00, 2.98, 36.59, 22.32, 84.76, 22.39, 83.35, 21.80, 82.24, 21.68, 65.98, 39.87, 24.09, -999
05/10/16 23, 3.70, 1.62, 3.75, 3.64, 2.87, 5.13, 1.19, 92.72, 1.00, 92.73, 1.00, 0.00, 0.00, 33.39, 1.00, 0.00, 0.00, 0.00, 0.00, 47.37, 1.00, 36.18, 1.00, 0.00, 0.00, 31.64, 1.00, 0.00, 0.00, 0.00, 0.00, 2.98, 36.87, 21.69, 86.48, 21.75, 84.02, 22.06, 81.97, 21.94, 66.46, 40.20, 23.43, -999
06/10/16 00, 3.87, 0.76, 4.16, 3.72, 3.13, 5.24, 1.23, 92.18, 1.00, 92.20, 1.00, 0.00, 0.00, 32.67, 1.00, 0.00, 0.00, 0.00, 0.00, 46.95, 1.00, 35.24, 1.00, 0.00, 0.00, 31.72, 1.00, 0.00, 0.00, 0.00, 0.00, 2.98, 37.15, 20.97, 86.90, 21.02, 84.04, 22.62, 84.18, 22.50, 66.74, 40.55, 22.69, -999
06/10/16 01, 3.75, 0.66, 4.60, 3.88, 3.69, 5.37, 1.32, 95.81, 1.00, 95.83, 1.00, 0.00, 0.00, 34.00, 1.00, 0.00, 0.00, 0.00, 0.00, 47.99, 1.00, 35.01, 1.00, 0.00, 0.00, 31.21, 1.00, 0.00, 0.00, 107.05, 1.00, 2.98, 35.22, 25.60, 89.39, 25.67, 86.82, 21.56, 83.52, 21.44, 67.44, 28.69, 27.79, -999
06/10/16 02, 3.60, 0.93, 5.07, 4.35, 3.83, 5.50, 1.76, 95.19, 1.00, 95.20, 1.00, 0.00, 0.00, 33.09, 1.00, 0.00, 0.00, 0.00, 0.00, 47.46, 1.00, 0.00, 0.00, 0.00, 0.00, 31.21, 1.00, 0.00, 0.00, 107.78, 1.00, 2.98, 35.56, 25.97, 91.24, 26.03, 88.13, 28.62, 64.18, 28.50, 74.50, 29.05, 28.15, -999
06/10/16 03, 3.66, 1.60, 5.19, 3.75, 3.30, 5.50, 2.86, 93.55, 1.00, 93.56, 1.00, 0.00, 0.00, 0.00, 0.00, 0.00, 0.00, 0.00, 0.00, 0.00, 0.00, 0.00, 0.00, 0.00, 0.00, 30.44, 1.00, 0.00, 0.00, 82.21, 1.00, 2.98, 36.43, 31.13, 76.31, 31.13, 67.25, 29.35, 63.97, 29.24, 77.82, 33.49, 32.59, -999
06/10/16 04, 3.81, 2.37, 4.98, 3.17, 2.84, 5.50, 4.28, 93.78, 1.00, 93.80, 1.00, 0.00, 0.00, 0.00, 0.00, 0.00, 0.00, 0.00, 0.00, 48.80, 1.00, 0.00, 0.00, 0.00, 0.00, 30.63, 1.00, 0.00, 0.00, 96.62, 1.00, 2.98, 36.31, 28.86, 74.87, 28.82, 88.45, 29.28, 63.84, 29.17, 77.11, 31.48, 30.58, -999
06/10/16 05, 3.99, 2.89, 4.70, 3.89, 2.46, 5.36, 4.14, 93.72, 1.00, 93.74, 1.00, 0.00, 0.00, 0.00, 0.00, 0.00, 0.00, 0.00, 0.00, 48.18, 1.00, 0.00, 0.00, 0.00, 0.00, 0.00, 0.00, 0.00, 0.00, 95.25, 1.00, 2.98, 36.34, 29.33, 75.55, 29.29, 90.07, 32.02, 63.06, 32.02, 60.72, 31.94, 31.04, -999
06/10/16 06, 4.20, 3.49, 4.47, 4.27, 1.99, 5.12, 3.21, 92.91, 1.00, 92.92, 1.00, 0.00, 0.00, 0.00, 0.00, 0.00, 0.00, 0.00, 0.00, 0.00, 0.00, 0.00, 0.00, 0.00, 0.00, 0.00, 0.00, 0.00, 0.00, 77.22, 1.00, 2.98, 36.77, 32.52, 73.02, 32.52, 66.24, 32.55, 62.80, 32.55, 58.10, 34.84, 33.94, -999
06/10/16 07, 4.38, 4.28, 4.13, 3.06, 1.56, 5.11, 2.81, 93.84, 1.00, 93.86, 1.00, 0.00, 0.00, 0.00, 0.00, 0.00, 0.00, 0.00, 0.00, 0.00, 0.00, 0.00, 0.00, 0.00, 0.00, 32.50, 1.00, 0.00, 0.00, 70.29, 1.00, 2.98, 36.27, 32.67, 74.42, 32.67, 61.68, 29.33, 61.73, 29.21, 70.70, 34.96, 34.06, -999
06/10/16 08, 4.27, 4.68, 3.87, 3.03, 2.03, 5.42, 3.43, 95.34, 1.00, 95.36, 1.00, 0.00, 0.00, 0.00, 0.00, 0.00, 0.00, 0.00, 0.00, 50.83, 1.00, 35.97, 1.00, 0.00, 0.00, 31.25, 1.00, 0.00, 0.00, 81.01, 1.00, 2.98, 35.48, 30.19, 71.98, 30.15, 85.86, 21.73, 82.00, 21.62, 67.47, 32.74, 31.84, -999
06/10/16 09, 4.11, 4.99, 3.50, 3.24, 2.42, 5.50, 3.32, 95.87, 1.00, 95.89, 1.00, 0.00, 0.00, 0.00, 0.00, 0.00, 0.00, 0.00, 0.00, 50.95, 1.00, 35.87, 1.00, 0.00, 0.00, 30.86, 1.00, 0.00, 0.00, 77.16, 1.00, 2.98, 35.19, 30.34, 69.74, 30.30, 85.76, 21.50, 81.95, 21.38, 68.56, 32.86, 31.96, -999
06/10/16 10, 3.93, 5.26, 3.07, 3.39, 2.76, 5.50, 3.27, 95.64, 1.00, 95.66, 1.00, 0.00, 0.00, 0.00, 0.00, 0.00, 0.00, 0.00, 0.00, 50.84, 1.00, 35.68, 1.00, 0.00, 0.00, 30.75, 1.00, 0.00, 0.00, 75.95, 1.00, 2.98, 35.31, 30.57, 70.28, 30.53, 86.20, 21.64, 82.43, 21.52, 69.08, 33.08, 32.18, -999
06/10/16 11, 3.76, 5.26, 3.34, 3.59, 3.15, 5.50, 3.35, 95.42, 1.00, 95.44, 1.00, 0.00, 0.00, 36.44, 1.00, 0.00, 0.00, 0.00, 0.00, 49.82, 1.00, 35.24, 1.00, 0.00, 0.00, 30.32, 1.00, 0.00, 0.00, 80.65, 1.00, 2.98, 35.43, 29.60, 89.17, 29.68, 87.37, 21.91, 83.46, 21.80, 70.75, 32.58, 31.68, -999
06/10/16 12, 3.64, 5.20, 3.83, 4.05, 3.64, 5.50, 3.76, 96.34, 1.00, 96.35, 1.00, 0.00, 0.00, 35.88, 1.00, 0.00, 0.00, 0.00, 0.00, 49.99, 1.00, 35.11, 1.00, 0.00, 0.00, 29.73, 1.00, 0.00, 0.00, 77.24, 1.00, 2.98, 34.94, 29.52, 90.09, 29.59, 86.95, 21.56, 83.35, 21.46, 72.33, 32.46, 31.56, -999
06/10/16 13, 3.49, 5.11, 4.33, 4.35, 3.87, 5.50, 4.43, 95.40, 1.00, 95.42, 1.00, 0.00, 0.00, 36.08, 1.00, 0.00, 0.00, 0.00, 0.00, 49.01, 1.00, 0.00, 0.00, 0.00, 0.00, 31.04, 1.00, 0.00, 0.00, 81.84, 1.00, 2.98, 35.44, 29.49, 89.71, 29.57, 88.82, 28.48, 63.05, 28.37, 74.95, 32.46, 31.56, -999
06/10/16 14, 3.62, 5.42, 4.82, 3.70, 3.15, 5.32, 3.96, 94.65, 1.00, 94.67, 1.00, 0.00, 0.00, 36.19, 1.00, 0.00, 0.00, 0.00, 0.00, 0.00, 0.00, 0.00, 0.00, 0.00, 0.00, 0.00, 0.00, 0.00, 0.00, 75.31, 1.00, 2.98, 35.84, 31.35, 91.38, 31.47, 58.88, 31.59, 61.55, 31.59, 55.85, 33.88, 32.98, -999
06/10/16 15, 4.01, 4.94, 5.29, 2.68, 2.32, 5.04, 2.46, 90.02, 1.00, 90.04, 1.00, 0.00, 0.00, 32.72, 1.00, 0.00, 0.00, 0.00, 0.00, 49.13, 1.00, 0.00, 0.00, 0.00, 0.00, 33.34, 1.00, 0.00, 0.00, 0.00, 0.00, 2.98, 38.28, 24.89, 90.75, 24.95, 83.96, 30.73, 62.27, 30.60, 69.01, 42.17, 26.64, -999
06/10/16 16, 4.38, 4.32, 5.20, 2.79, 1.72, 5.29, 2.78, 90.45, 1.00, 90.47, 1.00, 0.00, 0.00, 0.00, 0.00, 0.00, 0.00, 0.00, 0.00, 49.95, 1.00, 0.00, 0.00, 0.00, 0.00, 33.19, 1.00, 0.00, 0.00, 0.00, 0.00, 2.98, 38.06, 27.34, 73.38, 27.30, 84.74, 30.70, 61.36, 30.58, 69.57, 42.01, 28.71, -999
06/10/16 17, 4.41, 3.79, 4.84, 2.92, 1.84, 5.50, 3.13, 112.30, 1.00, 0.00, 0.00, 0.00, 0.00, 0.00, 0.00, 0.00, 0.00, 0.00, 0.00, 49.51, 1.00, 35.96, 1.00, 0.00, 0.00, 30.54, 1.00, 0.00, 0.00, 0.00, 0.00, 2.99, 26.16, 26.84, 73.74, 26.80, 85.09, 22.57, 82.86, 22.46, 70.71, 38.60, 28.21, -999
06/10/16 18, 4.33, 3.27, 4.51, 3.14, 2.35, 5.50, 3.55, 112.93, 1.00, 0.00, 0.00, 0.00, 0.00, 0.00, 0.00, 0.00, 0.00, 0.00, 0.00, 49.07, 1.00, 35.83, 1.00, 0.00, 0.00, 30.32, 1.00, 0.00, 0.00, 0.00, 0.00, 2.99, 25.80, 26.35, 72.67, 26.31, 85.44, 22.34, 82.87, 22.23, 71.20, 38.30, 27.72, -999
06/10/16 19, 4.21, 2.75, 4.15, 3.43, 2.81, 5.50, 4.00, 112.91, 1.00, 0.00, 0.00, 0.00, 0.00, 0.00, 0.00, 0.00, 0.00, 0.00, 0.00, 49.66, 1.00, 35.99, 1.00, 0.00, 0.00, 30.72, 1.00, 0.00, 0.00, 0.00, 0.00, 2.99, 25.81, 25.79, 71.87, 25.75, 83.74, 22.17, 82.41, 22.06, 69.71, 38.27, 27.16, -999
06/10/16 20, 4.11, 2.22, 3.77, 3.14, 3.15, 5.50, 4.06, 114.38, 1.00, 0.00, 0.00, 0.00, 0.00, 0.00, 0.00, 0.00, 0.00, 0.00, 0.00, 49.71, 1.00, 36.04, 1.00, 0.00, 0.00, 30.81, 1.00, 0.00, 0.00, 0.00, 0.00, 2.99, 24.98, 25.26, 71.63, 25.22, 83.11, 21.36, 81.51, 21.25, 68.60, 37.56, 26.63, -999
06/10/16 21, 3.90, 1.69, 3.40, 2.66, 3.33, 5.50, 3.86, 113.92, 1.00, 0.00, 0.00, 0.00, 0.00, 0.00, 0.00, 0.00, 0.00, 0.00, 0.00, 49.49, 1.00, 35.75, 1.00, 0.00, 0.00, 30.73, 1.00, 0.00, 0.00, 0.00, 0.00, 2.99, 25.24, 24.74, 67.22, 24.70, 83.03, 21.65, 82.32, 21.54, 69.16, 37.73, 26.12, -999
06/10/16 22, 3.76, 1.17, 2.89, 2.43, 3.62, 5.50, 3.83, 114.18, 1.00, 0.00, 0.00, 0.00, 0.00, 34.24, 1.00, 0.00, 0.00, 0.00, 0.00, 47.90, 1.00, 35.51, 1.00, 0.00, 0.00, 31.06, 1.00, 0.00, 0.00, 0.00, 0.00, 2.99, 25.09, 21.09, 84.67, 21.15, 82.45, 21.46, 82.56, 21.35, 67.85, 37.56, 22.84, -999
06/10/16 23, 3.52, 0.50, 3.27, 2.36, 3.92, 5.50, 3.46, 120.26, 1.00, 0.00, 0.00, 0.00, 0.00, 35.33, 1.00, 0.00, 0.00, 0.00, 0.00, 49.55, 1.00, 34.33, 1.00, 0.00, 0.00, 30.22, 1.00, 0.00, 0.00, 84.59, 1.00, 2.99, 21.60, 24.90, 86.44, 24.97, 83.18, 18.56, 81.68, 18.45, 67.73, 27.88, 26.98, -999
07/10/16 00, 3.05, 0.53, 3.68, 2.27, 3.65, 5.50, 3.33, 118.37, 1.00, 0.00, 0.00, 0.00, 0.00, 33.30, 1.00, 0.00, 0.00, 0.00, 0.00, 49.46, 1.00, 0.00, 0.00, 0.00, 0.00, 31.20, 1.00, 0.00, 0.00, 92.98, 1.00, 2.99, 22.69, 25.06, 89.99, 25.12, 83.51, 26.12, 63.64, 26.00, 72.05, 28.05, 27.15, -999
07/10/16 01, 2.68, 0.63, 4.20, 2.31, 3.06, 5.50, 3.88, 117.55, 1.00, 0.00, 0.00, 0.00, 0.00, 33.64, 1.00, 0.00, 0.00, 0.00, 0.00, 49.47, 1.00, 0.00, 0.00, 0.00, 0.00, 30.95, 1.00, 0.00, 0.00, 95.08, 1.00, 2.99, 23.16, 25.19, 89.57, 25.25, 83.61, 26.50, 64.06, 26.39, 73.27, 28.20, 27.30, -999
07/10/16 02, 2.38, 0.75, 4.69, 2.35, 2.68, 5.50, 4.55, 117.41, 1.00, 0.00, 0.00, 0.00, 0.00, 33.00, 1.00, 0.00, 0.00, 0.00, 0.00, 48.39, 1.00, 0.00, 0.00, 0.00, 0.00, 30.35, 1.00, 0.00, 0.00, 94.34, 1.00, 2.99, 23.24, 25.35, 90.77, 25.41, 85.82, 26.59, 62.83, 26.48, 75.35, 28.34, 27.44, -999
07/10/16 03, 2.20, 0.91, 5.21, 2.88, 2.12, 5.28, 3.79, 116.52, 1.00, 0.00, 0.00, 0.00, 0.00, 32.39, 1.00, 0.00, 0.00, 0.00, 0.00, 47.53, 1.00, 0.00, 0.00, 0.00, 0.00, 0.00, 0.00, 0.00, 0.00, 96.77, 1.00, 2.99, 23.75, 25.62, 92.00, 25.68, 87.66, 29.44, 62.65, 29.44, 59.67, 28.61, 27.71, -999
07/10/16 04, 2.11, 1.28, 5.15, 3.64, 1.63, 4.99, 2.63, 116.52, 1.00, 0.00, 0.00, 0.00, 0.00, 0.00, 0.00, 0.00, 0.00, 0.00, 0.00, 48.20, 1.00, 0.00, 0.00, 0.00, 0.00, 0.00, 0.00, 0.00, 0.00, 87.22, 1.00, 2.99, 23.76, 27.25, 75.81, 27.21, 87.97, 29.45, 62.24, 29.45, 59.72, 29.81, 28.91, -999
07/10/16 05, 1.84, 1.62, 4.91, 4.28, 1.97, 5.21, 3.21, 118.31, 1.00, 0.00, 0.00, 0.00, 0.00, 0.00, 0.00, 0.00, 0.00, 0.00, 0.00, 46.71, 1.00, 34.37, 1.00, 0.00, 0.00, 29.81, 1.00, 0.00, 0.00, 77.15, 1.00, 2.99, 22.72, 27.18, 76.01, 27.14, 90.58, 19.66, 82.71, 19.55, 70.15, 29.67, 28.77, -999
07/10/16 06, 1.59, 2.20, 4.70, 4.02, 2.58, 5.50, 4.02, 118.15, 1.00, 0.00, 0.00, 0.00, 0.00, 0.00, 0.00, 0.00, 0.00, 0.00, 0.00, 0.00, 0.00, 34.37, 1.00, 0.00, 0.00, 28.05, 1.00, 0.00, 0.00, 57.50, 1.00, 2.99, 22.82, 29.53, 75.31, 29.53, 67.00, 20.13, 83.17, 20.04, 76.01, 31.76, 30.86, -999
07/10/16 07, 1.38, 2.77, 4.46, 3.03, 3.20, 5.45, 4.69, 119.11, 1.00, 0.00, 0.00, 0.00, 0.00, 0.00, 0.00, 0.00, 0.00, 0.00, 0.00, 50.19, 1.00, 35.88, 1.00, 0.00, 0.00, 0.00, 0.00, 0.00, 0.00, 68.10, 1.00, 2.99, 22.27, 27.86, 74.22, 27.82, 84.78, 24.82, 85.18, 24.82, 59.92, 30.32, 29.42, -999
07/10/16 08, 1.13, 2.95, 4.17, 3.10, 3.81, 5.16, 3.38, 118.45, 1.00, 0.00, 0.00, 0.00, 0.00, 0.00, 0.00, 0.00, 0.00, 0.00, 0.00, 50.22, 1.00, 35.59, 1.00, 0.00, 0.00, 0.00, 0.00, 0.00, 0.00, 68.89, 1.00, 2.99, 22.65, 28.06, 68.56, 28.02, 84.92, 25.15, 86.03, 25.15, 56.03, 30.53, 29.63, -999
07/10/16 09, 1.03, 3.17, 3.67, 3.18, 3.85, 5.05, 2.50, 98.43, 1.00, 98.44, 1.00, 0.00, 0.00, 0.00, 0.00, 0.00, 0.00, 0.00, 0.00, 50.06, 1.00, 0.00, 0.00, 0.00, 0.00, 32.47, 1.00, 0.00, 0.00, 73.85, 1.00, 2.97, 33.82, 28.44, 68.88, 28.40, 85.62, 25.74, 62.50, 25.62, 67.23, 30.94, 30.04, -999
07/10/16 10, 1.07, 3.42, 3.21, 3.40, 3.05, 5.18, 2.38, 98.38, 1.00, 98.40, 1.00, 0.00, 0.00, 0.00, 0.00, 0.00, 0.00, 0.00, 0.00, 50.02, 1.00, 0.00, 0.00, 0.00, 0.00, 32.39, 1.00, 0.00, 0.00, 72.49, 1.00, 2.97, 33.84, 28.65, 72.61, 28.61, 85.90, 25.79, 61.34, 25.66, 67.56, 31.13, 30.23, -999
07/10/16 11, 1.10, 3.57, 3.11, 3.63, 2.21, 5.35, 2.40, 98.25, 1.00, 98.27, 1.00, 0.00, 0.00, 36.25, 1.00, 0.00, 0.00, 0.00, 0.00, 49.56, 1.00, 0.00, 0.00, 0.00, 0.00, 32.32, 1.00, 0.00, 0.00, 75.95, 1.00, 2.97, 33.91, 27.87, 87.78, 27.94, 86.14, 25.86, 60.93, 25.74, 67.88, 30.80, 29.90, -999
07/10/16 12, 1.12, 3.47, 3.57, 3.91, 1.54, 5.50, 2.53, 97.56, 1.00, 97.58, 1.00, 0.00, 0.00, 35.64, 1.00, 0.00, 0.00, 0.00, 0.00, 49.32, 1.00, 34.72, 1.00, 0.00, 0.00, 30.56, 1.00, 0.00, 0.00, 78.31, 1.00, 2.97, 34.28, 27.82, 88.81, 27.89, 86.55, 19.72, 82.18, 19.61, 67.79, 30.76, 29.86, -999
07/10/16 13, 1.09, 3.40, 4.04, 4.23, 2.11, 5.50, 2.51, 98.61, 1.00, 98.63, 1.00, 0.00, 0.00, 34.82, 1.00, 0.00, 0.00, 0.00, 0.00, 49.75, 1.00, 34.91, 1.00, 0.00, 0.00, 30.62, 1.00, 0.00, 0.00, 74.84, 1.00, 2.97, 33.71, 27.72, 90.12, 27.79, 85.61, 19.16, 81.29, 19.05, 67.04, 30.63, 29.73, -999
07/10/16 14, 0.98, 3.30, 4.55, 4.27, 2.51, 5.50, 2.32, 98.73, 1.00, 98.75, 1.00, 0.00, 0.00, 34.96, 1.00, 0.00, 0.00, 0.00, 0.00, 49.26, 1.00, 34.59, 1.00, 0.00, 0.00, 29.91, 1.00, 0.00, 0.00, 74.85, 1.00, 2.97, 33.65, 27.63, 89.79, 27.69, 86.46, 19.32, 81.98, 19.21, 69.49, 30.53, 29.63, -999
07/10/16 15, 0.87, 3.20, 5.02, 4.52, 2.97, 5.50, 2.73, 98.16, 1.00, 98.18, 1.00, 0.00, 0.00, 35.38, 1.00, 0.00, 0.00, 0.00, 0.00, 0.00, 0.00, 34.70, 1.00, 0.00, 0.00, 30.13, 1.00, 0.00, 0.00, 69.63, 1.00, 2.97, 33.96, 28.89, 90.34, 29.00, 62.97, 19.42, 81.91, 19.31, 68.89, 31.38, 30.48, -999
07/10/16 16, 0.84, 3.62, 5.29, 2.94, 3.37, 5.50, 2.93, 98.66, 1.00, 98.68, 1.00, 0.00, 0.00, 0.00, 0.00, 0.00, 0.00, 0.00, 0.00, 49.92, 1.00, 34.62, 1.00, 0.00, 0.00, 29.76, 1.00, 0.00, 0.00, 68.95, 1.00, 2.97, 33.69, 28.74, 72.11, 28.69, 86.19, 19.30, 81.93, 19.19, 69.96, 31.20, 30.30, -999
07/10/16 17, 0.76, 3.81, 4.88, 3.31, 3.72, 5.50, 3.33, 98.05, 1.00, 98.07, 1.00, 0.00, 0.00, 0.00, 0.00, 0.00, 0.00, 0.00, 0.00, 49.77, 1.00, 34.20, 1.00, 0.00, 0.00, 29.48, 1.00, 0.00, 0.00, 69.38, 1.00, 2.97, 34.02, 28.95, 73.60, 28.91, 86.70, 19.68, 83.01, 19.57, 71.22, 31.42, 30.52, -999
07/10/16 18, 0.78, 4.02, 4.54, 3.71, 3.92, 5.50, 3.92, 97.94, 1.00, 97.96, 1.00, 0.00, 0.00, 0.00, 0.00, 0.00, 0.00, 0.00, 0.00, 49.85, 1.00, 0.00, 0.00, 0.00, 0.00, 31.13, 1.00, 0.00, 0.00, 69.34, 1.00, 2.97, 34.08, 29.15, 71.72, 29.11, 86.74, 25.96, 63.34, 25.85, 72.11, 31.62, 30.72, -999
07/10/16 19, 0.89, 4.23, 4.14, 4.05, 3.24, 5.50, 4.39, 97.26, 1.00, 97.28, 1.00, 0.00, 0.00, 0.00, 0.00, 0.00, 0.00, 0.00, 0.00, 50.25, 1.00, 0.00, 0.00, 0.00, 0.00, 31.58, 1.00, 0.00, 0.00, 70.83, 1.00, 2.97, 34.44, 29.39, 67.57, 29.35, 86.20, 26.23, 62.15, 26.11, 70.85, 31.87, 30.97, -999
07/10/16 20, 1.03, 4.44, 3.62, 4.20, 2.48, 5.50, 4.53, 98.46, 1.00, 98.48, 1.00, 0.00, 0.00, 0.00, 0.00, 0.00, 0.00, 0.00, 0.00, 50.62, 1.00, 0.00, 0.00, 0.00, 0.00, 31.03, 1.00, 0.00, 0.00, 65.29, 1.00, 2.97, 33.80, 29.44, 71.00, 29.40, 85.52, 25.93, 60.85, 25.82, 72.43, 31.89, 30.99, -999
07/10/16 21, 1.11, 4.61, 3.23, 4.10, 1.64, 5.40, 4.40, 97.75, 1.00, 97.77, 1.00, 0.00, 0.00, 0.00, 0.00, 0.00, 0.00, 0.00, 0.00, 50.61, 1.00, 0.00, 0.00, 0.00, 0.00, 0.00, 0.00, 0.00, 0.00, 68.46, 1.00, 2.97, 34.18, 29.68, 69.19, 29.64, 85.77, 29.09, 59.75, 29.09, 53.05, 32.15, 31.25, -999
07/10/16 22, 1.14, 4.67, 3.01, 4.09, 1.77, 5.00, 2.38, 97.91, 1.00, 97.93, 1.00, 0.00, 0.00, 36.42, 1.00, 0.00, 0.00, 0.00, 0.00, 50.59, 1.00, 35.65, 1.00, 0.00, 0.00, 30.78, 1.00, 0.00, 0.00, 69.00, 1.00, 2.97, 34.09, 28.76, 88.37, 28.84, 85.02, 19.26, 80.10, 19.15, 66.60, 31.68, 30.78, -999
07/10/16 23, 1.08, 4.48, 3.49, 3.87, 1.99, 5.13, 2.29, 98.49, 1.00, 98.51, 1.00, 0.00, 0.00, 35.80, 1.00, 0.00, 0.00, 0.00, 0.00, 50.35, 1.00, 34.73, 1.00, 0.00, 0.00, 30.63, 1.00, 0.00, 0.00, 67.99, 1.00, 2.97, 33.78, 28.59, 89.30, 28.66, 85.30, 19.24, 81.68, 19.13, 67.08, 31.48, 30.58, -999
08/10/16 00, 0.99, 4.29, 3.98, 3.84, 2.46, 5.29, 2.40, 98.08, 1.00, 98.10, 1.00, 0.00, 0.00, 35.60, 1.00, 0.00, 0.00, 0.00, 0.00, 50.05, 1.00, 34.81, 1.00, 0.00, 0.00, 30.65, 1.00, 0.00, 0.00, 70.37, 1.00, 2.97, 34.00, 28.48, 89.54, 28.55, 85.80, 19.36, 81.65, 19.25, 67.12, 31.38, 30.48, -999
08/10/16 01, 0.93, 4.13, 4.46, 3.97, 2.87, 5.45, 2.47, 97.39, 1.00, 97.41, 1.00, 0.00, 0.00, 34.04, 1.00, 0.00, 0.00, 0.00, 0.00, 48.76, 1.00, 34.29, 1.00, 0.00, 0.00, 30.34, 1.00, 0.00, 0.00, 73.27, 1.00, 2.97, 34.37, 28.48, 92.19, 28.54, 88.25, 19.80, 82.99, 19.69, 68.61, 31.35, 30.45, -999
08/10/16 02, 0.95, 4.04, 5.01, 4.57, 3.43, 5.50, 3.17, 97.25, 1.00, 97.27, 1.00, 0.00, 0.00, 34.39, 1.00, 0.00, 0.00, 0.00, 0.00, 0.00, 0.00, 34.28, 1.00, 0.00, 0.00, 28.93, 1.00, 0.00, 0.00, 67.09, 1.00, 2.97, 34.45, 29.66, 92.81, 29.77, 66.31, 20.18, 83.38, 20.08, 73.44, 32.13, 31.23, -999
08/10/16 03, 1.01, 4.44, 5.36, 3.34, 3.98, 5.50, 4.12, 96.37, 1.00, 96.39, 1.00, 0.00, 0.00, 0.00, 0.00, 0.00, 0.00, 0.00, 0.00, 0.00, 0.00, 33.99, 1.00, 0.00, 0.00, 28.58, 1.00, 0.00, 0.00, 55.39, 1.00, 2.98, 34.92, 31.62, 75.83, 31.62, 66.69, 20.70, 84.37, 20.60, 75.00, 33.84, 32.94, -999
08/10/16 04, 1.22, 4.87, 5.11, 3.14, 3.76, 5.44, 4.69, 94.95, 1.00, 94.97, 1.00, 0.00, 0.00, 0.00, 0.00, 0.00, 0.00, 0.00, 0.00, 48.45, 1.00, 0.00, 0.00, 0.00, 0.00, 0.00, 0.00, 0.00, 0.00, 77.31, 1.00, 2.98, 35.68, 30.35, 76.48, 30.31, 90.60, 30.20, 64.66, 30.20, 60.82, 32.85, 31.95, -999
08/10/16 05, 1.55, 5.18, 4.91, 4.12, 3.36, 5.20, 3.63, 95.28, 1.00, 95.30, 1.00, 0.00, 0.00, 0.00, 0.00, 0.00, 0.00, 0.00, 0.00, 49.51, 1.00, 0.00, 0.00, 0.00, 0.00, 0.00, 0.00, 0.00, 0.00, 74.89, 1.00, 2.98, 35.50, 30.51, 75.23, 30.47, 88.76, 30.24, 64.04, 30.24, 59.34, 33.00, 32.10, -999
08/10/16 06, 1.89, 5.50, 4.65, 4.11, 2.90, 4.90, 2.43, 91.09, 1.00, 91.11, 1.00, 0.00, 0.00, 0.00, 0.00, 0.00, 0.00, 0.00, 0.00, 0.00, 0.00, 0.00, 0.00, 0.00, 0.00, 32.68, 1.00, 0.00, 0.00, 0.00, 0.00, 2.98, 37.73, 30.50, 74.25, 30.50, 67.62, 29.42, 62.94, 29.30, 70.15, 41.04, 31.69, -999
08/10/16 07, 2.33, 5.50, 4.36, 3.09, 2.32, 5.22, 3.08, 89.53, 1.00, 89.54, 1.00, 0.00, 0.00, 0.00, 0.00, 0.00, 0.00, 0.00, 0.00, 0.00, 0.00, 0.00, 0.00, 0.00, 0.00, 33.02, 1.00, 0.00, 0.00, 0.00, 0.00, 2.98, 38.55, 30.50, 73.37, 30.50, 65.11, 30.31, 61.87, 30.19, 69.78, 42.09, 31.69, -999
08/10/16 08, 2.80, 5.11, 4.03, 3.15, 1.65, 5.50, 3.49, 90.98, 1.00, 91.00, 1.00, 0.00, 0.00, 0.00, 0.00, 0.00, 0.00, 0.00, 0.00, 49.80, 1.00, 0.00, 0.00, 0.00, 0.00, 31.97, 1.00, 0.00, 0.00, 0.00, 0.00, 2.98, 37.78, 28.13, 71.97, 28.09, 85.83, 29.96, 60.99, 29.84, 73.21, 41.32, 29.51, -999
08/10/16 09, 3.08, 4.58, 3.67, 3.43, 1.87, 5.50, 4.02, 93.16, 1.00, 93.18, 1.00, 0.00, 0.00, 0.00, 0.00, 0.00, 0.00, 0.00, 0.00, 50.06, 1.00, 36.09, 1.00, 0.00, 0.00, 30.38, 1.00, 0.00, 0.00, 0.00, 0.00, 2.98, 36.63, 27.59, 72.38, 27.55, 84.77, 21.93, 81.99, 21.82, 70.60, 39.78, 28.96, -999
08/10/16 10, 3.27, 4.05, 3.33, 3.41, 2.26, 5.50, 4.28, 93.24, 1.00, 93.26, 1.00, 0.00, 0.00, 0.00, 0.00, 0.00, 0.00, 0.00, 0.00, 49.89, 1.00, 35.97, 1.00, 0.00, 0.00, 30.87, 1.00, 0.00, 0.00, 0.00, 0.00, 2.98, 36.59, 27.07, 68.66, 27.03, 84.58, 21.87, 82.15, 21.76, 68.90, 39.79, 28.44, -999
08/10/16 11, 3.44, 3.43, 3.08, 3.36, 2.64, 5.50, 4.09, 92.08, 1.00, 92.10, 1.00, 0.00, 0.00, 33.89, 1.00, 0.00, 0.00, 0.00, 0.00, 48.30, 1.00, 36.00, 1.00, 0.00, 0.00, 30.51, 1.00, 0.00, 0.00, 0.00, 0.00, 2.98, 37.20, 23.34, 87.31, 23.40, 83.97, 22.60, 82.83, 22.49, 70.82, 40.48, 25.09, -999
08/10/16 12, 3.66, 2.56, 3.53, 3.38, 3.06, 5.50, 4.37, 92.35, 1.00, 92.37, 1.00, 0.00, 0.00, 33.50, 1.00, 0.00, 0.00, 0.00, 0.00, 47.83, 1.00, 35.87, 1.00, 0.00, 0.00, 30.68, 1.00, 0.00, 0.00, 0.00, 0.00, 2.98, 37.06, 22.57, 87.18, 22.63, 84.06, 22.56, 83.02, 22.45, 70.23, 40.40, 24.31, -999
08/10/16 13, 3.86, 1.70, 3.97, 3.47, 3.46, 5.50, 4.47, 91.86, 1.00, 91.87, 1.00, 0.00, 0.00, 32.62, 1.00, 0.00, 0.00, 0.00, 0.00, 47.34, 1.00, 35.89, 1.00, 0.00, 0.00, 30.24, 1.00, 0.00, 0.00, 0.00, 0.00, 2.98, 37.32, 21.86, 87.88, 21.92, 84.23, 22.99, 83.41, 22.89, 72.12, 40.74, 23.59, -999
08/10/16 14, 4.10, 0.85, 4.42, 3.63, 3.87, 5.40, 4.30, 89.82, 1.00, 89.84, 1.00, 0.00, 0.00, 32.47, 1.00, 0.00, 0.00, 0.00, 0.00, 46.75, 1.00, 37.98, 1.00, 0.00, 0.00, 0.00, 0.00, 0.00, 0.00, 0.00, 0.00, 2.98, 38.39, 21.10, 87.36, 21.16, 84.52, 30.18, 86.69, 30.18, 57.66, 42.26, 22.82, -999
08/10/16 15, 4.35, 0.60, 4.86, 3.91, 3.46, 5.01, 2.56, 94.55, 1.00, 94.57, 1.00, 0.00, 0.00, 33.92, 1.00, 0.00, 0.00, 0.00, 0.00, 48.65, 1.00, 0.00, 0.00, 0.00, 0.00, 0.00, 0.00, 0.00, 0.00, 113.27, 1.00, 2.98, 35.89, 25.76, 89.68, 25.82, 85.75, 31.89, 63.16, 31.89, 56.32, 28.90, 28.00, -999
08/10/16 16, 4.31, 0.93, 5.28, 4.16, 2.82, 5.10, 2.42, 95.10, 1.00, 95.11, 1.00, 0.00, 0.00, 0.00, 0.00, 0.00, 0.00, 0.00, 0.00, 49.51, 1.00, 0.00, 0.00, 0.00, 0.00, 32.90, 1.00, 0.00, 0.00, 101.25, 1.00, 2.98, 35.60, 27.67, 73.75, 27.63, 85.92, 28.84, 62.48, 28.71, 68.74, 30.33, 29.43, -999
08/10/16 17, 4.23, 1.47, 4.93, 4.30, 2.17, 5.34, 2.72, 94.73, 1.00, 94.75, 1.00, 0.00, 0.00, 0.00, 0.00, 0.00, 0.00, 0.00, 0.00, 49.58, 1.00, 0.00, 0.00, 0.00, 0.00, 32.72, 1.00, 0.00, 0.00, 99.50, 1.00, 2.98, 35.80, 28.08, 73.56, 28.04, 86.20, 28.95, 61.58, 28.82, 69.51, 30.73, 29.83, -999
08/10/16 18, 4.20, 1.99, 4.59, 4.47, 1.48, 5.50, 3.27, 95.32, 1.00, 95.34, 1.00, 0.00, 0.00, 0.00, 0.00, 0.00, 0.00, 0.00, 0.00, 49.13, 1.00, 35.97, 1.00, 0.00, 0.00, 30.26, 1.00, 0.00, 0.00, 94.55, 1.00, 2.98, 35.48, 28.32, 72.62, 28.28, 87.30, 21.99, 82.27, 21.88, 71.03, 30.93, 30.03, -999
08/10/16 19, 4.08, 2.72, 4.22, 3.59, 1.97, 5.50, 3.75, 95.07, 1.00, 95.09, 1.00, 0.00, 0.00, 0.00, 0.00, 0.00, 0.00, 0.00, 0.00, 0.00, 0.00, 36.13, 1.00, 0.00, 0.00, 30.55, 1.00, 0.00, 0.00, 73.64, 1.00, 2.98, 35.62, 31.41, 71.01, 31.41, 62.03, 21.92, 81.91, 21.81, 70.02, 33.71, 32.81, -999
08/10/16 20, 3.93, 3.30, 3.81, 2.87, 2.34, 5.50, 3.94, 96.09, 1.00, 96.11, 1.00, 0.00, 0.00, 0.00, 0.00, 0.00, 0.00, 0.00, 0.00, 50.54, 1.00, 35.94, 1.00, 0.00, 0.00, 30.48, 1.00, 0.00, 0.00, 85.63, 1.00, 2.98, 35.07, 29.05, 70.06, 29.00, 85.27, 21.40, 81.72, 21.29, 69.73, 31.61, 30.71, -999
08/10/16 21, 3.74, 3.66, 3.38, 3.03, 2.66, 5.50, 4.04, 96.81, 1.00, 96.83, 1.00, 0.00, 0.00, 0.00, 0.00, 0.00, 0.00, 0.00, 0.00, 50.89, 1.00, 35.92, 1.00, 0.00, 0.00, 30.43, 1.00, 0.00, 0.00, 81.11, 1.00, 2.98, 34.69, 29.18, 69.63, 29.14, 84.71, 20.93, 81.30, 20.83, 69.42, 31.72, 30.82, -999
08/10/16 22, 3.51, 3.97, 2.95, 3.00, 2.89, 5.50, 4.06, 96.95, 1.00, 96.97, 1.00, 0.00, 0.00, 37.34, 1.00, 0.00, 0.00, 0.00, 0.00, 50.93, 1.00, 35.72, 1.00, 0.00, 0.00, 30.85, 1.00, 0.00, 0.00, 83.18, 1.00, 2.98, 34.61, 28.30, 86.24, 28.37, 83.87, 20.73, 81.45, 20.62, 67.83, 31.31, 30.41, -999
08/10/16 23, 3.30, 3.91, 3.35, 2.68, 3.13, 5.50, 3.66, 96.54, 1.00, 96.56, 1.00, 0.00, 0.00, 36.72, 1.00, 0.00, 0.00, 0.00, 0.00, 50.96, 1.00, 35.54, 1.00, 0.00, 0.00, 30.86, 1.00, 0.00, 0.00, 84.72, 1.00, 2.98, 34.83, 28.26, 87.33, 28.34, 83.77, 20.93, 81.96, 20.82, 68.01, 31.28, 30.38, -999
09/10/16 00, 3.12, 3.88, 3.78, 2.45, 3.42, 5.50, 3.41, 95.93, 1.00, 95.95, 1.00, 0.00, 0.00, 35.15, 1.00, 0.00, 0.00, 0.00, 0.00, 50.07, 1.00, 34.82, 1.00, 0.00, 0.00, 29.68, 1.00, 0.00, 0.00, 87.02, 1.00, 2.98, 35.16, 28.28, 90.12, 28.35, 85.55, 21.66, 83.94, 21.56, 72.59, 31.27, 30.37, -999
09/10/16 01, 3.01, 3.90, 4.29, 2.78, 3.97, 5.50, 4.15, 95.26, 1.00, 95.28, 1.00, 0.00, 0.00, 33.93, 1.00, 0.00, 0.00, 0.00, 0.00, 49.15, 1.00, 34.55, 1.00, 0.00, 0.00, 29.29, 1.00, 0.00, 0.00, 88.95, 1.00, 2.98, 35.52, 28.36, 92.27, 28.42, 87.40, 22.08, 84.82, 21.97, 74.22, 31.33, 30.43, -999
09/10/16 02, 3.12, 3.99, 4.85, 3.40, 3.75, 5.41, 4.35, 94.17, 1.00, 94.19, 1.00, 0.00, 0.00, 33.58, 1.00, 0.00, 0.00, 0.00, 0.00, 48.57, 1.00, 0.00, 0.00, 0.00, 0.00, 0.00, 0.00, 0.00, 0.00, 94.49, 1.00, 2.98, 36.10, 28.56, 93.04, 28.62, 88.68, 31.38, 64.32, 31.38, 59.96, 31.56, 30.66, -999
09/10/16 03, 3.36, 4.18, 5.25, 4.14, 3.27, 5.12, 3.13, 92.90, 1.00, 92.91, 1.00, 0.00, 0.00, 0.00, 0.00, 0.00, 0.00, 0.00, 0.00, 48.61, 1.00, 0.00, 0.00, 0.00, 0.00, 0.00, 0.00, 0.00, 0.00, 90.82, 1.00, 2.98, 36.77, 30.32, 76.72, 30.28, 90.27, 32.02, 64.05, 32.02, 60.24, 32.91, 32.01, -999
09/10/16 04, 3.68, 4.80, 5.06, 4.15, 2.83, 4.88, 2.38, 92.56, 1.00, 92.58, 1.00, 0.00, 0.00, 0.00, 0.00, 0.00, 0.00, 0.00, 0.00, 0.00, 0.00, 0.00, 0.00, 0.00, 0.00, 32.05, 1.00, 0.00, 0.00, 70.33, 1.00, 2.98, 36.95, 33.19, 76.58, 33.19, 69.48, 29.57, 63.97, 29.45, 72.55, 35.48, 34.58, -999
09/10/16 05, 3.92, 5.50, 4.88, 3.42, 2.49, 5.31, 3.54, 87.12, 1.00, 87.13, 1.00, 0.00, 0.00, 0.00, 0.00, 0.00, 0.00, 0.00, 0.00, 0.00, 0.00, 0.00, 0.00, 0.00, 0.00, 32.51, 1.00, 0.00, 0.00, 0.00, 0.00, 2.98, 39.80, 30.50, 76.30, 30.50, 68.78, 32.22, 63.56, 32.10, 73.54, 43.91, 31.69, -999
09/10/16 06, 4.42, 5.37, 4.68, 3.10, 2.13, 5.49, 4.74, 85.47, 1.00, 85.49, 1.00, 0.00, 0.00, 0.00, 0.00, 0.00, 0.00, 0.00, 0.00, 48.58, 1.00, 0.00, 0.00, 0.00, 0.00, 0.00, 0.00, 0.00, 0.00, 0.00, 0.00, 2.98, 40.64, 28.49, 75.41, 28.45, 88.50, 36.34, 62.79, 36.34, 61.07, 45.40, 29.85, -999
09/10/16 07, 4.80, 4.86, 4.45, 3.85, 1.67, 5.26, 3.75, 109.37, 1.00, 0.00, 0.00, 0.00, 0.00, 0.00, 0.00, 0.00, 0.00, 0.00, 0.00, 48.63, 1.00, 0.00, 0.00, 0.00, 0.00, 0.00, 0.00, 0.00, 0.00, 0.00, 0.00, 2.99, 27.81, 27.97, 74.75, 27.93, 87.89, 33.35, 62.02, 33.35, 59.24, 40.39, 29.34, -999
09/10/16 08, 4.46, 4.34, 4.19, 4.43, 1.98, 4.96, 2.51, 111.66, 1.00, 0.00, 0.00, 0.00, 0.00, 0.00, 0.00, 0.00, 0.00, 0.00, 0.00, 48.93, 1.00, 35.78, 1.00, 0.00, 0.00, 31.25, 1.00, 0.00, 0.00, 0.00, 0.00, 2.99, 26.52, 27.43, 73.02, 27.40, 86.78, 22.90, 83.51, 22.79, 68.64, 39.06, 28.80, -999
09/10/16 09, 4.60, 4.22, 3.86, 3.47, 2.56, 5.23, 2.95, 90.26, 1.00, 90.27, 1.00, 0.00, 0.00, 0.00, 0.00, 0.00, 0.00, 0.00, 0.00, 0.00, 0.00, 36.18, 1.00, 0.00, 0.00, 31.62, 1.00, 0.00, 0.00, 0.00, 0.00, 2.98, 38.16, 29.22, 71.32, 29.22, 62.56, 23.87, 83.77, 23.75, 68.34, 41.97, 30.41, 1
09/10/16 10, 4.81, 3.96, 3.47, 2.80, 3.07, 5.45, 3.16, 91.00, 1.00, 91.01, 1.00, 0.00, 0.00, 0.00, 0.00, 0.00, 0.00, 0.00, 0.00, 49.93, 1.00, 36.38, 1.00, 0.00, 0.00, 31.75, 1.00, 0.00, 0.00, 0.00, 0.00, 2.98, 37.78, 26.98, 70.75, 26.94, 84.42, 23.52, 83.07, 23.40, 67.56, 41.63, 28.35, 1
09/10/16 11, 4.97, 3.43, 3.08, 2.86, 3.42, 5.50, 3.13, 90.60, 1.00, 90.61, 1.00, 0.00, 0.00, 0.00, 0.00, 0.00, 0.00, 0.00, 0.00, 49.81, 1.00, 36.33, 1.00, 0.00, 0.00, 31.19, 1.00, 0.00, 0.00, 0.00, 0.00, 2.98, 37.98, 26.46, 69.31, 26.41, 84.13, 23.94, 83.57, 23.83, 69.89, 41.90, 27.83, 1
09/10/16 12, 5.14, 2.61, 3.34, 2.82, 3.80, 5.50, 3.36, 90.31, 1.00, 90.32, 1.00, 0.00, 0.00, 33.62, 1.00, 0.00, 0.00, 0.00, 0.00, 48.38, 1.00, 36.42, 1.00, 0.00, 0.00, 31.18, 1.00, 0.00, 0.00, 0.00, 0.00, 2.98, 38.14, 22.54, 86.96, 22.60, 83.02, 24.13, 83.60, 24.02, 70.12, 42.10, 24.29, 1
09/10/16 13, 5.37, 1.74, 3.77, 2.70, 3.68, 5.50, 3.64, 89.29, 1.00, 89.31, 1.00, 0.00, 0.00, 33.45, 1.00, 0.00, 0.00, 0.00, 0.00, 47.90, 1.00, 0.00, 0.00, 0.00, 0.00, 33.09, 1.00, 0.00, 0.00, 0.00, 0.00, 2.98, 38.67, 21.75, 86.44, 21.81, 83.11, 31.91, 62.12, 31.78, 71.11, 43.06, 23.49, 1
09/10/16 14, 5.66, 0.88, 4.18, 2.72, 2.86, 5.50, 3.83, 88.47, 1.00, 88.48, 1.00, 0.00, 0.00, 33.43, 1.00, 0.00, 0.00, 0.00, 0.00, 47.58, 1.00, 0.00, 0.00, 0.00, 0.00, 33.07, 1.00, 0.00, 0.00, 0.00, 0.00, 2.98, 39.10, 20.93, 85.65, 20.99, 82.86, 32.43, 61.79, 32.30, 71.72, 43.61, 22.67, 1
09/10/16 15, 5.73, 0.64, 4.56, 2.75, 2.10, 5.50, 4.07, 93.72, 1.00, 93.73, 1.00, 0.00, 0.00, 35.35, 1.00, 0.00, 0.00, 0.00, 0.00, 49.37, 1.00, 0.00, 0.00, 0.00, 0.00, 32.21, 1.00, 0.00, 0.00, 118.23, 1.00, 2.98, 36.34, 25.90, 87.40, 25.96, 84.52, 30.38, 60.82, 30.26, 72.80, 29.11, 28.21, 1
09/10/16 16, 5.50, 0.97, 4.97, 2.91, 1.60, 5.50, 4.50, 95.66, 1.00, 95.68, 1.00, 0.00, 0.00, 35.34, 1.00, 0.00, 0.00, 0.00, 0.00, 49.75, 1.00, 36.50, 1.00, 0.00, 0.00, 30.71, 1.00, 0.00, 0.00, 109.39, 1.00, 2.98, 35.30, 25.84, 87.37, 25.91, 83.74, 21.99, 81.31, 21.88, 69.57, 28.99, 28.09, 1
09/10/16 17, 5.14, 1.22, 5.35, 2.80, 1.90, 5.50, 4.43, 95.16, 1.00, 95.18, 1.00, 0.00, 0.00, 0.00, 0.00, 0.00, 0.00, 0.00, 0.00, 50.50, 1.00, 36.56, 1.00, 0.00, 0.00, 31.14, 1.00, 0.00, 0.00, 100.83, 1.00, 2.98, 35.57, 27.85, 71.06, 27.81, 84.16, 22.12, 81.34, 22.01, 68.24, 30.52, 29.62, 1
09/10/16 18, 4.84, 1.74, 4.90, 2.73, 2.16, 5.50, 4.02, 95.10, 1.00, 95.11, 1.00, 0.00, 0.00, 0.00, 0.00, 0.00, 0.00, 0.00, 0.00, 50.84, 1.00, 36.39, 1.00, 0.00, 0.00, 31.10, 1.00, 0.00, 0.00, 98.34, 1.00, 2.98, 35.60, 28.19, 69.11, 28.15, 83.83, 22.15, 81.68, 22.03, 68.41, 30.84, 29.94, 1
09/10/16 19, 4.58, 2.23, 4.40, 2.52, 2.45, 5.50, 3.75, 95.78, 1.00, 95.80, 1.00, 0.00, 0.00, 0.00, 0.00, 0.00, 0.00, 0.00, 0.00, 50.93, 1.00, 36.22, 1.00, 0.00, 0.00, 30.73, 1.00, 0.00, 0.00, 93.76, 1.00, 2.98, 35.24, 28.40, 70.89, 28.35, 83.86, 21.79, 81.62, 21.68, 69.29, 31.02, 30.12, 1
09/10/16 20, 4.30, 2.68, 3.98, 2.38, 2.72, 5.50, 3.78, 95.30, 1.00, 95.32, 1.00, 0.00, 0.00, 0.00, 0.00, 0.00, 0.00, 0.00, 0.00, 50.91, 1.00, 35.67, 1.00, 0.00, 0.00, 30.90, 1.00, 0.00, 0.00, 92.63, 1.00, 2.98, 35.50, 28.77, 68.73, 28.73, 84.26, 22.11, 82.91, 21.99, 69.04, 31.39, 30.49, 1
09/10/16 21, 4.08, 3.11, 3.50, 2.39, 3.16, 5.50, 3.72, 95.38, 1.00, 95.40, 1.00, 0.00, 0.00, 0.00, 0.00, 0.00, 0.00, 0.00, 0.00, 50.99, 1.00, 35.85, 1.00, 0.00, 0.00, 30.87, 1.00, 0.00, 0.00, 89.91, 1.00, 2.98, 35.45, 29.05, 69.15, 29.01, 84.38, 21.95, 82.43, 21.84, 68.98, 31.64, 30.74, 1
09/10/16 22, 3.87, 3.51, 3.05, 2.42, 3.48, 5.50, 3.67, 95.80, 1.00, 95.82, 1.00, 0.00, 0.00, 0.00, 0.00, 0.00, 0.00, 0.00, 0.00, 50.98, 1.00, 35.46, 1.00, 0.00, 0.00, 31.04, 1.00, 0.00, 0.00, 86.23, 1.00, 2.98, 35.23, 29.26, 68.65, 29.22, 84.61, 21.70, 82.87, 21.58, 68.17, 31.83, 30.93, 1
09/10/16 23, 3.64, 3.58, 3.39, 2.47, 3.85, 5.50, 3.44, 95.77, 1.00, 95.78, 1.00, 0.00, 0.00, 35.39, 1.00, 0.00, 0.00, 0.00, 0.00, 50.30, 1.00, 35.19, 1.00, 0.00, 0.00, 30.52, 1.00, 0.00, 0.00, 91.83, 1.00, 2.98, 35.25, 28.01, 89.44, 28.08, 84.82, 21.85, 83.49, 21.74, 70.05, 31.04, 30.14, 1
10/10/16 00, 3.51, 3.66, 3.89, 2.65, 3.71, 5.50, 3.76, 95.22, 1.00, 95.24, 1.00, 0.00, 0.00, 34.87, 1.00, 0.00, 0.00, 0.00, 0.00, 50.29, 1.00, 0.00, 0.00, 0.00, 0.00, 31.16, 1.00, 0.00, 0.00, 94.12, 1.00, 2.98, 35.54, 28.13, 90.45, 28.20, 84.97, 28.88, 62.69, 28.76, 74.95, 31.17, 30.27, 1
10/10/16 01, 3.47, 3.75, 4.41, 2.83, 2.96, 5.50, 4.67, 94.21, 1.00, 94.23, 1.00, 0.00, 0.00, 34.81, 1.00, 0.00, 0.00, 0.00, 0.00, 49.34, 1.00, 0.00, 0.00, 0.00, 0.00, 30.73, 1.00, 0.00, 0.00, 96.34, 1.00, 2.98, 36.08, 28.29, 90.72, 28.36, 86.98, 29.21, 62.72, 29.10, 76.71, 31.33, 30.43, 1
10/10/16 02, 3.64, 3.91, 4.92, 3.37, 2.33, 5.25, 3.65, 93.69, 1.00, 93.71, 1.00, 0.00, 0.00, 33.79, 1.00, 0.00, 0.00, 0.00, 0.00, 49.16, 1.00, 0.00, 0.00, 0.00, 0.00, 0.00, 0.00, 0.00, 0.00, 98.30, 1.00, 2.98, 36.35, 28.54, 92.67, 28.60, 87.55, 32.10, 62.36, 32.10, 58.90, 31.57, 30.67, 1
10/10/16 03, 3.83, 4.16, 5.22, 3.94, 1.75, 4.93, 2.32, 93.35, 1.00, 93.36, 1.00, 0.00, 0.00, 0.00, 0.00, 0.00, 0.00, 0.00, 0.00, 49.08, 1.00, 0.00, 0.00, 0.00, 0.00, 32.37, 1.00, 0.00, 0.00, 89.86, 1.00, 2.98, 36.54, 30.22, 76.08, 30.18, 89.29, 29.50, 62.50, 29.37, 71.33, 32.80, 31.90, 1
10/10/16 04, 3.38, 4.65, 4.99, 4.30, 1.81, 5.29, 3.20, 92.85, 1.00, 92.86, 1.00, 0.00, 0.00, 0.00, 0.00, 0.00, 0.00, 0.00, 0.00, 0.00, 0.00, 35.43, 1.00, 0.00, 0.00, 30.52, 1.00, 0.00, 0.00, 70.21, 1.00, 2.98, 36.80, 33.03, 76.18, 33.03, 68.69, 23.16, 84.38, 23.05, 71.37, 35.32, 34.42, 1
10/10/16 05, 3.44, 5.39, 4.78, 3.41, 2.52, 5.50, 4.31, 92.22, 1.00, 92.23, 1.00, 0.00, 0.00, 0.00, 0.00, 0.00, 0.00, 0.00, 0.00, 0.00, 0.00, 35.51, 1.00, 0.00, 0.00, 28.77, 1.00, 0.00, 0.00, 68.42, 1.00, 2.98, 37.13, 33.61, 76.42, 33.61, 66.67, 23.86, 84.94, 23.76, 77.61, 35.89, 34.99, 1
10/10/16 06, 3.84, 5.18, 4.60, 3.37, 3.26, 5.37, 4.19, 87.98, 1.00, 88.00, 1.00, 0.00, 0.00, 0.00, 0.00, 0.00, 0.00, 0.00, 0.00, 49.17, 1.00, 38.06, 1.00, 0.00, 0.00, 0.00, 0.00, 0.00, 0.00, 0.00, 0.00, 2.98, 39.35, 28.26, 75.03, 28.22, 87.16, 31.37, 87.74, 31.37, 58.95, 43.52, 29.63, 1
10/10/16 07, 4.24, 4.66, 4.35, 3.88, 3.92, 5.04, 2.76, 87.76, 1.00, 87.77, 1.00, 0.00, 0.00, 0.00, 0.00, 0.00, 0.00, 0.00, 0.00, 48.99, 1.00, 38.15, 1.00, 0.00, 0.00, 0.00, 0.00, 0.00, 0.00, 0.00, 0.00, 2.98, 39.47, 27.75, 71.57, 27.71, 86.98, 31.63, 87.82, 31.63, 57.17, 43.75, 29.12, 1
10/10/16 08, 4.65, 4.15, 3.95, 4.30, 3.49, 5.23, 2.95, 88.45, 1.00, 88.46, 1.00, 0.00, 0.00, 0.00, 0.00, 0.00, 0.00, 0.00, 0.00, 49.51, 1.00, 0.00, 0.00, 0.00, 0.00, 33.36, 1.00, 0.00, 0.00, 0.00, 0.00, 2.98, 39.11, 27.19, 72.14, 27.15, 85.45, 32.17, 62.13, 32.04, 70.36, 43.49, 28.57, 1
10/10/16 09, 5.00, 3.62, 3.60, 4.31, 2.69, 5.50, 3.52, 89.51, 1.00, 89.53, 1.00, 0.00, 0.00, 0.00, 0.00, 0.00, 0.00, 0.00, 0.00, 49.44, 1.00, 0.00, 0.00, 0.00, 0.00, 32.55, 1.00, 0.00, 0.00, 0.00, 0.00, 2.98, 38.55, 26.67, 72.12, 26.63, 85.06, 31.95, 61.67, 31.82, 73.15, 42.97, 28.05, 1
10/10/16 10, 5.28, 3.10, 3.25, 4.21, 1.94, 5.50, 4.11, 89.11, 1.00, 89.13, 1.00, 0.00, 0.00, 0.00, 0.00, 0.00, 0.00, 0.00, 0.00, 49.18, 1.00, 0.00, 0.00, 0.00, 0.00, 32.11, 1.00, 0.00, 0.00, 0.00, 0.00, 2.98, 38.76, 26.17, 70.99, 26.13, 85.05, 32.33, 60.86, 32.21, 75.08, 43.28, 27.54, 1
10/10/16 11, 5.50, 2.46, 3.15, 4.16, 1.69, 5.50, 4.85, 88.55, 1.00, 88.57, 1.00, 0.00, 0.00, 32.74, 1.00, 0.00, 0.00, 0.00, 0.00, 47.50, 1.00, 38.84, 1.00, 0.00, 0.00, 0.00, 0.00, 0.00, 0.00, 0.00, 0.00, 2.98, 39.05, 22.59, 88.42, 22.65, 84.67, 31.65, 86.53, 31.65, 56.88, 43.59, 24.32, 1
10/10/16 12, 5.05, 1.53, 3.63, 4.24, 2.24, 5.07, 2.79, 88.98, 1.00, 89.00, 1.00, 0.00, 0.00, 32.89, 1.00, 0.00, 0.00, 0.00, 0.00, 47.45, 1.00, 39.26, 1.00, 0.00, 0.00, 0.00, 0.00, 0.00, 0.00, 0.00, 0.00, 2.98, 38.83, 21.65, 87.24, 21.71, 83.83, 31.19, 85.23, 31.19, 56.99, 43.22, 23.38, 1
10/10/16 13, 5.23, 0.68, 4.07, 4.09, 2.59, 5.21, 2.81, 88.69, 1.00, 88.71, 1.00, 0.00, 0.00, 31.98, 1.00, 0.00, 0.00, 0.00, 0.00, 46.94, 1.00, 36.42, 1.00, 0.00, 0.00, 32.00, 1.00, 0.00, 0.00, 0.00, 0.00, 2.98, 38.98, 20.96, 87.97, 21.01, 84.05, 24.96, 84.42, 24.84, 68.10, 43.16, 22.67, 1
10/10/16 14, 5.06, 0.78, 4.56, 4.17, 3.12, 5.40, 2.93, 94.89, 1.00, 94.91, 1.00, 0.00, 0.00, 34.63, 1.00, 0.00, 0.00, 0.00, 0.00, 48.81, 1.00, 36.04, 1.00, 0.00, 0.00, 31.35, 1.00, 0.00, 0.00, 112.43, 1.00, 2.98, 35.71, 25.86, 88.60, 25.92, 85.54, 22.45, 82.60, 22.33, 67.86, 29.01, 28.11, 1
10/10/16 15, 4.74, 1.08, 5.00, 4.31, 3.44, 5.50, 3.11, 94.15, 1.00, 94.17, 1.00, 0.00, 0.00, 33.86, 1.00, 0.00, 0.00, 0.00, 0.00, 49.12, 1.00, 35.80, 1.00, 0.00, 0.00, 30.47, 1.00, 0.00, 0.00, 112.78, 1.00, 2.98, 36.11, 26.20, 90.21, 26.26, 85.30, 23.13, 83.71, 23.02, 71.50, 29.34, 28.44, 1
10/10/16 16, 4.49, 1.46, 5.28, 4.33, 3.88, 5.50, 3.66, 93.92, 1.00, 93.94, 1.00, 0.00, 0.00, 0.00, 0.00, 0.00, 0.00, 0.00, 0.00, 49.64, 1.00, 35.56, 1.00, 0.00, 0.00, 30.54, 1.00, 0.00, 0.00, 102.69, 1.00, 2.98, 36.23, 28.29, 73.54, 28.25, 86.29, 23.25, 84.25, 23.14, 71.38, 30.96, 30.06, 1
10/10/16 17, 4.40, 2.03, 4.93, 4.51, 3.49, 5.50, 4.21, 93.13, 1.00, 93.15, 1.00, 0.00, 0.00, 0.00, 0.00, 0.00, 0.00, 0.00, 0.00, 0.00, 0.00, 0.00, 0.00, 0.00, 0.00, 32.24, 1.00, 0.00, 0.00, 83.82, 1.00, 2.98, 36.65, 31.72, 74.34, 31.72, 63.64, 30.23, 63.05, 30.11, 72.53, 34.08, 33.18, 1
10/10/16 18, 4.42, 2.90, 4.62, 3.00, 2.83, 5.50, 4.62, 93.39, 1.00, 93.41, 1.00, 0.00, 0.00, 0.00, 0.00, 0.00, 0.00, 0.00, 0.00, 50.30, 1.00, 0.00, 0.00, 0.00, 0.00, 31.84, 1.00, 0.00, 0.00, 98.38, 1.00, 2.98, 36.51, 29.39, 72.90, 29.35, 86.09, 30.25, 62.23, 30.13, 73.96, 32.04, 31.14, 1
10/10/16 19, 4.46, 3.41, 4.27, 3.31, 2.14, 5.32, 4.03, 94.05, 1.00, 94.07, 1.00, 0.00, 0.00, 0.00, 0.00, 0.00, 0.00, 0.00, 0.00, 50.64, 1.00, 0.00, 0.00, 0.00, 0.00, 0.00, 0.00, 0.00, 0.00, 95.05, 1.00, 2.98, 36.16, 29.66, 71.65, 29.62, 85.71, 32.88, 59.83, 32.88, 57.72, 32.29, 31.39, 1
10/10/16 20, 4.42, 3.86, 3.88, 3.47, 1.60, 4.94, 2.36, 94.20, 1.00, 94.22, 1.00, 0.00, 0.00, 0.00, 0.00, 0.00, 0.00, 0.00, 0.00, 50.83, 1.00, 36.87, 1.00, 0.00, 0.00, 31.80, 1.00, 0.00, 0.00, 90.70, 1.00, 2.98, 36.08, 29.86, 69.43, 29.82, 85.52, 22.40, 81.07, 22.29, 66.38, 32.46, 31.56, 1
10/10/16 21, 4.22, 4.28, 3.42, 3.53, 1.84, 5.01, 2.05, 95.03, 1.00, 95.05, 1.00, 0.00, 0.00, 0.00, 0.00, 0.00, 0.00, 0.00, 0.00, 51.01, 1.00, 36.36, 1.00, 0.00, 0.00, 31.83, 1.00, 0.00, 0.00, 85.81, 1.00, 2.98, 35.64, 30.00, 67.40, 29.96, 85.30, 21.97, 81.55, 21.85, 65.72, 32.57, 31.67, 1
10/10/16 22, 3.99, 4.63, 2.91, 3.49, 2.15, 4.94, 1.47, 94.70, 1.00, 94.71, 1.00, 0.00, 0.00, 38.01, 1.00, 0.00, 0.00, 0.00, 0.00, 50.98, 1.00, 36.31, 1.00, 0.00, 0.00, 31.63, 1.00, 0.00, 0.00, 90.61, 1.00, 2.98, 35.82, 28.99, 86.27, 29.07, 84.46, 22.16, 81.83, 22.05, 66.59, 32.06, 31.16, 1
10/10/16 23, 3.79, 4.65, 3.32, 3.21, 2.47, 5.07, 1.51, 95.72, 1.00, 95.74, 1.00, 0.00, 0.00, 36.93, 1.00, 0.00, 0.00, 0.00, 0.00, 50.45, 1.00, 35.73, 1.00, 0.00, 0.00, 31.57, 1.00, 0.00, 0.00, 85.97, 1.00, 2.98, 35.27, 29.01, 87.70, 29.08, 85.55, 21.66, 82.36, 21.54, 66.30, 32.03, 31.13, 1
11/10/16 00, 2.54, 4.63, 3.76, 3.38, 2.88, 5.16, 1.42, 94.69, 1.00, 94.71, 1.00, 0.00, 0.00, 36.05, 1.00, 0.00, 0.00, 0.00, 0.00, 49.84, 1.00, 35.79, 1.00, 0.00, 0.00, 31.49, 1.00, 0.00, 0.00, 89.74, 1.00, 2.98, 35.82, 29.03, 89.29, 29.10, 86.74, 22.18, 82.78, 22.07, 67.10, 32.05, 31.15, 1
11/10/16 01, 2.39, 4.67, 4.25, 3.77, 3.27, 5.32, 1.63, 94.52, 1.00, 94.54, 1.00, 0.00, 0.00, 35.53, 1.00, 0.00, 0.00, 0.00, 0.00, 49.79, 1.00, 35.21, 1.00, 0.00, 0.00, 31.47, 1.00, 0.00, 0.00, 89.76, 1.00, 2.98, 35.91, 29.08, 90.26, 29.15, 86.90, 22.36, 83.97, 22.24, 67.36, 32.09, 31.19, 1
11/10/16 02, 2.26, 4.71, 4.74, 4.13, 3.81, 5.50, 1.86, 94.09, 1.00, 94.11, 1.00, 0.00, 0.00, 34.20, 1.00, 0.00, 0.00, 0.00, 0.00, 49.17, 1.00, 34.69, 1.00, 0.00, 0.00, 31.18, 1.00, 0.00, 0.00, 90.60, 1.00, 2.98, 36.14, 29.18, 92.63, 29.25, 88.19, 22.72, 85.23, 22.60, 68.70, 32.17, 31.27, 1
11/10/16 03, 2.27, 4.90, 5.30, 4.26, 3.91, 5.50, 2.73, 92.39, 1.00, 92.40, 1.00, 0.00, 0.00, 0.00, 0.00, 0.00, 0.00, 0.00, 0.00, 0.00, 0.00, 0.00, 0.00, 0.00, 0.00, 31.13, 1.00, 0.00, 0.00, 71.13, 1.00, 2.98, 37.04, 33.36, 76.19, 33.36, 69.23, 30.06, 64.63, 29.95, 76.21, 35.65, 34.75, 1
11/10/16 04, 2.46, 5.64, 5.07, 3.47, 3.46, 5.50, 3.93, 86.36, 1.00, 86.37, 1.00, 0.00, 0.00, 0.00, 0.00, 0.00, 0.00, 0.00, 0.00, 0.00, 0.00, 0.00, 0.00, 0.00, 0.00, 30.82, 1.00, 0.00, 0.00, 0.00, 0.00, 2.98, 40.19, 30.64, 76.48, 30.64, 67.69, 33.06, 64.31, 32.95, 80.26, 44.50, 31.83, 1
11/10/16 05, 3.02, 5.39, 4.88, 3.36, 3.04, 5.41, 4.39, 84.74, 1.00, 84.76, 1.00, 0.00, 0.00, 0.00, 0.00, 0.00, 0.00, 0.00, 0.00, 48.47, 1.00, 0.00, 0.00, 0.00, 0.00, 0.00, 0.00, 0.00, 0.00, 0.00, 0.00, 2.98, 41.02, 28.52, 73.80, 28.48, 88.73, 36.93, 63.94, 36.93, 61.75, 45.97, 29.88, 1
11/10/16 06, 3.61, 4.88, 4.55, 4.11, 2.64, 5.24, 3.78, 85.44, 1.00, 85.45, 1.00, 0.00, 0.00, 0.00, 0.00, 0.00, 0.00, 0.00, 0.00, 49.00, 1.00, 0.00, 0.00, 0.00, 0.00, 0.00, 0.00, 0.00, 0.00, 0.00, 0.00, 2.98, 40.66, 27.96, 75.25, 27.93, 87.19, 36.85, 63.03, 36.85, 60.67, 45.66, 29.33, 1
11/10/16 07, 4.15, 4.40, 4.31, 4.42, 2.12, 5.01, 2.96, 86.29, 1.00, 86.31, 1.00, 0.00, 0.00, 0.00, 0.00, 0.00, 0.00, 0.00, 0.00, 0.00, 0.00, 0.00, 0.00, 0.00, 0.00, 0.00, 0.00, 0.00, 0.00, 0.00, 0.00, 2.98, 40.22, 29.40, 74.84, 29.40, 67.75, 36.70, 61.58, 36.70, 56.17, 45.25, 30.59, 1
11/10/16 08, 4.50, 4.40, 4.07, 3.38, 1.55, 5.07, 2.65, 68.84, 1.00, 68.85, 1.00, 0.00, 0.00, 0.00, 0.00, 0.00, 0.00, 0.00, 0.00, 0.00, 0.00, 40.71, 1.00, 0.00, 0.00, 35.46, 1.00, 0.00, 0.00, 0.00, 0.00, 2.99, 48.88, 29.40, 74.16, 29.40, 60.85, 39.40, 90.61, 39.25, 69.39, 58.49, 30.59, 1
11/10/16 09, 4.50, 4.00, 3.80, 2.98, 2.39, 5.31, 2.80, 82.53, 1.00, 82.54, 1.00, 0.00, 0.00, 0.00, 0.00, 0.00, 0.00, 0.00, 0.00, 50.06, 1.00, 38.94, 1.00, 0.00, 0.00, 33.44, 1.00, 0.00, 0.00, 0.00, 0.00, 2.98, 42.15, 27.01, 67.84, 26.96, 84.19, 30.07, 84.82, 29.94, 67.99, 48.72, 28.38, 1
11/10/16 10, 4.50, 3.47, 3.29, 2.93, 2.77, 5.46, 2.72, 80.19, 1.00, 80.21, 1.00, 0.00, 0.00, 0.00, 0.00, 0.00, 0.00, 0.00, 0.00, 49.38, 1.00, 38.85, 1.00, 0.00, 0.00, 33.79, 1.00, 0.00, 0.00, 0.00, 0.00, 2.98, 43.33, 26.52, 69.24, 26.48, 85.01, 31.84, 86.77, 31.71, 68.41, 50.46, 27.89, 1
11/10/16 11, 4.50, 2.85, 3.06, 3.14, 3.32, 5.50, 2.89, 72.36, 1.00, 72.37, 1.00, 0.00, 0.00, 34.06, 1.00, 0.00, 0.00, 0.00, 0.00, 47.42, 1.00, 40.50, 1.00, 0.00, 0.00, 33.51, 1.00, 0.00, 0.00, 0.00, 0.00, 2.99, 47.19, 22.84, 86.52, 22.91, 85.08, 37.44, 89.08, 37.31, 75.10, 56.08, 24.59, 1
11/10/16 12, 4.50, 1.99, 3.49, 3.50, 3.89, 5.50, 3.76, 60.17, 1.00, 60.18, 1.00, 0.00, 0.00, 32.83, 1.00, 0.00, 0.00, 0.00, 0.00, 47.55, 1.00, 42.00, 1.00, 0.00, 0.00, 34.82, 1.00, 0.00, 0.00, 0.00, 0.00, 2.99, 52.91, 22.11, 87.79, 22.17, 84.10, 45.34, 93.87, 45.20, 77.90, 64.23, 23.84, 1
11/10/16 13, 4.50, 1.14, 3.95, 3.61, 3.52, 5.44, 4.49, 38.92, 1.00, 38.92, 1.00, 0.00, 0.00, 34.14, 1.00, 0.00, 0.00, 0.00, 0.00, 46.75, 1.00, 0.00, 0.00, 0.00, 0.00, 0.00, 0.00, 0.00, 0.00, 0.00, 0.00, 3.00, 61.88, 21.20, 84.75, 21.26, 84.62, 71.11, 63.05, 71.11, 60.74, 77.41, 22.94, 1
11/10/16 14, 4.48, 0.60, 4.29, 3.90, 2.86, 5.20, 3.46, 92.39, 1.00, 92.41, 1.00, 0.00, 0.00, 34.32, 1.00, 0.00, 0.00, 0.00, 0.00, 49.19, 1.00, 0.00, 0.00, 0.00, 0.00, 0.00, 0.00, 0.00, 0.00, 122.39, 1.00, 2.98, 37.04, 26.15, 89.40, 26.21, 85.11, 33.92, 61.37, 33.92, 55.73, 29.38, 28.48, 1
11/10/16 15, 4.40, 1.00, 4.77, 3.96, 2.04, 5.09, 2.58, 92.93, 1.00, 92.95, 1.00, 0.00, 0.00, 33.95, 1.00, 0.00, 0.00, 0.00, 0.00, 49.00, 1.00, 0.00, 0.00, 0.00, 0.00, 33.39, 1.00, 0.00, 0.00, 118.45, 1.00, 2.98, 36.75, 26.38, 90.24, 26.44, 85.71, 30.66, 61.65, 30.53, 68.75, 29.57, 28.67, 1
11/10/16 16, 4.25, 1.36, 5.27, 4.16, 1.39, 5.32, 2.80, 93.59, 1.00, 93.61, 1.00, 0.00, 0.00, 34.75, 1.00, 0.00, 0.00, 0.00, 0.00, 48.92, 1.00, 36.36, 1.00, 0.00, 0.00, 31.41, 1.00, 0.00, 0.00, 113.79, 1.00, 2.98, 36.41, 26.48, 89.01, 26.55, 85.96, 23.23, 82.83, 23.11, 68.44, 29.65, 28.75, 1
11/10/16 17, 4.01, 1.88, 5.07, 4.39, 1.90, 5.50, 3.14, 93.47, 1.00, 93.49, 1.00, 0.00, 0.00, 0.00, 0.00, 0.00, 0.00, 0.00, 0.00, 49.43, 1.00, 36.47, 1.00, 0.00, 0.00, 30.42, 1.00, 0.00, 0.00, 102.55, 1.00, 2.98, 36.47, 28.71, 72.86, 28.68, 87.13, 23.48, 82.86, 23.37, 72.02, 31.39, 30.49, 1
11/10/16 18, 3.85, 2.66, 4.69, 3.61, 2.36, 5.50, 3.78, 93.09, 1.00, 93.11, 1.00, 0.00, 0.00, 0.00, 0.00, 0.00, 0.00, 0.00, 0.00, 0.00, 0.00, 36.38, 1.00, 0.00, 0.00, 30.22, 1.00, 0.00, 0.00, 81.35, 1.00, 2.98, 36.67, 32.10, 73.26, 32.10, 64.11, 23.69, 83.24, 23.58, 72.87, 34.45, 33.55, 1
11/10/16 19, 3.67, 3.31, 4.35, 3.18, 2.81, 5.50, 4.46, 95.50, 1.00, 95.51, 1.00, 0.00, 0.00, 0.00, 0.00, 0.00, 0.00, 0.00, 0.00, 50.95, 1.00, 35.92, 1.00, 0.00, 0.00, 30.54, 1.00, 0.00, 0.00, 90.07, 1.00, 2.98, 35.39, 29.26, 70.43, 29.22, 84.69, 22.25, 82.61, 22.14, 70.40, 31.86, 30.96, 1
11/10/16 20, 5.37, 3.71, 3.91, 3.09, 3.18, 5.50, 4.59, 94.46, 1.00, 94.48, 1.00, 0.00, 0.00, 0.00, 0.00, 0.00, 0.00, 0.00, 0.00, 51.35, 1.00, 35.87, 1.00, 0.00, 0.00, 30.61, 1.00, 0.00, 0.00, 90.83, 1.00, 2.98, 35.94, 29.68, 69.23, 29.64, 84.29, 22.80, 83.25, 22.69, 70.70, 32.29, 31.39, 1
11/10/16 21, 4.96, 4.00, 3.45, 2.82, 3.58, 5.50, 4.71, 117.82, 1.00, 0.00, 0.00, 0.00, 0.00, 0.00, 0.00, 0.00, 0.00, 0.00, 0.00, 51.01, 1.00, 35.07, 1.00, 0.00, 0.00, 30.55, 1.00, 0.00, 0.00, 67.27, 1.00, 2.99, 23.01, 29.03, 69.51, 28.99, 84.33, 19.89, 81.74, 19.78, 67.97, 31.50, 30.60, -999
11/10/16 22, 4.46, 4.16, 3.01, 2.72, 3.83, 5.50, 4.23, 118.61, 1.00, 0.00, 0.00, 0.00, 0.00, 0.00, 0.00, 0.00, 0.00, 0.00, 0.00, 50.42, 1.00, 34.65, 1.00, 0.00, 0.00, 30.24, 1.00, 0.00, 0.00, 61.99, 1.00, 2.99, 22.55, 29.09, 68.58, 29.05, 85.55, 19.53, 82.09, 19.42, 68.64, 31.52, 30.62, -999
11/10/16 23, 4.00, 4.05, 3.23, 2.97, 3.62, 5.50, 4.12, 116.18, 1.00, 0.00, 0.00, 0.00, 0.00, 36.28, 1.00, 0.00, 0.00, 0.00, 0.00, 50.69, 1.00, 0.00, 0.00, 0.00, 0.00, 32.00, 1.00, 0.00, 0.00, 78.15, 1.00, 2.99, 23.95, 28.34, 88.20, 28.42, 84.39, 27.40, 61.69, 27.28, 70.56, 31.31, 30.41, -999
12/10/16 00, 3.68, 3.95, 3.69, 2.89, 2.75, 5.50, 4.21, 115.59, 1.00, 0.00, 0.00, 0.00, 0.00, 35.63, 1.00, 0.00, 0.00, 0.00, 0.00, 50.17, 1.00, 0.00, 0.00, 0.00, 0.00, 31.85, 1.00, 0.00, 0.00, 80.80, 1.00, 2.99, 24.29, 28.31, 89.32, 28.38, 85.39, 27.67, 62.22, 27.55, 71.36, 31.27, 30.37, -999
12/10/16 01, 3.42, 3.89, 4.18, 3.11, 2.07, 5.50, 4.44, 116.81, 1.00, 0.00, 0.00, 0.00, 0.00, 34.06, 1.00, 0.00, 0.00, 0.00, 0.00, 49.72, 1.00, 0.00, 0.00, 0.00, 0.00, 30.65, 1.00, 0.00, 0.00, 75.74, 1.00, 2.99, 23.59, 28.25, 91.93, 28.31, 86.19, 27.15, 60.85, 27.04, 74.91, 31.15, 30.25, -999
12/10/16 02, 3.14, 3.81, 4.73, 3.47, 1.62, 5.34, 4.13, 116.12, 1.00, 0.00, 0.00, 0.00, 0.00, 34.16, 1.00, 0.00, 0.00, 0.00, 0.00, 49.16, 1.00, 36.90, 1.00, 0.00, 0.00, 0.00, 0.00, 0.00, 0.00, 78.46, 1.00, 2.99, 23.98, 28.21, 91.74, 28.27, 87.23, 26.60, 85.12, 26.60, 59.02, 31.12, 30.22, -999
12/10/16 03, 2.89, 3.76, 5.26, 3.97, 2.28, 5.02, 2.72, 116.22, 1.00, 0.00, 0.00, 0.00, 0.00, 33.00, 1.00, 0.00, 0.00, 0.00, 0.00, 47.93, 1.00, 36.57, 1.00, 0.00, 0.00, 0.00, 0.00, 0.00, 0.00, 77.95, 1.00, 2.99, 23.92, 28.20, 93.61, 28.26, 89.52, 26.55, 85.68, 26.55, 58.92, 31.08, 30.18, -999
12/10/16 04, 2.62, 4.02, 5.20, 4.38, 2.92, 5.19, 3.03, 115.58, 1.00, 0.00, 0.00, 0.00, 0.00, 0.00, 0.00, 0.00, 0.00, 0.00, 0.00, 0.00, 0.00, 34.61, 1.00, 0.00, 0.00, 29.92, 1.00, 0.00, 0.00, 55.86, 1.00, 2.99, 24.29, 31.23, 75.73, 31.23, 69.75, 21.23, 83.86, 21.13, 71.39, 33.45, 32.55, -999
12/10/16 05, 2.45, 4.59, 4.95, 3.66, 3.54, 5.50, 4.12, 116.31, 1.00, 0.00, 0.00, 0.00, 0.00, 0.00, 0.00, 0.00, 0.00, 0.00, 0.00, 0.00, 0.00, 34.02, 1.00, 0.00, 0.00, 28.12, 1.00, 0.00, 0.00, 49.82, 1.00, 2.99, 23.87, 31.38, 76.77, 31.38, 67.72, 21.37, 84.99, 21.27, 77.05, 33.58, 32.68, -999
12/10/16 06, 2.34, 5.02, 4.79, 3.22, 3.93, 5.40, 4.35, 115.73, 1.00, 0.00, 0.00, 0.00, 0.00, 0.00, 0.00, 0.00, 0.00, 0.00, 0.00, 50.56, 1.00, 0.00, 0.00, 0.00, 0.00, 0.00, 0.00, 0.00, 0.00, 66.61, 1.00, 2.99, 24.21, 30.05, 75.23, 30.01, 86.25, 29.84, 64.72, 29.84, 60.28, 32.51, 31.61, -999
12/10/16 07, 2.37, 5.18, 4.54, 3.50, 3.50, 5.14, 3.22, 116.22, 1.00, 0.00, 0.00, 0.00, 0.00, 0.00, 0.00, 0.00, 0.00, 0.00, 0.00, 50.03, 1.00, 0.00, 0.00, 0.00, 0.00, 0.00, 0.00, 0.00, 0.00, 63.89, 1.00, 2.99, 23.92, 30.17, 71.67, 30.13, 87.41, 29.78, 63.04, 29.78, 57.80, 32.61, 31.71, -999
12/10/16 08, 2.26, 5.31, 4.14, 3.96, 2.84, 5.11, 2.77, 116.53, 1.00, 0.00, 0.00, 0.00, 0.00, 0.00, 0.00, 0.00, 0.00, 0.00, 0.00, 50.42, 1.00, 0.00, 0.00, 0.00, 0.00, 32.62, 1.00, 0.00, 0.00, 60.40, 1.00, 2.99, 23.75, 30.21, 71.75, 30.17, 86.69, 26.79, 60.88, 26.67, 67.72, 32.64, 31.74, -999
12/10/16 09, 2.12, 5.41, 3.75, 4.19, 1.96, 5.28, 2.72, 118.03, 1.00, 0.00, 0.00, 0.00, 0.00, 0.00, 0.00, 0.00, 0.00, 0.00, 0.00, 50.52, 1.00, 0.00, 0.00, 0.00, 0.00, 32.44, 1.00, 0.00, 0.00, 52.13, 1.00, 2.99, 22.88, 30.22, 69.14, 30.18, 86.49, 26.04, 60.55, 25.91, 67.63, 32.61, 31.71, -999
12/10/16 10, 1.85, 5.38, 3.29, 4.34, 1.64, 5.41, 2.62, 118.52, 1.00, 0.00, 0.00, 0.00, 0.00, 0.00, 0.00, 0.00, 0.00, 0.00, 0.00, 50.54, 1.00, 35.42, 1.00, 0.00, 0.00, 30.46, 1.00, 0.00, 0.00, 46.58, 1.00, 2.99, 22.60, 30.17, 71.36, 30.13, 86.41, 19.08, 80.32, 18.97, 67.48, 32.54, 31.64, -999
12/10/16 11, 1.56, 5.33, 2.93, 4.43, 1.93, 5.50, 2.86, 118.29, 1.00, 0.00, 0.00, 0.00, 0.00, 35.82, 1.00, 0.00, 0.00, 0.00, 0.00, 50.17, 1.00, 34.68, 1.00, 0.00, 0.00, 29.13, 1.00, 0.00, 0.00, 55.69, 1.00, 2.99, 22.74, 29.00, 89.74, 29.07, 86.08, 19.71, 82.23, 19.61, 72.34, 31.84, 30.94, -999
12/10/16 12, 1.31, 5.01, 3.45, 4.48, 2.47, 5.50, 3.68, 120.89, 1.00, 0.00, 0.00, 0.00, 0.00, 36.45, 1.00, 0.00, 0.00, 0.00, 0.00, 48.63, 1.00, 34.59, 1.00, 0.00, 0.00, 27.71, 1.00, 0.00, 0.00, 47.25, 1.00, 2.99, 21.23, 28.33, 87.88, 28.40, 88.35, 18.47, 81.13, 18.37, 75.33, 31.12, 30.22, -999
12/10/16 13, 0.99, 5.00, 3.91, 3.46, 2.85, 5.48, 4.72, 97.24, 1.00, 97.26, 1.00, 0.00, 0.00, 34.87, 1.00, 0.00, 0.00, 0.00, 0.00, 0.00, 0.00, 36.39, 1.00, 0.00, 0.00, 0.00, 0.00, 0.00, 0.00, 62.13, 1.00, 2.97, 34.45, 30.38, 92.70, 30.49, 63.38, 25.62, 85.09, 25.62, 56.54, 32.83, 31.93, -999
12/10/16 14, 1.11, 5.05, 4.48, 2.88, 3.44, 5.05, 2.69, 97.70, 1.00, 97.72, 1.00, 0.00, 0.00, 35.12, 1.00, 0.00, 0.00, 0.00, 0.00, 50.81, 1.00, 36.55, 1.00, 0.00, 0.00, 0.00, 0.00, 0.00, 0.00, 67.50, 1.00, 2.97, 34.21, 29.16, 91.05, 29.22, 84.95, 25.48, 84.65, 25.48, 54.87, 32.04, 31.14, -999
12/10/16 15, 1.09, 4.85, 4.99, 2.95, 3.87, 5.04, 2.17, 97.98, 1.00, 98.00, 1.00, 0.00, 0.00, 35.23, 1.00, 0.00, 0.00, 0.00, 0.00, 50.73, 1.00, 34.39, 1.00, 0.00, 0.00, 30.71, 1.00, 0.00, 0.00, 67.18, 1.00, 2.97, 34.06, 28.95, 90.65, 29.01, 84.91, 19.53, 82.54, 19.42, 67.10, 31.83, 30.93, -999
12/10/16 16, 1.12, 4.75, 5.27, 3.00, 3.70, 5.24, 2.37, 97.09, 1.00, 97.11, 1.00, 0.00, 0.00, 0.00, 0.00, 0.00, 0.00, 0.00, 0.00, 50.77, 1.00, 0.00, 0.00, 0.00, 0.00, 32.40, 1.00, 0.00, 0.00, 68.47, 1.00, 2.97, 34.53, 29.83, 71.45, 29.78, 85.61, 26.30, 63.09, 26.17, 68.01, 32.30, 31.40, -999
12/10/16 17, 1.25, 4.94, 4.83, 3.18, 3.01, 5.43, 2.53, 97.22, 1.00, 97.24, 1.00, 0.00, 0.00, 0.00, 0.00, 0.00, 0.00, 0.00, 0.00, 50.98, 1.00, 0.00, 0.00, 0.00, 0.00, 32.37, 1.00, 0.00, 0.00, 67.01, 1.00, 2.97, 34.46, 29.97, 73.62, 29.92, 85.33, 26.32, 62.66, 26.20, 68.15, 32.43, 31.53, -999
12/10/16 18, 1.37, 5.11, 4.50, 3.24, 2.36, 5.50, 2.81, 97.24, 1.00, 97.26, 1.00, 0.00, 0.00, 0.00, 0.00, 0.00, 0.00, 0.00, 0.00, 50.63, 1.00, 0.00, 0.00, 0.00, 0.00, 31.25, 1.00, 0.00, 0.00, 66.00, 1.00, 2.97, 34.45, 30.12, 73.50, 30.08, 86.17, 26.54, 61.87, 26.43, 72.29, 32.58, 31.68, -999
12/10/16 19, 1.48, 5.27, 4.18, 3.50, 1.69, 5.50, 3.47, 97.21, 1.00, 97.23, 1.00, 0.00, 0.00, 0.00, 0.00, 0.00, 0.00, 0.00, 0.00, 50.63, 1.00, 0.00, 0.00, 0.00, 0.00, 31.48, 1.00, 0.00, 0.00, 65.22, 1.00, 2.97, 34.47, 30.26, 69.03, 30.22, 86.32, 26.58, 60.03, 26.47, 71.53, 32.72, 31.82, -999
12/10/16 20, 1.47, 5.40, 3.70, 3.73, 1.74, 5.50, 3.79, 97.67, 1.00, 97.69, 1.00, 0.00, 0.00, 0.00, 0.00, 0.00, 0.00, 0.00, 0.00, 51.09, 1.00, 35.93, 1.00, 0.00, 0.00, 30.56, 1.00, 0.00, 0.00, 61.46, 1.00, 2.97, 34.23, 30.31, 71.01, 30.27, 85.44, 19.49, 79.83, 19.38, 67.55, 32.75, 31.85, -999
12/10/16 21, 1.42, 5.51, 3.31, 3.68, 1.89, 5.50, 3.42, 96.03, 1.00, 96.05, 1.00, 0.00, 0.00, 0.00, 0.00, 0.00, 0.00, 0.00, 0.00, 50.55, 1.00, 35.42, 1.00, 0.00, 0.00, 30.26, 1.00, 0.00, 0.00, 0.00, 0.00, 2.98, 35.10, 28.48, 69.43, 28.44, 84.70, 20.00, 81.24, 19.90, 69.07, 37.69, 29.86, -999
12/10/16 22, 1.56, 4.88, 3.09, 3.48, 2.26, 5.50, 3.52, 94.99, 1.00, 95.00, 1.00, 0.00, 0.00, 35.51, 1.00, 0.00, 0.00, 0.00, 0.00, 48.91, 1.00, 35.87, 1.00, 0.00, 0.00, 30.88, 1.00, 0.00, 0.00, 0.00, 0.00, 2.98, 35.66, 24.53, 85.75, 24.60, 84.04, 20.30, 80.74, 20.18, 67.31, 38.30, 26.32, -999
12/10/16 23, 1.75, 3.99, 3.48, 3.40, 2.47, 5.50, 3.13, 94.35, 1.00, 94.37, 1.00, 0.00, 0.00, 34.01, 1.00, 0.00, 0.00, 0.00, 0.00, 48.81, 1.00, 35.60, 1.00, 0.00, 0.00, 30.66, 1.00, 0.00, 0.00, 0.00, 0.00, 2.98, 36.00, 23.83, 87.60, 23.89, 83.50, 20.82, 81.75, 20.71, 68.56, 38.72, 25.59, -999
13/10/16 00, 1.96, 3.11, 3.93, 3.19, 2.82, 5.50, 3.14, 92.34, 1.00, 92.36, 1.00, 0.00, 0.00, 32.89, 1.00, 0.00, 0.00, 0.00, 0.00, 48.33, 1.00, 35.78, 1.00, 0.00, 0.00, 30.24, 1.00, 0.00, 0.00, 0.00, 0.00, 2.98, 37.07, 23.14, 88.73, 23.19, 83.71, 21.99, 82.59, 21.88, 71.11, 39.94, 24.88, -999
13/10/16 01, 2.26, 2.25, 4.40, 3.19, 3.20, 5.50, 3.65, 93.44, 1.00, 93.46, 1.00, 0.00, 0.00, 31.92, 1.00, 0.00, 0.00, 0.00, 0.00, 47.55, 1.00, 35.10, 1.00, 0.00, 0.00, 29.76, 1.00, 0.00, 0.00, 0.00, 0.00, 2.98, 36.48, 22.48, 89.58, 22.53, 84.46, 21.85, 83.64, 21.74, 72.50, 39.40, 24.19, -999
13/10/16 02, 2.49, 1.41, 4.89, 3.43, 3.73, 5.50, 4.34, 91.57, 1.00, 91.58, 1.00, 0.00, 0.00, 31.06, 1.00, 0.00, 0.00, 0.00, 0.00, 47.12, 1.00, 34.89, 1.00, 0.00, 0.00, 29.54, 1.00, 0.00, 0.00, 0.00, 0.00, 2.98, 37.48, 21.78, 90.20, 21.83, 84.54, 23.01, 85.17, 22.90, 74.38, 40.55, 23.48, -999
13/10/16 03, 2.95, 0.64, 5.25, 3.69, 3.72, 5.36, 4.13, 87.07, 1.00, 87.08, 1.00, 0.00, 0.00, 0.00, 0.00, 0.00, 0.00, 0.00, 0.00, 46.79, 1.00, 0.00, 0.00, 0.00, 0.00, 0.00, 0.00, 0.00, 0.00, 0.00, 0.00, 2.98, 39.82, 23.89, 75.75, 23.85, 87.14, 34.98, 64.51, 34.98, 60.32, 44.13, 25.24, -999
13/10/16 04, 3.26, 0.91, 5.01, 4.35, 3.29, 5.10, 3.07, 94.29, 1.00, 94.31, 1.00, 0.00, 0.00, 0.00, 0.00, 0.00, 0.00, 0.00, 0.00, 47.29, 1.00, 0.00, 0.00, 0.00, 0.00, 0.00, 0.00, 0.00, 0.00, 101.63, 1.00, 2.98, 36.03, 27.85, 77.06, 27.81, 90.22, 31.36, 64.28, 31.36, 59.81, 30.50, 29.60, -999
13/10/16 05, 3.47, 1.72, 4.86, 4.04, 2.90, 5.08, 2.89, 94.24, 1.00, 94.26, 1.00, 0.00, 0.00, 0.00, 0.00, 0.00, 0.00, 0.00, 0.00, 0.00, 0.00, 0.00, 0.00, 0.00, 0.00, 32.08, 1.00, 0.00, 0.00, 79.66, 1.00, 2.98, 36.06, 30.99, 76.50, 30.99, 68.54, 28.73, 63.54, 28.61, 71.61, 33.33, 32.43, -999
13/10/16 06, 3.60, 2.55, 4.69, 3.17, 2.44, 5.46, 3.80, 93.78, 1.00, 93.79, 1.00, 0.00, 0.00, 0.00, 0.00, 0.00, 0.00, 0.00, 0.00, 0.00, 0.00, 0.00, 0.00, 0.00, 0.00, 31.86, 1.00, 0.00, 0.00, 77.33, 1.00, 2.98, 36.31, 31.59, 75.10, 31.59, 67.44, 29.03, 63.11, 28.91, 72.68, 33.92, 33.02, -999
13/10/16 07, 3.74, 3.11, 4.43, 3.50, 1.98, 5.45, 4.55, 93.91, 1.00, 93.93, 1.00, 0.00, 0.00, 0.00, 0.00, 0.00, 0.00, 0.00, 0.00, 49.78, 1.00, 0.00, 0.00, 0.00, 0.00, 0.00, 0.00, 0.00, 0.00, 93.79, 1.00, 2.98, 36.24, 29.35, 74.68, 29.31, 87.08, 31.82, 61.85, 31.82, 59.25, 31.96, 31.06, -999
13/10/16 08, 3.94, 3.57, 4.17, 3.94, 1.37, 5.13, 3.11, 95.36, 1.00, 95.38, 1.00, 0.00, 0.00, 0.00, 0.00, 0.00, 0.00, 0.00, 0.00, 49.86, 1.00, 37.94, 1.00, 0.00, 0.00, 0.00, 0.00, 0.00, 0.00, 86.99, 1.00, 2.98, 35.46, 29.43, 71.91, 29.39, 87.00, 27.82, 84.43, 27.82, 56.61, 32.00, 31.10, -999
13/10/16 09, 3.80, 3.94, 3.79, 4.28, 1.86, 5.12, 2.64, 96.55, 1.00, 96.57, 1.00, 0.00, 0.00, 0.00, 0.00, 0.00, 0.00, 0.00, 0.00, 50.53, 1.00, 36.06, 1.00, 0.00, 0.00, 31.07, 1.00, 0.00, 0.00, 80.36, 1.00, 2.98, 34.82, 29.45, 71.99, 29.40, 85.70, 20.91, 81.02, 20.79, 67.28, 31.98, 31.08, -999
13/10/16 10, 3.59, 4.25, 3.44, 4.23, 2.14, 5.29, 2.67, 95.98, 1.00, 96.00, 1.00, 0.00, 0.00, 0.00, 0.00, 0.00, 0.00, 0.00, 0.00, 50.34, 1.00, 35.93, 1.00, 0.00, 0.00, 30.99, 1.00, 0.00, 0.00, 80.05, 1.00, 2.98, 35.13, 29.75, 69.98, 29.71, 86.38, 21.21, 81.56, 21.10, 67.84, 32.28, 31.38, -999
13/10/16 11, 3.44, 4.55, 3.01, 4.37, 2.47, 5.49, 2.87, 95.58, 1.00, 95.60, 1.00, 0.00, 0.00, 0.00, 0.00, 0.00, 0.00, 0.00, 0.00, 50.17, 1.00, 35.38, 1.00, 0.00, 0.00, 31.22, 1.00, 0.00, 0.00, 79.20, 1.00, 2.98, 35.35, 30.03, 70.87, 29.99, 86.99, 21.43, 82.74, 21.31, 67.28, 32.55, 31.65, -999
13/10/16 12, 3.34, 4.75, 3.43, 3.88, 2.95, 5.50, 2.91, 95.13, 1.00, 95.15, 1.00, 0.00, 0.00, 36.46, 1.00, 0.00, 0.00, 0.00, 0.00, 0.00, 0.00, 35.25, 1.00, 0.00, 0.00, 30.40, 1.00, 0.00, 0.00, 75.41, 1.00, 2.98, 35.59, 30.67, 90.20, 30.78, 64.01, 21.81, 83.35, 21.70, 70.42, 33.20, 32.30, -999
13/10/16 13, 3.28, 5.04, 3.95, 2.89, 3.45, 5.50, 3.33, 95.61, 1.00, 95.63, 1.00, 0.00, 0.00, 34.99, 1.00, 0.00, 0.00, 0.00, 0.00, 50.63, 1.00, 35.62, 1.00, 0.00, 0.00, 30.39, 1.00, 0.00, 0.00, 80.22, 1.00, 2.98, 35.33, 29.40, 91.52, 29.47, 85.57, 21.50, 82.39, 21.39, 70.11, 32.36, 31.46, -999
13/10/16 14, 3.19, 4.98, 4.49, 3.10, 3.75, 5.50, 3.63, 95.92, 1.00, 95.94, 1.00, 0.00, 0.00, 35.04, 1.00, 0.00, 0.00, 0.00, 0.00, 50.82, 1.00, 34.74, 1.00, 0.00, 0.00, 30.63, 1.00, 0.00, 0.00, 79.25, 1.00, 2.98, 35.16, 29.33, 91.36, 29.39, 85.11, 21.46, 83.88, 21.35, 69.29, 32.28, 31.38, -999
13/10/16 15, 3.16, 4.92, 5.01, 3.15, 3.71, 5.50, 3.76, 95.91, 1.00, 95.92, 1.00, 0.00, 0.00, 35.80, 1.00, 0.00, 0.00, 0.00, 0.00, 50.27, 1.00, 0.00, 0.00, 0.00, 0.00, 31.40, 1.00, 0.00, 0.00, 80.52, 1.00, 2.98, 35.17, 29.27, 89.98, 29.34, 86.16, 28.05, 63.88, 27.94, 73.28, 32.24, 31.34, -999
13/10/16 16, 3.18, 4.95, 5.26, 3.46, 3.15, 5.50, 4.41, 95.60, 1.00, 95.62, 1.00, 0.00, 0.00, 0.00, 0.00, 0.00, 0.00, 0.00, 0.00, 50.71, 1.00, 0.00, 0.00, 0.00, 0.00, 31.45, 1.00, 0.00, 0.00, 77.02, 1.00, 2.98, 35.33, 30.31, 73.51, 30.27, 86.21, 28.16, 61.53, 28.04, 73.24, 32.83, 31.93, -999
13/10/16 17, 3.28, 5.23, 4.91, 3.67, 2.32, 5.39, 4.27, 94.39, 1.00, 94.41, 1.00, 0.00, 0.00, 0.00, 0.00, 0.00, 0.00, 0.00, 0.00, 50.55, 1.00, 0.00, 0.00, 0.00, 0.00, 0.00, 0.00, 0.00, 0.00, 80.66, 1.00, 2.98, 35.98, 30.75, 72.17, 30.71, 86.97, 31.47, 61.27, 31.47, 58.19, 33.29, 32.39, -999
13/10/16 18, 3.50, 5.55, 4.51, 4.00, 1.56, 5.03, 2.65, 89.40, 1.00, 89.42, 1.00, 0.00, 0.00, 0.00, 0.00, 0.00, 0.00, 0.00, 0.00, 49.75, 1.00, 0.00, 0.00, 0.00, 0.00, 0.00, 0.00, 0.00, 0.00, 0.00, 0.00, 2.98, 38.61, 28.58, 72.15, 28.54, 86.37, 34.13, 60.81, 34.13, 56.26, 42.80, 29.96, -999
13/10/16 19, 3.75, 5.02, 4.13, 4.23, 1.73, 5.20, 2.73, 92.85, 1.00, 92.87, 1.00, 0.00, 0.00, 0.00, 0.00, 0.00, 0.00, 0.00, 0.00, 49.75, 1.00, 35.92, 1.00, 0.00, 0.00, 31.28, 1.00, 0.00, 0.00, 0.00, 0.00, 2.98, 36.80, 28.05, 67.51, 28.01, 85.83, 22.18, 82.55, 22.07, 67.85, 40.15, 29.43, -999
13/10/16 20, 3.91, 4.50, 3.61, 4.31, 2.22, 5.40, 2.89, 92.49, 1.00, 92.51, 1.00, 0.00, 0.00, 0.00, 0.00, 0.00, 0.00, 0.00, 0.00, 49.50, 1.00, 36.16, 1.00, 0.00, 0.00, 31.43, 1.00, 0.00, 0.00, 0.00, 0.00, 2.98, 36.99, 27.55, 70.71, 27.51, 85.82, 22.32, 82.25, 22.21, 67.44, 40.39, 28.92, -999
13/10/16 21, 4.08, 3.97, 3.20, 4.40, 2.60, 5.50, 2.89, 92.77, 1.00, 92.79, 1.00, 0.00, 0.00, 0.00, 0.00, 0.00, 0.00, 0.00, 0.00, 49.67, 1.00, 36.30, 1.00, 0.00, 0.00, 31.02, 1.00, 0.00, 0.00, 0.00, 0.00, 2.98, 36.84, 27.01, 69.50, 26.97, 84.95, 22.34, 82.01, 22.22, 68.86, 40.29, 28.38, -999
13/10/16 22, 4.22, 3.26, 3.22, 4.19, 2.89, 5.50, 2.98, 92.23, 1.00, 92.25, 1.00, 0.00, 0.00, 34.91, 1.00, 0.00, 0.00, 0.00, 0.00, 48.08, 1.00, 36.40, 1.00, 0.00, 0.00, 30.96, 1.00, 0.00, 0.00, 0.00, 0.00, 2.98, 37.13, 23.07, 85.33, 23.14, 84.13, 22.65, 82.15, 22.53, 69.37, 40.63, 24.84, -999
13/10/16 23, 4.38, 2.38, 3.59, 4.05, 3.15, 5.50, 3.16, 91.87, 1.00, 91.88, 1.00, 0.00, 0.00, 34.21, 1.00, 0.00, 0.00, 0.00, 0.00, 47.99, 1.00, 36.26, 1.00, 0.00, 0.00, 30.91, 1.00, 0.00, 0.00, 0.00, 0.00, 2.98, 37.32, 22.29, 85.72, 22.35, 83.50, 22.95, 82.70, 22.83, 69.85, 40.88, 24.05, -999
14/10/16 00, 4.45, 1.51, 3.97, 3.74, 3.45, 5.50, 3.39, 113.10, 1.00, 0.00, 0.00, 0.00, 0.00, 33.03, 1.00, 0.00, 0.00, 0.00, 0.00, 46.91, 1.00, 35.47, 1.00, 0.00, 0.00, 30.31, 1.00, 0.00, 0.00, 0.00, 0.00, 2.99, 25.70, 21.68, 87.05, 21.74, 84.82, 22.38, 83.53, 22.27, 71.25, 38.27, 23.40, -999
14/10/16 01, 4.31, 0.67, 4.40, 4.00, 3.90, 5.50, 3.87, 112.23, 1.00, 0.00, 0.00, 0.00, 0.00, 32.23, 1.00, 0.00, 0.00, 0.00, 0.00, 45.61, 1.00, 35.50, 1.00, 0.00, 0.00, 30.04, 1.00, 0.00, 0.00, 0.00, 0.00, 2.99, 26.20, 21.06, 87.70, 21.12, 86.45, 22.80, 83.90, 22.69, 72.57, 38.59, 22.77, -999
14/10/16 02, 4.03, 0.73, 4.86, 4.31, 3.45, 5.50, 4.59, 115.53, 1.00, 0.00, 0.00, 0.00, 0.00, 33.92, 1.00, 0.00, 0.00, 0.00, 0.00, 0.00, 0.00, 0.00, 0.00, 0.00, 0.00, 30.59, 1.00, 0.00, 0.00, 89.35, 1.00, 2.99, 24.32, 27.72, 91.63, 27.82, 66.70, 27.93, 63.82, 27.82, 75.91, 30.31, 29.41, -999
14/10/16 03, 3.84, 1.37, 5.25, 3.15, 2.93, 5.28, 3.81, 113.76, 1.00, 0.00, 0.00, 0.00, 0.00, 0.00, 0.00, 0.00, 0.00, 0.00, 0.00, 0.00, 0.00, 0.00, 0.00, 0.00, 0.00, 0.00, 0.00, 0.00, 0.00, 77.50, 1.00, 2.99, 25.33, 30.43, 76.10, 30.43, 67.09, 31.27, 63.68, 31.27, 60.27, 32.76, 31.86, -999
14/10/16 04, 3.74, 1.93, 5.02, 3.43, 2.49, 5.02, 2.83, 114.07, 1.00, 0.00, 0.00, 0.00, 0.00, 0.00, 0.00, 0.00, 0.00, 0.00, 0.00, 47.56, 1.00, 0.00, 0.00, 0.00, 0.00, 0.00, 0.00, 0.00, 0.00, 92.24, 1.00, 2.99, 25.15, 28.23, 76.44, 28.19, 90.11, 31.05, 63.57, 31.05, 59.70, 30.82, 29.92, -999
14/10/16 05, 3.56, 2.38, 4.83, 4.38, 2.13, 5.17, 3.17, 115.65, 1.00, 0.00, 0.00, 0.00, 0.00, 0.00, 0.00, 0.00, 0.00, 0.00, 0.00, 48.07, 1.00, 0.00, 0.00, 0.00, 0.00, 31.75, 1.00, 0.00, 0.00, 84.59, 1.00, 2.99, 24.25, 28.21, 76.13, 28.17, 89.18, 27.61, 62.33, 27.50, 71.64, 30.76, 29.86, -999
14/10/16 06, 3.37, 3.01, 4.63, 3.87, 1.58, 5.50, 4.12, 114.90, 1.00, 0.00, 0.00, 0.00, 0.00, 0.00, 0.00, 0.00, 0.00, 0.00, 0.00, 0.00, 0.00, 0.00, 0.00, 0.00, 0.00, 30.73, 1.00, 0.00, 0.00, 65.49, 1.00, 2.99, 24.68, 30.98, 75.43, 30.98, 66.96, 28.15, 61.69, 28.04, 75.64, 33.24, 32.34, -999
14/10/16 07, 3.15, 3.66, 4.40, 2.80, 1.88, 5.43, 4.48, 115.88, 1.00, 0.00, 0.00, 0.00, 0.00, 0.00, 0.00, 0.00, 0.00, 0.00, 0.00, 50.56, 1.00, 37.13, 1.00, 0.00, 0.00, 0.00, 0.00, 0.00, 0.00, 76.25, 1.00, 2.99, 24.12, 29.00, 73.50, 28.96, 85.19, 26.70, 84.81, 26.70, 58.83, 31.51, 30.61, -999
14/10/16 08, 2.93, 3.92, 4.08, 2.96, 2.47, 5.09, 2.95, 118.03, 1.00, 0.00, 0.00, 0.00, 0.00, 0.00, 0.00, 0.00, 0.00, 0.00, 0.00, 50.69, 1.00, 37.13, 1.00, 0.00, 0.00, 0.00, 0.00, 0.00, 0.00, 66.16, 1.00, 2.99, 22.89, 28.94, 71.18, 28.90, 84.87, 25.49, 83.59, 25.49, 51.41, 31.40, 30.50, -999
14/10/16 09, 2.52, 4.01, 3.68, 3.00, 2.82, 4.97, 2.06, 119.13, 1.00, 0.00, 0.00, 0.00, 0.00, 0.00, 0.00, 0.00, 0.00, 0.00, 0.00, 50.47, 1.00, 35.09, 1.00, 0.00, 0.00, 30.67, 1.00, 0.00, 0.00, 58.30, 1.00, 2.99, 22.25, 28.88, 69.86, 28.84, 85.26, 18.83, 80.66, 18.72, 66.53, 31.30, 30.40, -999
14/10/16 10, 2.14, 4.08, 3.24, 3.14, 3.03, 5.10, 2.04, 119.50, 1.00, 0.00, 0.00, 0.00, 0.00, 0.00, 0.00, 0.00, 0.00, 0.00, 0.00, 50.47, 1.00, 34.98, 1.00, 0.00, 0.00, 30.64, 1.00, 0.00, 0.00, 55.18, 1.00, 2.99, 22.04, 28.92, 72.14, 28.88, 85.29, 18.60, 80.62, 18.49, 66.39, 31.33, 30.43, -999
14/10/16 11, 1.76, 4.04, 3.14, 3.26, 3.22, 5.20, 1.96, 119.46, 1.00, 0.00, 0.00, 0.00, 0.00, 35.58, 1.00, 0.00, 0.00, 0.00, 0.00, 49.96, 1.00, 34.15, 1.00, 0.00, 0.00, 30.64, 1.00, 0.00, 0.00, 60.52, 1.00, 2.99, 22.06, 27.93, 89.03, 28.00, 85.42, 18.80, 82.22, 18.69, 66.59, 30.78, 29.88, -999
14/10/16 12, 1.41, 3.77, 3.63, 3.44, 3.67, 5.33, 1.97, 119.88, 1.00, 0.00, 0.00, 0.00, 0.00, 34.87, 1.00, 0.00, 0.00, 0.00, 0.00, 50.10, 1.00, 33.69, 1.00, 0.00, 0.00, 30.71, 1.00, 0.00, 0.00, 60.17, 1.00, 2.99, 21.81, 27.68, 90.00, 27.75, 84.90, 18.60, 82.78, 18.48, 66.16, 30.52, 29.62, -999
14/10/16 13, 1.10, 3.53, 4.14, 3.44, 3.90, 5.39, 1.80, 119.21, 1.00, 0.00, 0.00, 0.00, 0.00, 35.38, 1.00, 0.00, 0.00, 0.00, 0.00, 49.48, 1.00, 0.00, 0.00, 0.00, 0.00, 32.22, 1.00, 0.00, 0.00, 65.64, 1.00, 2.99, 22.20, 27.62, 89.06, 27.69, 86.04, 25.19, 64.02, 25.07, 67.58, 30.48, 29.58, -999
14/10/16 14, 1.04, 3.40, 4.61, 3.75, 3.33, 5.50, 2.04, 98.13, 1.00, 98.15, 1.00, 0.00, 0.00, 34.71, 1.00, 0.00, 0.00, 0.00, 0.00, 49.46, 1.00, 0.00, 0.00, 0.00, 0.00, 31.56, 1.00, 0.00, 0.00, 77.31, 1.00, 2.97, 33.97, 27.76, 90.35, 27.82, 86.20, 25.98, 62.49, 25.86, 70.68, 30.68, 29.78, -999
14/10/16 15, 1.10, 3.33, 5.11, 4.03, 2.61, 5.50, 2.55, 97.42, 1.00, 97.44, 1.00, 0.00, 0.00, 34.67, 1.00, 0.00, 0.00, 0.00, 0.00, 49.81, 1.00, 0.00, 0.00, 0.00, 0.00, 31.60, 1.00, 0.00, 0.00, 80.69, 1.00, 2.97, 34.36, 27.72, 90.37, 27.78, 85.49, 26.27, 62.21, 26.15, 70.83, 30.66, 29.76, -999
14/10/16 16, 1.20, 3.45, 5.17, 4.08, 1.95, 5.50, 3.00, 97.44, 1.00, 97.45, 1.00, 0.00, 0.00, 0.00, 0.00, 0.00, 0.00, 0.00, 0.00, 49.90, 1.00, 0.00, 0.00, 0.00, 0.00, 31.54, 1.00, 0.00, 0.00, 75.71, 1.00, 2.97, 34.35, 28.80, 73.87, 28.76, 86.29, 26.33, 61.05, 26.22, 71.11, 31.30, 30.40, -999
14/10/16 17, 1.27, 3.72, 4.83, 4.27, 1.50, 5.50, 3.39, 97.64, 1.00, 97.66, 1.00, 0.00, 0.00, 0.00, 0.00, 0.00, 0.00, 0.00, 0.00, 49.91, 1.00, 34.32, 1.00, 0.00, 0.00, 29.64, 1.00, 0.00, 0.00, 72.79, 1.00, 2.97, 34.24, 28.95, 72.74, 28.91, 86.42, 20.07, 83.21, 19.97, 71.12, 31.44, 30.54, -999
14/10/16 18, 1.23, 3.95, 4.46, 4.45, 2.21, 5.50, 3.91, 97.33, 1.00, 97.35, 1.00, 0.00, 0.00, 0.00, 0.00, 0.00, 0.00, 0.00, 0.00, 50.00, 1.00, 35.16, 1.00, 0.00, 0.00, 29.66, 1.00, 0.00, 0.00, 72.10, 1.00, 2.97, 34.41, 29.16, 72.57, 29.12, 86.46, 19.96, 81.66, 19.85, 70.94, 31.65, 30.75, -999
14/10/16 19, 1.27, 4.43, 4.10, 3.46, 2.62, 5.50, 4.32, 97.91, 1.00, 97.93, 1.00, 0.00, 0.00, 0.00, 0.00, 0.00, 0.00, 0.00, 0.00, 0.00, 0.00, 34.61, 1.00, 0.00, 0.00, 29.70, 1.00, 0.00, 0.00, 51.47, 1.00, 2.97, 34.09, 31.33, 70.63, 31.33, 60.36, 19.77, 82.41, 19.67, 70.62, 33.53, 32.63, -999
14/10/16 20, 1.19, 4.68, 3.68, 3.00, 3.12, 5.50, 4.59, 98.02, 1.00, 98.04, 1.00, 0.00, 0.00, 0.00, 0.00, 0.00, 0.00, 0.00, 0.00, 51.04, 1.00, 35.26, 1.00, 0.00, 0.00, 29.59, 1.00, 0.00, 0.00, 64.87, 1.00, 2.97, 34.04, 29.65, 70.43, 29.61, 84.88, 19.63, 81.15, 19.52, 70.83, 32.11, 31.21, -999
14/10/16 21, 1.14, 4.82, 3.26, 2.99, 3.34, 5.50, 4.85, 97.85, 1.00, 97.87, 1.00, 0.00, 0.00, 0.00, 0.00, 0.00, 0.00, 0.00, 0.00, 51.09, 1.00, 37.26, 1.00, 0.00, 0.00, 0.00, 0.00, 0.00, 0.00, 64.96, 1.00, 2.97, 34.13, 29.79, 68.94, 29.75, 84.93, 25.32, 83.19, 25.32, 56.31, 32.25, 31.35, -999
14/10/16 22, 1.20, 4.88, 3.04, 2.99, 3.58, 5.04, 2.70, 98.49, 1.00, 98.51, 1.00, 0.00, 0.00, 37.91, 1.00, 0.00, 0.00, 0.00, 0.00, 50.34, 1.00, 36.74, 1.00, 0.00, 0.00, 0.00, 0.00, 0.00, 0.00, 66.77, 1.00, 2.97, 33.78, 28.85, 85.72, 28.93, 85.59, 25.24, 84.05, 25.24, 54.67, 31.77, 30.87, -999
14/10/16 23, 1.11, 4.64, 3.41, 3.21, 3.90, 5.02, 2.13, 97.96, 1.00, 97.98, 1.00, 0.00, 0.00, 36.62, 1.00, 0.00, 0.00, 0.00, 0.00, 50.66, 1.00, 34.71, 1.00, 0.00, 0.00, 30.86, 1.00, 0.00, 0.00, 69.02, 1.00, 2.97, 34.07, 28.73, 87.97, 28.80, 84.83, 19.44, 81.91, 19.33, 66.52, 31.64, 30.74, -999
15/10/16 00, 1.14, 4.46, 3.86, 3.19, 3.47, 5.16, 2.12, 97.60, 1.00, 97.62, 1.00, 0.00, 0.00, 36.02, 1.00, 0.00, 0.00, 0.00, 0.00, 50.43, 1.00, 0.00, 0.00, 0.00, 0.00, 32.12, 1.00, 0.00, 0.00, 72.30, 1.00, 2.97, 34.26, 28.67, 89.00, 28.74, 85.24, 26.15, 62.05, 26.03, 68.86, 31.59, 30.69, -999
15/10/16 01, 1.24, 4.32, 4.33, 3.29, 2.66, 5.42, 2.58, 96.61, 1.00, 96.63, 1.00, 0.00, 0.00, 34.35, 1.00, 0.00, 0.00, 0.00, 0.00, 49.22, 1.00, 0.00, 0.00, 0.00, 0.00, 31.92, 1.00, 0.00, 0.00, 77.08, 1.00, 2.98, 34.79, 28.70, 91.90, 28.76, 87.62, 26.62, 62.92, 26.50, 70.06, 31.61, 30.71, -999
15/10/16 02, 1.39, 4.26, 4.88, 3.87, 2.12, 5.50, 3.47, 96.60, 1.00, 96.62, 1.00, 0.00, 0.00, 34.02, 1.00, 0.00, 0.00, 0.00, 0.00, 49.22, 1.00, 0.00, 0.00, 0.00, 0.00, 30.28, 1.00, 0.00, 0.00, 77.96, 1.00, 2.98, 34.80, 28.66, 92.41, 28.72, 87.57, 26.94, 62.54, 26.84, 75.92, 31.56, 30.66, -999
15/10/16 03, 1.53, 4.28, 5.24, 4.36, 1.61, 5.50, 4.61, 95.92, 1.00, 95.94, 1.00, 0.00, 0.00, 0.00, 0.00, 0.00, 0.00, 0.00, 0.00, 48.80, 1.00, 0.00, 0.00, 0.00, 0.00, 30.18, 1.00, 0.00, 0.00, 76.31, 1.00, 2.98, 35.16, 29.70, 75.40, 29.66, 89.30, 27.32, 62.23, 27.21, 76.62, 32.20, 31.30, -999
15/10/16 04, 1.74, 4.85, 4.97, 3.78, 2.06, 5.28, 3.77, 94.39, 1.00, 94.40, 1.00, 0.00, 0.00, 0.00, 0.00, 0.00, 0.00, 0.00, 0.00, 0.00, 0.00, 36.54, 1.00, 0.00, 0.00, 0.00, 0.00, 0.00, 0.00, 61.79, 1.00, 2.98, 35.98, 32.52, 76.47, 32.52, 68.55, 27.23, 86.43, 27.23, 60.07, 34.77, 33.87, -999
15/10/16 05, 1.99, 5.50, 4.78, 2.95, 2.83, 5.01, 2.74, 95.57, 1.00, 95.59, 1.00, 0.00, 0.00, 0.00, 0.00, 0.00, 0.00, 0.00, 0.00, 49.97, 1.00, 36.42, 1.00, 0.00, 0.00, 0.00, 0.00, 0.00, 0.00, 70.78, 1.00, 2.98, 35.35, 30.67, 74.84, 30.63, 88.03, 26.84, 86.24, 26.84, 58.28, 33.15, 32.25, -999
15/10/16 06, 2.28, 5.12, 4.51, 3.55, 3.49, 5.20, 3.02, 91.92, 1.00, 91.94, 1.00, 0.00, 0.00, 0.00, 0.00, 0.00, 0.00, 0.00, 0.00, 48.98, 1.00, 34.93, 1.00, 0.00, 0.00, 30.88, 1.00, 0.00, 0.00, 0.00, 0.00, 2.98, 37.29, 28.20, 74.87, 28.17, 87.46, 22.38, 84.48, 22.27, 69.38, 40.27, 29.57, -999
15/10/16 07, 2.60, 4.60, 4.25, 4.08, 3.92, 5.49, 3.57, 90.71, 1.00, 90.73, 1.00, 0.00, 0.00, 0.00, 0.00, 0.00, 0.00, 0.00, 0.00, 48.97, 1.00, 0.00, 0.00, 0.00, 0.00, 32.54, 1.00, 0.00, 0.00, 0.00, 0.00, 2.98, 37.93, 27.69, 73.58, 27.65, 86.97, 29.93, 63.99, 29.80, 71.16, 41.44, 29.06, -999
15/10/16 08, 3.02, 4.08, 3.94, 4.47, 3.34, 5.50, 4.57, 91.34, 1.00, 91.36, 1.00, 0.00, 0.00, 0.00, 0.00, 0.00, 0.00, 0.00, 0.00, 49.19, 1.00, 0.00, 0.00, 0.00, 0.00, 31.71, 1.00, 0.00, 0.00, 0.00, 0.00, 2.98, 37.59, 27.15, 72.06, 27.11, 86.02, 29.92, 62.67, 29.81, 74.08, 41.16, 28.52, -999
15/10/16 09, 3.45, 3.95, 3.58, 3.36, 2.64, 5.32, 4.02, 88.88, 1.00, 88.89, 1.00, 0.00, 0.00, 0.00, 0.00, 0.00, 0.00, 0.00, 0.00, 0.00, 0.00, 0.00, 0.00, 0.00, 0.00, 0.00, 0.00, 0.00, 0.00, 0.00, 0.00, 2.98, 38.88, 28.95, 70.42, 28.95, 59.86, 34.35, 60.76, 34.35, 55.68, 43.11, 30.14, -999
15/10/16 10, 3.93, 3.55, 3.17, 2.88, 1.78, 5.03, 2.49, 91.39, 1.00, 91.40, 1.00, 0.00, 0.00, 0.00, 0.00, 0.00, 0.00, 0.00, 0.00, 49.97, 1.00, 0.00, 0.00, 0.00, 0.00, 33.46, 1.00, 0.00, 0.00, 0.00, 0.00, 2.98, 37.57, 26.57, 68.87, 26.53, 83.93, 30.02, 59.94, 29.89, 67.85, 41.34, 27.94, -999
15/10/16 11, 4.14, 2.80, 3.24, 2.77, 1.72, 5.17, 2.39, 91.85, 1.00, 91.86, 1.00, 0.00, 0.00, 33.72, 1.00, 0.00, 0.00, 0.00, 0.00, 48.11, 1.00, 36.26, 1.00, 0.00, 0.00, 31.29, 1.00, 0.00, 0.00, 0.00, 0.00, 2.98, 37.33, 22.75, 87.00, 22.82, 83.74, 22.75, 82.50, 22.63, 68.35, 40.81, 24.50, -999
15/10/16 12, 4.33, 1.94, 3.68, 2.90, 2.17, 5.41, 2.76, 91.63, 1.00, 91.65, 1.00, 0.00, 0.00, 33.07, 1.00, 0.00, 0.00, 0.00, 0.00, 47.95, 1.00, 36.03, 1.00, 0.00, 0.00, 31.46, 1.00, 0.00, 0.00, 0.00, 0.00, 2.98, 37.44, 21.98, 87.29, 22.04, 83.26, 22.95, 83.12, 22.84, 68.00, 40.99, 23.72, -999
15/10/16 13, 4.49, 1.08, 4.12, 2.90, 2.67, 5.50, 3.03, 112.78, 1.00, 0.00, 0.00, 0.00, 0.00, 32.54, 1.00, 0.00, 0.00, 0.00, 0.00, 47.41, 1.00, 35.69, 1.00, 0.00, 0.00, 30.90, 1.00, 0.00, 0.00, 0.00, 0.00, 2.99, 25.88, 21.25, 87.40, 21.30, 83.49, 22.35, 83.12, 22.23, 69.30, 38.42, 22.97, -999
15/10/16 14, 4.26, 0.47, 4.56, 3.03, 3.13, 5.50, 3.17, 118.32, 1.00, 0.00, 0.00, 0.00, 0.00, 33.65, 1.00, 0.00, 0.00, 0.00, 0.00, 48.90, 1.00, 34.65, 1.00, 0.00, 0.00, 29.63, 1.00, 0.00, 0.00, 93.23, 1.00, 2.99, 22.72, 25.01, 89.36, 25.07, 84.52, 19.91, 82.48, 19.80, 70.98, 28.00, 27.10, -999
15/10/16 15, 3.77, 0.57, 5.03, 3.18, 3.57, 5.50, 3.70, 118.51, 1.00, 0.00, 0.00, 0.00, 0.00, 33.52, 1.00, 0.00, 0.00, 0.00, 0.00, 48.63, 1.00, 34.30, 1.00, 0.00, 0.00, 29.58, 1.00, 0.00, 0.00, 91.48, 1.00, 2.99, 22.61, 25.09, 89.67, 25.15, 85.10, 19.83, 82.98, 19.72, 71.07, 28.07, 27.17, -999
15/10/16 16, 3.30, 0.74, 5.30, 3.45, 4.05, 5.50, 4.17, 116.52, 1.00, 0.00, 0.00, 0.00, 0.00, 0.00, 0.00, 0.00, 0.00, 0.00, 0.00, 49.51, 1.00, 0.00, 0.00, 0.00, 0.00, 31.49, 1.00, 0.00, 0.00, 90.96, 1.00, 2.99, 23.75, 26.83, 72.91, 26.79, 85.08, 27.11, 63.25, 27.00, 72.03, 29.42, 28.52, -999
15/10/16 17, 3.02, 1.16, 4.92, 3.57, 3.33, 5.50, 4.56, 117.60, 1.00, 0.00, 0.00, 0.00, 0.00, 0.00, 0.00, 0.00, 0.00, 0.00, 0.00, 49.32, 1.00, 0.00, 0.00, 0.00, 0.00, 31.38, 1.00, 0.00, 0.00, 85.14, 1.00, 2.99, 23.13, 26.96, 72.44, 26.92, 85.58, 26.51, 62.65, 26.40, 71.83, 29.51, 28.61, -999
15/10/16 18, 2.72, 1.54, 4.53, 3.78, 2.63, 5.42, 4.44, 116.95, 1.00, 0.00, 0.00, 0.00, 0.00, 0.00, 0.00, 0.00, 0.00, 0.00, 0.00, 48.97, 1.00, 0.00, 0.00, 0.00, 0.00, 0.00, 0.00, 0.00, 0.00, 85.62, 1.00, 2.99, 23.51, 27.38, 72.69, 27.34, 86.66, 29.54, 61.99, 29.54, 56.95, 29.93, 29.03, -999
15/10/16 19, 2.52, 1.92, 4.17, 4.17, 1.94, 5.01, 2.53, 117.27, 1.00, 0.00, 0.00, 0.00, 0.00, 0.00, 0.00, 0.00, 0.00, 0.00, 0.00, 49.69, 1.00, 0.00, 0.00, 0.00, 0.00, 0.00, 0.00, 0.00, 0.00, 82.50, 1.00, 2.99, 23.32, 27.56, 71.90, 27.52, 85.47, 29.35, 60.23, 29.35, 53.90, 30.10, 29.20, -999
15/10/16 20, 2.17, 2.18, 3.79, 4.19, 1.38, 5.13, 2.39, 120.38, 1.00, 0.00, 0.00, 0.00, 0.00, 0.00, 0.00, 0.00, 0.00, 0.00, 0.00, 49.64, 1.00, 35.09, 1.00, 0.00, 0.00, 30.41, 1.00, 0.00, 0.00, 66.67, 1.00, 2.99, 21.53, 27.25, 70.61, 27.21, 85.24, 18.09, 79.91, 17.98, 66.65, 29.70, 28.80, -999
15/10/16 21, 1.74, 2.35, 3.38, 4.16, 1.68, 5.26, 2.34, 121.34, 1.00, 0.00, 0.00, 0.00, 0.00, 0.00, 0.00, 0.00, 0.00, 0.00, 0.00, 49.97, 1.00, 35.13, 1.00, 0.00, 0.00, 30.54, 1.00, 0.00, 0.00, 60.64, 1.00, 2.99, 20.97, 27.27, 68.08, 27.23, 84.63, 17.40, 79.15, 17.29, 65.55, 29.70, 28.80, -999
15/10/16 22, 1.30, 2.45, 2.90, 3.88, 1.83, 5.17, 1.74, 122.57, 1.00, 0.00, 0.00, 0.00, 0.00, 36.85, 1.00, 0.00, 0.00, 0.00, 0.00, 49.76, 1.00, 34.89, 1.00, 0.00, 0.00, 30.33, 1.00, 0.00, 0.00, 58.95, 1.00, 2.99, 20.25, 26.22, 85.07, 26.30, 84.11, 16.69, 78.86, 16.59, 65.52, 29.08, 28.18, -999
15/10/16 23, 0.93, 2.23, 3.27, 3.54, 1.95, 5.12, 1.36, 99.22, 1.00, 99.24, 1.00, 0.00, 0.00, 35.39, 1.00, 0.00, 0.00, 0.00, 0.00, 49.98, 1.00, 35.05, 1.00, 0.00, 0.00, 30.93, 1.00, 0.00, 0.00, 80.44, 1.00, 2.97, 33.39, 26.60, 88.03, 26.67, 84.04, 18.68, 80.58, 18.57, 65.53, 29.55, 28.65, -999
16/10/16 00, 0.77, 2.18, 3.73, 3.27, 2.27, 5.08, 1.00, 98.37, 1.00, 98.39, 1.00, 0.00, 0.00, 34.52, 1.00, 0.00, 0.00, 0.00, 0.00, 48.51, 1.00, 34.41, 1.00, 0.00, 0.00, 30.53, 1.00, 0.00, 0.00, 83.75, 1.00, 2.97, 33.85, 26.60, 89.52, 26.66, 86.85, 19.31, 82.29, 19.20, 67.48, 29.54, 28.64, -999
16/10/16 01, 0.70, 2.18, 4.23, 3.80, 2.81, 5.30, 1.50, 97.80, 1.00, 97.82, 1.00, 0.00, 0.00, 33.18, 1.00, 0.00, 0.00, 0.00, 0.00, 48.00, 1.00, 34.13, 1.00, 0.00, 0.00, 30.20, 1.00, 0.00, 0.00, 85.47, 1.00, 2.97, 34.15, 26.65, 91.78, 26.71, 87.83, 19.65, 83.10, 19.54, 68.88, 29.58, 28.68, -999
16/10/16 02, 0.68, 2.23, 4.78, 4.42, 3.40, 5.50, 2.33, 97.62, 1.00, 97.64, 1.00, 0.00, 0.00, 32.70, 1.00, 0.00, 0.00, 0.00, 0.00, 47.74, 1.00, 33.97, 1.00, 0.00, 0.00, 28.88, 1.00, 0.00, 0.00, 85.68, 1.00, 2.97, 34.25, 26.72, 92.60, 26.77, 88.36, 20.06, 83.76, 19.96, 73.47, 29.63, 28.73, -999
16/10/16 03, 0.73, 2.59, 5.34, 3.84, 3.99, 5.50, 3.40, 95.47, 1.00, 95.49, 1.00, 0.00, 0.00, 0.00, 0.00, 0.00, 0.00, 0.00, 0.00, 0.00, 0.00, 0.00, 0.00, 0.00, 0.00, 29.60, 1.00, 0.00, 0.00, 68.93, 1.00, 2.98, 35.41, 30.85, 77.09, 30.85, 68.63, 27.22, 65.00, 27.12, 78.38, 33.14, 32.24, -999
16/10/16 04, 1.00, 3.31, 5.17, 3.02, 3.61, 5.50, 4.88, 94.19, 1.00, 94.21, 1.00, 0.00, 0.00, 0.00, 0.00, 0.00, 0.00, 0.00, 0.00, 0.00, 0.00, 0.00, 0.00, 0.00, 0.00, 0.00, 0.00, 0.00, 0.00, 70.93, 1.00, 2.98, 36.09, 31.75, 76.73, 31.75, 68.41, 30.46, 64.72, 30.46, 61.61, 34.05, 33.15, -999
16/10/16 05, 1.33, 3.71, 4.99, 3.89, 3.26, 5.30, 3.99, 94.77, 1.00, 94.79, 1.00, 0.00, 0.00, 0.00, 0.00, 0.00, 0.00, 0.00, 0.00, 48.20, 1.00, 0.00, 0.00, 0.00, 0.00, 0.00, 0.00, 0.00, 0.00, 84.60, 1.00, 2.98, 35.78, 29.53, 76.56, 29.50, 90.24, 30.27, 64.29, 30.27, 60.59, 32.08, 31.18, -999
16/10/16 06, 1.67, 4.20, 4.81, 4.27, 2.89, 5.06, 3.06, 93.98, 1.00, 94.00, 1.00, 0.00, 0.00, 0.00, 0.00, 0.00, 0.00, 0.00, 0.00, 0.00, 0.00, 0.00, 0.00, 0.00, 0.00, 0.00, 0.00, 0.00, 0.00, 67.93, 1.00, 2.98, 36.20, 32.38, 75.62, 32.38, 68.67, 30.89, 63.89, 30.89, 59.16, 34.66, 33.76, -999
16/10/16 07, 2.00, 4.90, 4.58, 3.38, 2.51, 4.93, 2.45, 94.92, 1.00, 94.94, 1.00, 0.00, 0.00, 0.00, 0.00, 0.00, 0.00, 0.00, 0.00, 0.00, 0.00, 0.00, 0.00, 0.00, 0.00, 32.27, 1.00, 0.00, 0.00, 60.34, 1.00, 2.98, 35.70, 32.46, 74.64, 32.46, 66.46, 27.70, 62.76, 27.57, 69.88, 34.70, 33.80, -999
16/10/16 08, 2.18, 5.35, 4.31, 3.16, 1.97, 5.24, 3.08, 96.07, 1.00, 96.09, 1.00, 0.00, 0.00, 0.00, 0.00, 0.00, 0.00, 0.00, 0.00, 50.50, 1.00, 0.00, 0.00, 0.00, 0.00, 32.10, 1.00, 0.00, 0.00, 70.62, 1.00, 2.98, 35.08, 30.49, 73.24, 30.45, 86.81, 27.32, 62.05, 27.20, 70.11, 32.97, 32.07, -999
16/10/16 09, 2.35, 5.36, 3.98, 3.53, 1.61, 5.50, 3.68, 93.85, 1.00, 93.87, 1.00, 0.00, 0.00, 0.00, 0.00, 0.00, 0.00, 0.00, 0.00, 49.69, 1.00, 35.48, 1.00, 0.00, 0.00, 30.40, 1.00, 0.00, 0.00, 0.00, 0.00, 2.98, 36.27, 28.39, 71.12, 28.35, 86.29, 21.43, 82.57, 21.32, 70.03, 39.18, 29.76, -999
16/10/16 10, 2.55, 4.83, 3.58, 3.84, 2.15, 5.50, 3.90, 93.30, 1.00, 93.32, 1.00, 0.00, 0.00, 0.00, 0.00, 0.00, 0.00, 0.00, 0.00, 49.80, 1.00, 35.92, 1.00, 0.00, 0.00, 30.45, 1.00, 0.00, 0.00, 0.00, 0.00, 2.98, 36.56, 27.86, 71.30, 27.82, 85.55, 21.66, 82.03, 21.55, 70.09, 39.55, 29.23, -999
16/10/16 11, 2.77, 4.30, 3.20, 3.94, 2.54, 5.50, 4.09, 93.72, 1.00, 93.74, 1.00, 0.00, 0.00, 0.00, 0.00, 0.00, 0.00, 0.00, 0.00, 49.57, 1.00, 35.77, 1.00, 0.00, 0.00, 30.43, 1.00, 0.00, 0.00, 0.00, 0.00, 2.98, 36.34, 27.35, 69.28, 27.31, 85.48, 21.59, 82.22, 21.48, 70.10, 39.38, 28.72, -999
16/10/16 12, 2.95, 3.58, 3.22, 4.00, 2.91, 5.50, 4.24, 93.35, 1.00, 93.37, 1.00, 0.00, 0.00, 34.67, 1.00, 0.00, 0.00, 0.00, 0.00, 48.21, 1.00, 35.82, 1.00, 0.00, 0.00, 30.66, 1.00, 0.00, 0.00, 0.00, 0.00, 2.98, 36.53, 23.41, 86.07, 23.48, 84.21, 21.78, 82.31, 21.67, 69.51, 39.63, 25.18, -999
16/10/16 13, 3.14, 2.71, 3.62, 3.92, 3.25, 5.50, 4.21, 93.12, 1.00, 93.13, 1.00, 0.00, 0.00, 34.24, 1.00, 0.00, 0.00, 0.00, 0.00, 48.04, 1.00, 35.60, 1.00, 0.00, 0.00, 30.41, 1.00, 0.00, 0.00, 0.00, 0.00, 2.98, 36.66, 22.61, 85.98, 22.67, 83.72, 22.10, 83.03, 21.99, 70.67, 39.82, 24.36, -999
16/10/16 14, 3.33, 1.84, 4.01, 3.74, 3.65, 5.50, 4.45, 92.69, 1.00, 92.71, 1.00, 0.00, 0.00, 33.43, 1.00, 0.00, 0.00, 0.00, 0.00, 47.63, 1.00, 35.58, 1.00, 0.00, 0.00, 30.69, 1.00, 0.00, 0.00, 0.00, 0.00, 2.98, 36.88, 21.88, 86.60, 21.94, 83.73, 22.32, 83.29, 22.21, 69.95, 40.12, 23.62, -999
16/10/16 15, 3.55, 0.98, 4.42, 3.68, 3.91, 5.50, 4.49, 91.17, 1.00, 91.18, 1.00, 0.00, 0.00, 32.98, 1.00, 0.00, 0.00, 0.00, 0.00, 47.25, 1.00, 0.00, 0.00, 0.00, 0.00, 32.43, 1.00, 0.00, 0.00, 0.00, 0.00, 2.98, 37.69, 21.11, 86.56, 21.17, 83.65, 30.12, 62.66, 30.00, 71.74, 41.39, 22.84, -999
16/10/16 16, 3.69, 0.62, 4.83, 3.72, 3.13, 5.50, 4.68, 96.53, 1.00, 96.55, 1.00, 0.00, 0.00, 34.92, 1.00, 0.00, 0.00, 0.00, 0.00, 49.05, 1.00, 0.00, 0.00, 0.00, 0.00, 32.08, 1.00, 0.00, 0.00, 106.59, 1.00, 2.98, 34.83, 25.44, 87.68, 25.51, 84.68, 28.02, 60.29, 27.90, 70.90, 28.55, 27.65, -999
16/10/16 17, 3.54, 0.85, 5.23, 3.74, 2.15, 5.50, 4.72, 96.87, 1.00, 96.89, 1.00, 0.00, 0.00, 35.35, 1.00, 0.00, 0.00, 0.00, 0.00, 49.44, 1.00, 0.00, 0.00, 0.00, 0.00, 31.98, 1.00, 0.00, 0.00, 104.27, 1.00, 2.98, 34.66, 25.56, 87.06, 25.63, 84.05, 27.81, 59.70, 27.69, 71.05, 28.67, 27.77, -999
16/10/16 18, 3.37, 1.27, 4.90, 3.52, 1.57, 5.50, 4.74, 96.88, 1.00, 96.90, 1.00, 0.00, 0.00, 0.00, 0.00, 0.00, 0.00, 0.00, 0.00, 50.18, 1.00, 36.02, 1.00, 0.00, 0.00, 30.76, 1.00, 0.00, 0.00, 92.72, 1.00, 2.98, 34.65, 27.42, 69.68, 27.38, 84.37, 20.67, 80.85, 20.56, 68.09, 30.03, 29.13, -999
16/10/16 19, 3.15, 1.71, 4.42, 3.34, 1.87, 5.50, 4.26, 97.31, 1.00, 97.33, 1.00, 0.00, 0.00, 0.00, 0.00, 0.00, 0.00, 0.00, 0.00, 50.20, 1.00, 35.72, 1.00, 0.00, 0.00, 30.50, 1.00, 0.00, 0.00, 88.96, 1.00, 2.97, 34.42, 27.65, 70.71, 27.61, 84.56, 20.50, 81.21, 20.39, 68.77, 30.23, 29.33, -999
16/10/16 20, 2.94, 2.11, 3.99, 3.27, 2.21, 5.50, 4.08, 97.02, 1.00, 97.04, 1.00, 0.00, 0.00, 0.00, 0.00, 0.00, 0.00, 0.00, 0.00, 50.43, 1.00, 35.83, 1.00, 0.00, 0.00, 30.85, 1.00, 0.00, 0.00, 87.45, 1.00, 2.98, 34.57, 27.95, 70.59, 27.91, 84.40, 20.47, 80.99, 20.35, 67.58, 30.53, 29.63, -999
16/10/16 21, 2.76, 2.49, 3.57, 3.14, 2.47, 5.50, 3.63, 96.62, 1.00, 96.64, 1.00, 0.00, 0.00, 0.00, 0.00, 0.00, 0.00, 0.00, 0.00, 50.79, 1.00, 35.57, 1.00, 0.00, 0.00, 30.63, 1.00, 0.00, 0.00, 86.42, 1.00, 2.98, 34.79, 28.26, 70.53, 28.22, 84.00, 20.74, 81.73, 20.62, 68.57, 30.84, 29.94, -999
16/10/16 22, 2.63, 2.86, 3.16, 2.85, 2.81, 5.50, 3.53, 97.32, 1.00, 97.34, 1.00, 0.00, 0.00, 0.00, 0.00, 0.00, 0.00, 0.00, 0.00, 50.53, 1.00, 35.24, 1.00, 0.00, 0.00, 30.25, 1.00, 0.00, 0.00, 82.02, 1.00, 2.97, 34.41, 28.44, 69.10, 28.39, 84.70, 20.49, 82.05, 20.38, 69.57, 30.98, 30.08, -999
16/10/16 23, 2.46, 3.02, 3.17, 2.90, 3.19, 5.50, 3.70, 97.37, 1.00, 97.39, 1.00, 0.00, 0.00, 36.13, 1.00, 0.00, 0.00, 0.00, 0.00, 50.14, 1.00, 35.07, 1.00, 0.00, 0.00, 30.06, 1.00, 0.00, 0.00, 85.91, 1.00, 2.97, 34.39, 27.39, 87.52, 27.47, 84.53, 20.49, 82.34, 20.39, 70.21, 30.40, 29.50, -999
17/10/16 00, 2.30, 3.01, 3.61, 2.94, 3.57, 5.50, 3.98, 97.29, 1.00, 97.31, 1.00, 0.00, 0.00, 34.65, 1.00, 0.00, 0.00, 0.00, 0.00, 49.98, 1.00, 34.92, 1.00, 0.00, 0.00, 30.36, 1.00, 0.00, 0.00, 85.89, 1.00, 2.97, 34.43, 27.42, 90.11, 27.48, 84.86, 20.44, 82.54, 20.33, 69.17, 30.39, 29.49, -999
17/10/16 01, 2.16, 3.02, 4.13, 3.07, 3.94, 5.50, 3.96, 96.98, 1.00, 97.00, 1.00, 0.00, 0.00, 33.78, 1.00, 0.00, 0.00, 0.00, 0.00, 48.94, 1.00, 34.53, 1.00, 0.00, 0.00, 29.46, 1.00, 0.00, 0.00, 86.63, 1.00, 2.98, 34.59, 27.47, 91.62, 27.53, 86.91, 20.85, 83.63, 20.75, 72.47, 30.42, 29.52, -999
17/10/16 02, 2.17, 3.07, 4.68, 3.61, 3.60, 5.50, 4.72, 96.43, 1.00, 96.45, 1.00, 0.00, 0.00, 33.59, 1.00, 0.00, 0.00, 0.00, 0.00, 48.85, 1.00, 0.00, 0.00, 0.00, 0.00, 30.45, 1.00, 0.00, 0.00, 88.94, 1.00, 2.98, 34.89, 27.55, 92.00, 27.61, 87.16, 27.41, 64.14, 27.30, 75.83, 30.51, 29.61, -999
17/10/16 03, 2.33, 3.17, 5.22, 4.10, 3.11, 5.28, 3.92, 95.01, 1.00, 95.03, 1.00, 0.00, 0.00, 32.68, 1.00, 0.00, 0.00, 0.00, 0.00, 47.71, 1.00, 0.00, 0.00, 0.00, 0.00, 0.00, 0.00, 0.00, 0.00, 94.84, 1.00, 2.98, 35.65, 27.81, 93.74, 27.87, 89.51, 30.63, 63.71, 30.63, 59.65, 30.79, 29.89, -999
17/10/16 04, 2.62, 3.74, 5.12, 4.08, 2.64, 4.99, 2.72, 93.26, 1.00, 93.28, 1.00, 0.00, 0.00, 0.00, 0.00, 0.00, 0.00, 0.00, 0.00, 0.00, 0.00, 0.00, 0.00, 0.00, 0.00, 0.00, 0.00, 0.00, 0.00, 73.32, 1.00, 2.98, 36.58, 32.41, 75.81, 32.41, 69.64, 31.62, 63.29, 31.62, 59.16, 34.71, 33.81, -999
17/10/16 05, 2.86, 4.48, 4.88, 3.39, 2.17, 5.21, 3.19, 93.82, 1.00, 93.84, 1.00, 0.00, 0.00, 0.00, 0.00, 0.00, 0.00, 0.00, 0.00, 0.00, 0.00, 0.00, 0.00, 0.00, 0.00, 32.51, 1.00, 0.00, 0.00, 67.11, 1.00, 2.98, 36.28, 32.59, 76.21, 32.59, 65.82, 28.56, 62.75, 28.43, 69.90, 34.86, 33.96, -999
17/10/16 06, 3.04, 4.94, 4.68, 3.35, 1.70, 5.50, 3.65, 95.01, 1.00, 95.03, 1.00, 0.00, 0.00, 0.00, 0.00, 0.00, 0.00, 0.00, 0.00, 49.92, 1.00, 0.00, 0.00, 0.00, 0.00, 32.47, 1.00, 0.00, 0.00, 78.39, 1.00, 2.98, 35.65, 30.39, 71.84, 30.35, 87.85, 28.14, 62.66, 28.02, 69.62, 32.91, 32.01, -999
17/10/16 07, 3.11, 5.24, 4.28, 3.90, 1.59, 5.50, 4.19, 95.49, 1.00, 95.51, 1.00, 0.00, 0.00, 0.00, 0.00, 0.00, 0.00, 0.00, 0.00, 50.22, 1.00, 35.29, 1.00, 0.00, 0.00, 30.22, 1.00, 0.00, 0.00, 74.62, 1.00, 2.98, 35.39, 30.53, 73.59, 30.49, 87.39, 21.57, 83.04, 21.46, 70.73, 33.03, 32.13, -999
17/10/16 08, 3.06, 5.49, 3.97, 4.28, 2.20, 5.50, 4.46, 96.02, 1.00, 96.04, 1.00, 0.00, 0.00, 0.00, 0.00, 0.00, 0.00, 0.00, 0.00, 50.30, 1.00, 35.92, 1.00, 0.00, 0.00, 30.85, 1.00, 0.00, 0.00, 71.14, 1.00, 2.98, 35.11, 30.66, 72.44, 30.62, 87.37, 20.98, 81.34, 20.87, 68.08, 33.14, 32.24, -999
17/10/16 09, 3.19, 5.28, 3.62, 4.15, 2.50, 5.50, 4.05, 93.09, 1.00, 93.11, 1.00, 0.00, 0.00, 0.00, 0.00, 0.00, 0.00, 0.00, 0.00, 0.00, 0.00, 36.14, 1.00, 0.00, 0.00, 30.10, 1.00, 0.00, 0.00, 0.00, 0.00, 2.98, 36.67, 30.28, 70.01, 30.28, 62.47, 22.07, 82.04, 21.96, 71.64, 39.85, 31.47, -999
17/10/16 10, 3.38, 5.13, 3.20, 3.03, 2.82, 5.50, 4.51, 92.46, 1.00, 92.48, 1.00, 0.00, 0.00, 0.00, 0.00, 0.00, 0.00, 0.00, 0.00, 50.20, 1.00, 35.68, 1.00, 0.00, 0.00, 30.52, 1.00, 0.00, 0.00, 0.00, 0.00, 2.98, 37.00, 28.13, 69.37, 28.09, 85.03, 22.47, 83.25, 22.36, 70.68, 40.26, 29.51, -999
17/10/16 11, 3.59, 4.41, 3.23, 3.12, 3.29, 5.50, 4.69, 92.71, 1.00, 92.73, 1.00, 0.00, 0.00, 33.71, 1.00, 0.00, 0.00, 0.00, 0.00, 48.52, 1.00, 35.60, 1.00, 0.00, 0.00, 30.43, 1.00, 0.00, 0.00, 0.00, 0.00, 2.98, 36.87, 24.31, 88.58, 24.37, 84.54, 22.48, 83.41, 22.37, 70.98, 40.18, 26.07, -999
17/10/16 12, 3.83, 3.54, 3.72, 3.30, 3.76, 5.32, 3.91, 89.49, 1.00, 89.51, 1.00, 0.00, 0.00, 34.72, 1.00, 0.00, 0.00, 0.00, 0.00, 48.77, 1.00, 37.92, 1.00, 0.00, 0.00, 0.00, 0.00, 0.00, 0.00, 0.00, 0.00, 2.98, 38.57, 23.30, 85.87, 23.36, 83.06, 30.23, 86.87, 30.23, 54.20, 42.39, 25.07, -999
17/10/16 13, 4.25, 2.65, 4.09, 2.98, 3.61, 5.07, 2.45, 91.22, 1.00, 91.23, 1.00, 0.00, 0.00, 31.28, 1.00, 0.00, 0.00, 0.00, 0.00, 48.18, 1.00, 0.00, 0.00, 0.00, 0.00, 33.50, 1.00, 0.00, 0.00, 0.00, 0.00, 2.98, 37.66, 22.88, 90.97, 22.93, 83.73, 30.23, 62.31, 30.10, 67.94, 41.52, 24.59, -999
17/10/16 14, 4.55, 1.81, 4.63, 3.05, 2.82, 5.25, 2.45, 112.02, 1.00, 0.00, 0.00, 0.00, 0.00, 33.31, 1.00, 0.00, 0.00, 0.00, 0.00, 47.56, 1.00, 0.00, 0.00, 0.00, 0.00, 33.09, 1.00, 0.00, 0.00, 0.00, 0.00, 2.99, 26.32, 21.87, 86.79, 21.93, 83.86, 29.29, 62.57, 29.17, 68.52, 38.87, 23.61, -999
17/10/16 15, 4.60, 0.96, 5.02, 3.20, 2.19, 5.46, 2.66, 112.07, 1.00, 0.00, 0.00, 0.00, 0.00, 31.98, 1.00, 0.00, 0.00, 0.00, 0.00, 47.45, 1.00, 0.00, 0.00, 0.00, 0.00, 32.83, 1.00, 0.00, 0.00, 0.00, 0.00, 2.99, 26.29, 21.18, 88.21, 21.24, 83.35, 29.34, 61.40, 29.21, 69.52, 38.87, 22.90, -999
17/10/16 16, 4.49, 0.59, 5.18, 3.24, 1.47, 5.50, 3.32, 118.28, 1.00, 0.00, 0.00, 0.00, 0.00, 0.00, 0.00, 0.00, 0.00, 0.00, 0.00, 49.34, 1.00, 35.28, 1.00, 0.00, 0.00, 29.82, 1.00, 0.00, 0.00, 86.05, 1.00, 2.99, 22.74, 26.42, 73.11, 26.38, 84.99, 19.74, 81.24, 19.64, 70.21, 28.98, 28.08, -999
17/10/16 17, 3.98, 0.96, 4.81, 3.40, 1.90, 5.50, 3.68, 117.21, 1.00, 0.00, 0.00, 0.00, 0.00, 0.00, 0.00, 0.00, 0.00, 0.00, 0.00, 49.17, 1.00, 34.84, 1.00, 0.00, 0.00, 29.55, 1.00, 0.00, 0.00, 87.08, 1.00, 2.99, 23.35, 26.86, 73.06, 26.82, 85.75, 20.51, 82.75, 20.40, 71.83, 29.43, 28.53, -999
17/10/16 18, 3.56, 1.35, 4.45, 3.69, 2.49, 5.50, 4.27, 119.09, 1.00, 0.00, 0.00, 0.00, 0.00, 0.00, 0.00, 0.00, 0.00, 0.00, 0.00, 48.99, 1.00, 34.78, 1.00, 0.00, 0.00, 29.56, 1.00, 0.00, 0.00, 78.27, 1.00, 2.99, 22.27, 26.84, 72.17, 26.80, 86.08, 19.32, 81.67, 19.22, 70.62, 29.35, 28.45, -999
17/10/16 19, 3.09, 1.65, 4.08, 4.00, 2.90, 5.50, 4.56, 118.42, 1.00, 0.00, 0.00, 0.00, 0.00, 0.00, 0.00, 0.00, 0.00, 0.00, 0.00, 47.78, 1.00, 35.00, 1.00, 0.00, 0.00, 29.60, 1.00, 0.00, 0.00, 78.15, 1.00, 2.99, 22.66, 27.19, 71.86, 27.16, 88.69, 19.63, 81.60, 19.53, 70.81, 29.70, 28.80, -999
17/10/16 20, 2.71, 2.07, 3.70, 4.23, 3.24, 5.46, 4.60, 117.49, 1.00, 0.00, 0.00, 0.00, 0.00, 0.00, 0.00, 0.00, 0.00, 0.00, 0.00, 0.00, 0.00, 36.81, 1.00, 0.00, 0.00, 0.00, 0.00, 0.00, 0.00, 62.40, 1.00, 2.99, 23.20, 29.79, 71.03, 29.79, 60.19, 25.82, 84.53, 25.82, 55.50, 32.04, 31.14, -999
17/10/16 21, 2.42, 2.59, 3.31, 2.97, 3.70, 4.99, 2.41, 120.40, 1.00, 0.00, 0.00, 0.00, 0.00, 0.00, 0.00, 0.00, 0.00, 0.00, 0.00, 49.68, 1.00, 34.45, 1.00, 0.00, 0.00, 30.43, 1.00, 0.00, 0.00, 63.80, 1.00, 2.99, 21.51, 27.58, 69.49, 27.54, 85.51, 18.25, 81.16, 18.14, 66.76, 30.02, 29.12, -999
17/10/16 22, 1.97, 2.64, 3.09, 3.24, 3.92, 5.14, 2.41, 120.72, 1.00, 0.00, 0.00, 0.00, 0.00, 35.88, 1.00, 0.00, 0.00, 0.00, 0.00, 49.39, 1.00, 34.39, 1.00, 0.00, 0.00, 30.42, 1.00, 0.00, 0.00, 65.59, 1.00, 2.99, 21.33, 26.72, 87.29, 26.79, 85.31, 18.03, 81.05, 17.92, 66.56, 29.59, 28.69, -999
17/10/16 23, 1.60, 2.47, 3.53, 3.46, 3.56, 5.28, 2.38, 119.72, 1.00, 0.00, 0.00, 0.00, 0.00, 35.87, 1.00, 0.00, 0.00, 0.00, 0.00, 49.98, 1.00, 0.00, 0.00, 0.00, 0.00, 32.09, 1.00, 0.00, 0.00, 72.21, 1.00, 2.99, 21.91, 26.69, 87.28, 26.76, 84.15, 25.01, 61.56, 24.89, 67.84, 29.61, 28.71, -999
18/10/16 00, 1.28, 2.32, 3.96, 3.27, 2.68, 5.46, 2.51, 119.44, 1.00, 0.00, 0.00, 0.00, 0.00, 33.91, 1.00, 0.00, 0.00, 0.00, 0.00, 49.32, 1.00, 0.00, 0.00, 0.00, 0.00, 31.76, 1.00, 0.00, 0.00, 73.63, 1.00, 2.99, 22.07, 26.66, 90.59, 26.72, 85.37, 25.15, 61.89, 25.03, 69.13, 29.55, 28.65, -999
18/10/16 01, 1.02, 2.22, 4.49, 3.50, 1.96, 5.50, 3.22, 118.94, 1.00, 0.00, 0.00, 0.00, 0.00, 33.77, 1.00, 0.00, 0.00, 0.00, 0.00, 48.96, 1.00, 0.00, 0.00, 0.00, 0.00, 30.94, 1.00, 0.00, 0.00, 76.00, 1.00, 2.99, 22.36, 26.61, 90.77, 26.67, 86.00, 25.47, 60.93, 25.36, 72.27, 29.50, 28.60, -999
18/10/16 02, 1.00, 2.24, 5.00, 3.83, 1.49, 5.50, 3.82, 97.58, 1.00, 97.60, 1.00, 0.00, 0.00, 33.73, 1.00, 0.00, 0.00, 0.00, 0.00, 48.37, 1.00, 35.05, 1.00, 0.00, 0.00, 28.99, 1.00, 0.00, 0.00, 86.78, 1.00, 2.97, 34.27, 26.70, 90.94, 26.76, 87.19, 19.99, 81.87, 19.89, 73.06, 29.65, 28.75, -999
18/10/16 03, 0.98, 2.36, 5.30, 4.34, 2.01, 5.50, 4.62, 96.97, 1.00, 96.99, 1.00, 0.00, 0.00, 0.00, 0.00, 0.00, 0.00, 0.00, 0.00, 48.08, 1.00, 34.36, 1.00, 0.00, 0.00, 28.62, 1.00, 0.00, 0.00, 81.74, 1.00, 2.98, 34.60, 28.06, 76.13, 28.02, 88.99, 20.42, 83.48, 20.33, 74.60, 30.58, 29.68, -999
18/10/16 04, 1.16, 3.00, 5.07, 3.78, 2.75, 5.29, 3.85, 95.37, 1.00, 95.39, 1.00, 0.00, 0.00, 0.00, 0.00, 0.00, 0.00, 0.00, 0.00, 0.00, 0.00, 36.06, 1.00, 0.00, 0.00, 0.00, 0.00, 0.00, 0.00, 67.43, 1.00, 2.98, 35.46, 31.14, 76.78, 31.14, 68.14, 26.58, 86.62, 26.58, 60.27, 33.41, 32.51, -999
18/10/16 05, 1.39, 3.71, 4.90, 2.89, 3.52, 5.03, 2.86, 95.21, 1.00, 95.22, 1.00, 0.00, 0.00, 0.00, 0.00, 0.00, 0.00, 0.00, 0.00, 48.61, 1.00, 35.83, 1.00, 0.00, 0.00, 0.00, 0.00, 0.00, 0.00, 81.65, 1.00, 2.98, 35.55, 29.37, 76.86, 29.33, 89.34, 26.78, 87.24, 26.78, 59.77, 31.90, 31.00, -999
18/10/16 06, 1.57, 4.05, 4.75, 3.75, 3.93, 5.15, 3.10, 96.79, 1.00, 96.81, 1.00, 0.00, 0.00, 0.00, 0.00, 0.00, 0.00, 0.00, 0.00, 47.90, 1.00, 0.00, 0.00, 0.00, 0.00, 32.07, 1.00, 0.00, 0.00, 74.46, 1.00, 2.98, 34.70, 29.44, 74.31, 29.40, 90.71, 26.71, 64.50, 26.59, 69.63, 31.92, 31.02, -999
18/10/16 07, 1.70, 4.41, 4.45, 4.35, 3.45, 5.44, 3.56, 94.63, 1.00, 94.65, 1.00, 0.00, 0.00, 0.00, 0.00, 0.00, 0.00, 0.00, 0.00, 0.00, 0.00, 0.00, 0.00, 0.00, 0.00, 31.44, 1.00, 0.00, 0.00, 63.48, 1.00, 2.98, 35.85, 32.21, 72.12, 32.21, 68.95, 27.80, 63.24, 27.69, 72.90, 34.47, 33.57, -999
18/10/16 08, 1.97, 5.08, 4.07, 3.50, 2.83, 5.47, 4.68, 95.08, 1.00, 95.10, 1.00, 0.00, 0.00, 0.00, 0.00, 0.00, 0.00, 0.00, 0.00, 0.00, 0.00, 0.00, 0.00, 0.00, 0.00, 0.00, 0.00, 0.00, 0.00, 60.29, 1.00, 2.98, 35.61, 32.63, 71.63, 32.63, 56.12, 30.63, 61.83, 30.63, 57.50, 34.87, 33.97, -999
18/10/16 09, 2.22, 5.42, 3.69, 2.76, 2.08, 5.08, 2.84, 95.81, 1.00, 95.83, 1.00, 0.00, 0.00, 0.00, 0.00, 0.00, 0.00, 0.00, 0.00, 50.79, 1.00, 0.00, 0.00, 0.00, 0.00, 0.00, 0.00, 0.00, 0.00, 72.74, 1.00, 2.98, 35.22, 30.62, 70.02, 30.58, 86.35, 30.40, 60.56, 30.40, 52.76, 33.11, 32.21, -999
18/10/16 10, 2.44, 5.26, 3.26, 3.10, 1.60, 5.01, 2.04, 93.63, 1.00, 93.65, 1.00, 0.00, 0.00, 0.00, 0.00, 0.00, 0.00, 0.00, 0.00, 50.48, 1.00, 35.94, 1.00, 0.00, 0.00, 31.36, 1.00, 0.00, 0.00, 0.00, 0.00, 2.98, 36.39, 28.23, 69.15, 28.19, 84.59, 21.20, 81.53, 21.09, 66.57, 39.32, 29.61, -999
18/10/16 11, 2.64, 4.63, 3.03, 3.06, 1.99, 5.12, 1.95, 93.40, 1.00, 93.41, 1.00, 0.00, 0.00, 34.22, 1.00, 0.00, 0.00, 0.00, 0.00, 48.63, 1.00, 35.69, 1.00, 0.00, 0.00, 31.28, 1.00, 0.00, 0.00, 0.00, 0.00, 2.98, 36.51, 24.46, 87.88, 24.53, 84.48, 21.49, 82.27, 21.38, 67.13, 39.51, 26.23, -999
18/10/16 12, 2.85, 3.75, 3.50, 3.22, 2.44, 5.29, 2.07, 93.04, 1.00, 93.05, 1.00, 0.00, 0.00, 35.18, 1.00, 0.00, 0.00, 0.00, 0.00, 49.02, 1.00, 35.94, 1.00, 0.00, 0.00, 31.38, 1.00, 0.00, 0.00, 0.00, 0.00, 2.98, 36.70, 23.43, 85.22, 23.50, 82.73, 21.67, 82.00, 21.55, 66.96, 39.77, 25.21, -999
18/10/16 13, 3.06, 2.86, 3.86, 2.69, 2.79, 5.42, 2.09, 93.71, 1.00, 93.73, 1.00, 0.00, 0.00, 34.39, 1.00, 0.00, 0.00, 0.00, 0.00, 47.98, 1.00, 35.47, 1.00, 0.00, 0.00, 31.36, 1.00, 0.00, 0.00, 0.00, 0.00, 2.98, 36.34, 22.75, 85.89, 22.82, 83.98, 21.56, 82.73, 21.44, 66.93, 39.47, 24.51, -999
18/10/16 14, 3.22, 1.99, 4.24, 2.89, 3.22, 5.50, 2.12, 92.18, 1.00, 92.20, 1.00, 0.00, 0.00, 32.96, 1.00, 0.00, 0.00, 0.00, 0.00, 47.41, 1.00, 35.76, 1.00, 0.00, 0.00, 30.54, 1.00, 0.00, 0.00, 0.00, 0.00, 2.98, 37.15, 22.11, 87.60, 22.17, 84.37, 22.52, 83.17, 22.41, 70.65, 40.37, 23.84, -999
18/10/16 15, 3.45, 1.14, 4.67, 3.18, 3.63, 5.50, 2.70, 92.63, 1.00, 92.65, 1.00, 0.00, 0.00, 32.13, 1.00, 0.00, 0.00, 0.00, 0.00, 47.20, 1.00, 35.35, 1.00, 0.00, 0.00, 30.65, 1.00, 0.00, 0.00, 0.00, 0.00, 2.98, 36.91, 21.38, 88.16, 21.43, 84.00, 22.47, 83.84, 22.36, 70.23, 40.19, 23.10, -999
18/10/16 16, 3.58, 0.55, 5.12, 3.38, 3.85, 5.50, 3.13, 95.34, 1.00, 95.36, 1.00, 0.00, 0.00, 33.07, 1.00, 0.00, 0.00, 0.00, 0.00, 49.06, 1.00, 0.00, 0.00, 0.00, 0.00, 31.41, 1.00, 0.00, 0.00, 109.55, 1.00, 2.98, 35.47, 25.59, 90.88, 25.64, 84.79, 28.53, 62.92, 28.41, 73.72, 28.69, 27.79, -999
18/10/16 17, 3.57, 1.00, 5.11, 3.51, 3.11, 5.50, 3.94, 95.49, 1.00, 95.51, 1.00, 0.00, 0.00, 0.00, 0.00, 0.00, 0.00, 0.00, 0.00, 49.78, 1.00, 0.00, 0.00, 0.00, 0.00, 32.19, 1.00, 0.00, 0.00, 98.74, 1.00, 2.98, 35.39, 27.55, 73.85, 27.51, 85.28, 28.36, 63.10, 28.24, 70.86, 30.20, 29.30, -999
18/10/16 18, 3.54, 1.51, 4.77, 3.63, 2.52, 5.50, 4.10, 95.71, 1.00, 95.73, 1.00, 0.00, 0.00, 0.00, 0.00, 0.00, 0.00, 0.00, 0.00, 49.59, 1.00, 0.00, 0.00, 0.00, 0.00, 31.61, 1.00, 0.00, 0.00, 95.75, 1.00, 2.98, 35.28, 27.88, 72.66, 27.84, 85.99, 28.36, 61.67, 28.25, 72.87, 30.51, 29.61, -999
18/10/16 19, 3.51, 1.99, 4.40, 3.88, 1.79, 5.50, 4.63, 96.21, 1.00, 96.23, 1.00, 0.00, 0.00, 0.00, 0.00, 0.00, 0.00, 0.00, 0.00, 49.90, 1.00, 0.00, 0.00, 0.00, 0.00, 31.96, 1.00, 0.00, 0.00, 92.21, 1.00, 2.98, 35.01, 28.13, 70.07, 28.09, 85.62, 28.11, 60.00, 27.99, 71.39, 30.73, 29.83, -999
18/10/16 20, 3.34, 2.41, 3.95, 3.98, 1.71, 5.50, 4.68, 96.61, 1.00, 96.63, 1.00, 0.00, 0.00, 0.00, 0.00, 0.00, 0.00, 0.00, 0.00, 50.14, 1.00, 36.08, 1.00, 0.00, 0.00, 30.35, 1.00, 0.00, 0.00, 87.69, 1.00, 2.98, 34.79, 28.29, 71.60, 28.24, 85.30, 20.91, 80.99, 20.80, 69.68, 30.86, 29.96, -999
18/10/16 21, 3.16, 2.80, 3.57, 3.95, 2.00, 5.50, 4.63, 97.12, 1.00, 97.14, 1.00, 0.00, 0.00, 0.00, 0.00, 0.00, 0.00, 0.00, 0.00, 50.16, 1.00, 35.99, 1.00, 0.00, 0.00, 29.68, 1.00, 0.00, 0.00, 83.81, 1.00, 2.97, 34.52, 28.48, 69.49, 28.44, 85.46, 20.75, 80.98, 20.64, 71.67, 31.03, 30.13, -999
18/10/16 22, 3.03, 3.16, 3.13, 3.96, 2.30, 5.29, 3.79, 96.58, 1.00, 96.60, 1.00, 0.00, 0.00, 0.00, 0.00, 0.00, 0.00, 0.00, 0.00, 50.53, 1.00, 37.58, 1.00, 0.00, 0.00, 0.00, 0.00, 0.00, 0.00, 84.19, 1.00, 2.98, 34.81, 28.84, 67.83, 28.80, 85.09, 26.91, 84.18, 26.91, 54.38, 31.39, 30.49, -999
18/10/16 23, 2.91, 3.33, 3.09, 3.81, 2.72, 5.05, 2.40, 96.72, 1.00, 96.74, 1.00, 0.00, 0.00, 35.69, 1.00, 0.00, 0.00, 0.00, 0.00, 50.22, 1.00, 35.49, 1.00, 0.00, 0.00, 31.36, 1.00, 0.00, 0.00, 87.23, 1.00, 2.98, 34.73, 27.72, 88.63, 27.79, 84.69, 20.58, 81.71, 20.46, 65.94, 30.72, 29.82, -999
19/10/16 00, 2.75, 3.34, 3.58, 3.63, 3.04, 5.01, 1.88, 97.19, 1.00, 97.21, 1.00, 0.00, 0.00, 35.90, 1.00, 0.00, 0.00, 0.00, 0.00, 49.76, 1.00, 34.88, 1.00, 0.00, 0.00, 31.11, 1.00, 0.00, 0.00, 84.94, 1.00, 2.97, 34.48, 27.73, 88.25, 27.80, 85.60, 20.48, 82.66, 20.37, 66.72, 30.71, 29.81, -999
19/10/16 01, 2.58, 3.33, 4.03, 3.80, 3.49, 5.15, 1.92, 95.64, 1.00, 95.66, 1.00, 0.00, 0.00, 35.18, 1.00, 0.00, 0.00, 0.00, 0.00, 48.05, 1.00, 35.31, 1.00, 0.00, 0.00, 30.82, 1.00, 0.00, 0.00, 90.30, 1.00, 2.98, 35.31, 27.79, 89.59, 27.86, 88.89, 21.13, 82.57, 21.02, 68.34, 30.78, 29.88, -999
19/10/16 02, 2.54, 3.43, 4.52, 4.45, 3.84, 5.41, 2.42, 95.60, 1.00, 95.62, 1.00, 0.00, 0.00, 34.11, 1.00, 0.00, 0.00, 0.00, 0.00, 0.00, 0.00, 34.50, 1.00, 0.00, 0.00, 30.61, 1.00, 0.00, 0.00, 78.86, 1.00, 2.98, 35.33, 29.70, 93.30, 29.80, 66.69, 21.32, 84.15, 21.21, 69.22, 32.23, 31.33, -999
19/10/16 03, 2.64, 3.91, 5.10, 3.27, 3.66, 5.50, 3.32, 94.60, 1.00, 94.61, 1.00, 0.00, 0.00, 33.68, 1.00, 0.00, 0.00, 0.00, 0.00, 0.00, 0.00, 0.00, 0.00, 0.00, 0.00, 30.57, 1.00, 0.00, 0.00, 80.19, 1.00, 2.98, 35.87, 30.29, 94.61, 30.39, 66.97, 28.37, 64.41, 28.26, 76.42, 32.83, 31.93, -999
19/10/16 04, 2.80, 4.29, 5.15, 3.49, 3.22, 5.50, 4.51, 94.88, 1.00, 94.90, 1.00, 0.00, 0.00, 0.00, 0.00, 0.00, 0.00, 0.00, 0.00, 48.53, 1.00, 0.00, 0.00, 0.00, 0.00, 29.83, 1.00, 0.00, 0.00, 81.89, 1.00, 2.98, 35.72, 29.97, 76.71, 29.93, 90.07, 28.44, 64.20, 28.34, 78.89, 32.50, 31.60, -999
19/10/16 05, 3.03, 4.67, 4.97, 4.38, 2.84, 5.34, 4.12, 94.28, 1.00, 94.30, 1.00, 0.00, 0.00, 0.00, 0.00, 0.00, 0.00, 0.00, 0.00, 49.29, 1.00, 0.00, 0.00, 0.00, 0.00, 0.00, 0.00, 0.00, 0.00, 83.50, 1.00, 2.98, 36.04, 30.38, 75.81, 30.34, 89.05, 31.36, 63.13, 31.36, 58.34, 32.92, 32.02, -999
19/10/16 06, 3.32, 5.30, 4.74, 3.75, 2.30, 4.98, 2.56, 93.11, 1.00, 93.13, 1.00, 0.00, 0.00, 0.00, 0.00, 0.00, 0.00, 0.00, 0.00, 0.00, 0.00, 0.00, 0.00, 0.00, 0.00, 0.00, 0.00, 0.00, 0.00, 67.08, 1.00, 2.98, 36.66, 33.41, 73.89, 33.41, 65.98, 32.07, 62.70, 32.07, 58.07, 35.68, 34.78, -999
19/10/16 07, 3.70, 5.37, 4.43, 2.99, 1.79, 5.16, 2.80, 88.83, 1.00, 88.85, 1.00, 0.00, 0.00, 0.00, 0.00, 0.00, 0.00, 0.00, 0.00, 50.12, 1.00, 0.00, 0.00, 0.00, 0.00, 33.38, 1.00, 0.00, 0.00, 0.00, 0.00, 2.98, 38.91, 28.37, 73.39, 28.33, 85.43, 31.17, 61.11, 31.04, 69.32, 42.81, 29.75, -999
19/10/16 08, 4.06, 4.84, 4.10, 3.20, 1.68, 5.39, 3.06, 92.37, 1.00, 92.38, 1.00, 0.00, 0.00, 0.00, 0.00, 0.00, 0.00, 0.00, 0.00, 49.88, 1.00, 35.83, 1.00, 0.00, 0.00, 31.29, 1.00, 0.00, 0.00, 0.00, 0.00, 2.98, 37.05, 27.86, 71.54, 27.82, 85.39, 22.57, 83.10, 22.46, 68.18, 40.51, 29.23, -999
19/10/16 09, 4.23, 4.31, 3.71, 3.39, 2.24, 5.50, 3.34, 92.15, 1.00, 92.17, 1.00, 0.00, 0.00, 0.00, 0.00, 0.00, 0.00, 0.00, 0.00, 50.07, 1.00, 35.94, 1.00, 0.00, 0.00, 30.98, 1.00, 0.00, 0.00, 0.00, 0.00, 2.98, 37.17, 27.32, 71.19, 27.28, 84.48, 22.80, 83.12, 22.69, 69.47, 40.68, 28.69, -999
19/10/16 10, 4.40, 3.78, 3.32, 3.30, 2.73, 5.50, 3.46, 91.62, 1.00, 91.64, 1.00, 0.00, 0.00, 0.00, 0.00, 0.00, 0.00, 0.00, 0.00, 49.78, 1.00, 36.18, 1.00, 0.00, 0.00, 30.97, 1.00, 0.00, 0.00, 0.00, 0.00, 2.98, 37.45, 26.81, 71.42, 26.77, 84.54, 23.08, 82.97, 22.96, 69.79, 41.02, 28.18, -999
19/10/16 11, 4.44, 3.25, 2.96, 3.29, 3.13, 5.50, 3.62, 112.58, 1.00, 0.00, 0.00, 0.00, 0.00, 33.53, 1.00, 0.00, 0.00, 0.00, 0.00, 48.21, 1.00, 35.41, 1.00, 0.00, 0.00, 30.53, 1.00, 0.00, 0.00, 0.00, 0.00, 2.99, 26.00, 23.21, 87.80, 23.28, 84.02, 22.59, 83.85, 22.48, 70.75, 38.49, 24.96, -999
19/10/16 12, 4.33, 2.39, 3.43, 3.35, 3.65, 5.50, 3.96, 113.26, 1.00, 0.00, 0.00, 0.00, 0.00, 32.54, 1.00, 0.00, 0.00, 0.00, 0.00, 48.15, 1.00, 35.04, 1.00, 0.00, 0.00, 29.53, 1.00, 0.00, 0.00, 0.00, 0.00, 2.99, 25.62, 22.47, 88.61, 22.53, 83.37, 22.58, 84.47, 22.47, 73.97, 38.17, 24.20, -999
19/10/16 13, 4.23, 1.53, 3.92, 3.22, 3.93, 5.50, 4.87, 110.09, 1.00, 0.00, 0.00, 0.00, 0.00, 34.55, 1.00, 0.00, 0.00, 0.00, 0.00, 46.91, 1.00, 0.00, 0.00, 0.00, 0.00, 0.00, 0.00, 0.00, 0.00, 0.00, 0.00, 2.99, 27.41, 21.52, 84.39, 21.59, 84.67, 32.83, 62.85, 32.83, 55.67, 39.90, 23.27, -999
19/10/16 14, 4.51, 0.67, 4.24, 3.55, 3.17, 5.04, 2.67, 110.65, 1.00, 0.00, 0.00, 0.00, 0.00, 32.55, 1.00, 0.00, 0.00, 0.00, 0.00, 47.05, 1.00, 0.00, 0.00, 0.00, 0.00, 0.00, 0.00, 0.00, 0.00, 0.00, 0.00, 2.99, 27.09, 20.88, 87.01, 20.93, 83.76, 32.76, 63.52, 32.76, 56.17, 39.69, 22.60, -999
19/10/16 15, 4.26, 0.61, 4.68, 3.68, 2.65, 5.22, 2.77, 116.66, 1.00, 0.00, 0.00, 0.00, 0.00, 34.76, 1.00, 0.00, 0.00, 0.00, 0.00, 48.81, 1.00, 0.00, 0.00, 0.00, 0.00, 32.26, 1.00, 0.00, 0.00, 99.57, 1.00, 2.99, 23.68, 25.25, 87.75, 25.31, 84.94, 27.12, 61.56, 27.00, 69.37, 28.30, 27.40, -999
19/10/16 16, 3.88, 0.77, 5.10, 3.79, 1.89, 5.49, 3.21, 116.97, 1.00, 0.00, 0.00, 0.00, 0.00, 34.64, 1.00, 0.00, 0.00, 0.00, 0.00, 48.71, 1.00, 0.00, 0.00, 0.00, 0.00, 32.21, 1.00, 0.00, 0.00, 97.24, 1.00, 2.99, 23.50, 25.36, 88.07, 25.43, 85.24, 26.88, 60.88, 26.76, 69.28, 28.40, 27.50, -999
19/10/16 17, 3.50, 1.05, 5.08, 3.98, 1.43, 5.50, 3.76, 118.16, 1.00, 0.00, 0.00, 0.00, 0.00, 0.00, 0.00, 0.00, 0.00, 0.00, 0.00, 48.66, 1.00, 34.97, 1.00, 0.00, 0.00, 29.73, 1.00, 0.00, 0.00, 83.06, 1.00, 2.99, 22.81, 26.77, 72.89, 26.74, 86.63, 19.80, 81.82, 19.70, 70.58, 29.31, 28.41, -999
19/10/16 18, 3.07, 1.40, 4.71, 4.36, 1.95, 5.50, 4.12, 118.21, 1.00, 0.00, 0.00, 0.00, 0.00, 0.00, 0.00, 0.00, 0.00, 0.00, 0.00, 49.17, 1.00, 35.18, 1.00, 0.00, 0.00, 29.82, 1.00, 0.00, 0.00, 80.67, 1.00, 2.99, 22.78, 26.99, 72.78, 26.95, 85.88, 19.66, 81.32, 19.55, 70.13, 29.51, 28.61, -999
19/10/16 19, 2.67, 1.72, 4.34, 4.50, 2.35, 5.50, 4.32, 121.63, 1.00, 0.00, 0.00, 0.00, 0.00, 0.00, 0.00, 0.00, 0.00, 0.00, 0.00, 49.33, 1.00, 33.91, 1.00, 0.00, 0.00, 29.52, 1.00, 0.00, 0.00, 65.19, 1.00, 2.99, 20.80, 26.76, 70.94, 26.72, 85.36, 17.85, 81.66, 17.75, 69.29, 29.20, 28.30, -999
19/10/16 20, 2.15, 1.88, 3.92, 4.45, 2.85, 5.50, 4.34, 120.08, 1.00, 0.00, 0.00, 0.00, 0.00, 0.00, 0.00, 0.00, 0.00, 0.00, 0.00, 48.97, 1.00, 34.72, 1.00, 0.00, 0.00, 29.50, 1.00, 0.00, 0.00, 69.99, 1.00, 2.99, 21.70, 27.06, 70.75, 27.02, 86.34, 18.60, 81.06, 18.50, 70.08, 29.53, 28.63, -999
19/10/16 21, 1.78, 2.37, 3.51, 3.43, 3.16, 5.50, 4.53, 120.16, 1.00, 0.00, 0.00, 0.00, 0.00, 0.00, 0.00, 0.00, 0.00, 0.00, 0.00, 0.00, 0.00, 34.80, 1.00, 0.00, 0.00, 29.74, 1.00, 0.00, 0.00, 49.98, 1.00, 2.99, 21.65, 29.17, 69.69, 29.17, 59.98, 18.42, 80.74, 18.31, 69.13, 31.36, 30.46, -999
19/10/16 22, 1.37, 2.58, 3.08, 2.96, 3.36, 5.50, 4.43, 120.76, 1.00, 0.00, 0.00, 0.00, 0.00, 0.00, 0.00, 0.00, 0.00, 0.00, 0.00, 49.93, 1.00, 34.21, 1.00, 0.00, 0.00, 29.95, 1.00, 0.00, 0.00, 61.12, 1.00, 2.99, 21.31, 27.51, 68.90, 27.47, 84.94, 18.11, 81.43, 18.01, 68.16, 29.94, 29.04, -999
19/10/16 23, 0.98, 2.41, 3.35, 3.10, 3.69, 5.50, 4.12, 98.85, 1.00, 98.87, 1.00, 0.00, 0.00, 35.78, 1.00, 0.00, 0.00, 0.00, 0.00, 50.15, 1.00, 34.34, 1.00, 0.00, 0.00, 29.91, 1.00, 0.00, 0.00, 80.87, 1.00, 2.97, 33.59, 26.77, 87.51, 26.84, 83.88, 19.33, 82.43, 19.23, 69.51, 29.73, 28.83, -999
20/10/16 00, 0.85, 2.35, 3.79, 2.90, 4.09, 5.50, 4.19, 97.97, 1.00, 97.99, 1.00, 0.00, 0.00, 35.19, 1.00, 0.00, 0.00, 0.00, 0.00, 49.73, 1.00, 0.00, 0.00, 0.00, 0.00, 31.05, 1.00, 0.00, 0.00, 85.01, 1.00, 2.97, 34.06, 26.75, 88.52, 26.82, 84.69, 26.00, 63.53, 25.89, 72.44, 29.73, 28.83, -999
20/10/16 01, 0.93, 2.36, 4.26, 3.03, 3.41, 5.50, 4.68, 97.72, 1.00, 97.74, 1.00, 0.00, 0.00, 32.91, 1.00, 0.00, 0.00, 0.00, 0.00, 49.46, 1.00, 0.00, 0.00, 0.00, 0.00, 30.72, 1.00, 0.00, 0.00, 86.10, 1.00, 2.97, 34.20, 26.81, 92.38, 26.87, 85.26, 26.18, 63.57, 26.07, 73.73, 29.75, 28.85, -999
20/10/16 02, 1.11, 2.43, 4.82, 3.27, 2.85, 5.24, 3.61, 97.05, 1.00, 97.07, 1.00, 0.00, 0.00, 33.40, 1.00, 0.00, 0.00, 0.00, 0.00, 49.17, 1.00, 0.00, 0.00, 0.00, 0.00, 0.00, 0.00, 0.00, 0.00, 89.94, 1.00, 2.97, 34.56, 26.91, 91.69, 26.97, 85.90, 29.22, 63.18, 29.22, 59.07, 29.88, 28.98, -999
20/10/16 03, 1.30, 2.51, 5.36, 3.60, 2.32, 4.99, 2.55, 96.27, 1.00, 96.29, 1.00, 0.00, 0.00, 0.00, 0.00, 0.00, 0.00, 0.00, 0.00, 48.08, 1.00, 0.00, 0.00, 0.00, 0.00, 31.66, 1.00, 0.00, 0.00, 84.65, 1.00, 2.98, 34.98, 28.34, 75.90, 28.31, 89.28, 26.82, 62.82, 26.71, 71.17, 30.89, 29.99, -999
20/10/16 04, 1.46, 2.89, 5.11, 4.41, 1.83, 5.37, 3.47, 95.95, 1.00, 95.97, 1.00, 0.00, 0.00, 0.00, 0.00, 0.00, 0.00, 0.00, 0.00, 47.87, 1.00, 0.00, 0.00, 0.00, 0.00, 31.35, 1.00, 0.00, 0.00, 83.81, 1.00, 2.98, 35.15, 28.70, 76.53, 28.66, 90.01, 27.09, 62.72, 26.97, 72.49, 31.23, 30.33, -999
20/10/16 05, 1.66, 3.52, 4.92, 4.02, 1.64, 5.50, 4.75, 95.73, 1.00, 95.75, 1.00, 0.00, 0.00, 0.00, 0.00, 0.00, 0.00, 0.00, 0.00, 0.00, 0.00, 35.26, 1.00, 0.00, 0.00, 28.71, 1.00, 0.00, 0.00, 63.44, 1.00, 2.98, 35.27, 31.32, 76.97, 31.32, 68.30, 21.00, 82.51, 20.90, 74.93, 33.58, 32.68, -999
20/10/16 06, 1.84, 4.21, 4.78, 3.11, 2.24, 5.30, 4.05, 96.10, 1.00, 96.12, 1.00, 0.00, 0.00, 0.00, 0.00, 0.00, 0.00, 0.00, 0.00, 0.00, 0.00, 36.54, 1.00, 0.00, 0.00, 0.00, 0.00, 0.00, 0.00, 59.97, 1.00, 2.98, 35.07, 31.73, 72.58, 31.73, 67.07, 26.51, 85.70, 26.51, 60.01, 33.97, 33.07, -999
20/10/16 07, 1.93, 4.56, 4.40, 3.41, 2.93, 5.03, 2.92, 96.61, 1.00, 96.63, 1.00, 0.00, 0.00, 0.00, 0.00, 0.00, 0.00, 0.00, 0.00, 49.37, 1.00, 36.20, 1.00, 0.00, 0.00, 0.00, 0.00, 0.00, 0.00, 72.86, 1.00, 2.98, 34.79, 29.82, 74.69, 29.78, 88.35, 26.42, 86.23, 26.42, 57.68, 32.31, 31.41, -999
20/10/16 08, 1.93, 4.79, 4.14, 4.06, 3.59, 5.11, 2.82, 96.73, 1.00, 96.75, 1.00, 0.00, 0.00, 0.00, 0.00, 0.00, 0.00, 0.00, 0.00, 49.57, 1.00, 34.88, 1.00, 0.00, 0.00, 30.70, 1.00, 0.00, 0.00, 70.30, 1.00, 2.98, 34.73, 29.96, 75.03, 29.92, 88.09, 20.39, 82.57, 20.28, 68.01, 32.44, 31.54, -999
20/10/16 09, 1.91, 5.06, 3.92, 4.35, 3.97, 5.33, 3.07, 97.01, 1.00, 97.03, 1.00, 0.00, 0.00, 0.00, 0.00, 0.00, 0.00, 0.00, 0.00, 0.00, 0.00, 35.40, 1.00, 0.00, 0.00, 30.96, 1.00, 0.00, 0.00, 51.84, 1.00, 2.98, 34.58, 31.98, 69.37, 31.98, 60.76, 19.97, 81.25, 19.86, 66.70, 34.19, 33.29, -999
20/10/16 10, 2.02, 5.39, 3.46, 2.93, 3.28, 5.44, 2.82, 92.48, 1.00, 92.50, 1.00, 0.00, 0.00, 0.00, 0.00, 0.00, 0.00, 0.00, 0.00, 50.66, 1.00, 0.00, 0.00, 0.00, 0.00, 32.79, 1.00, 0.00, 0.00, 0.00, 0.00, 2.98, 36.99, 28.36, 72.19, 28.32, 84.36, 28.78, 62.40, 28.65, 69.10, 40.23, 29.74, -999
20/10/16 11, 2.39, 4.86, 3.12, 2.85, 2.54, 5.50, 3.32, 91.07, 1.00, 91.09, 1.00, 0.00, 0.00, 0.00, 0.00, 0.00, 0.00, 0.00, 0.00, 50.24, 1.00, 0.00, 0.00, 0.00, 0.00, 32.62, 1.00, 0.00, 0.00, 0.00, 0.00, 2.98, 37.74, 27.85, 70.56, 27.81, 84.67, 29.65, 61.25, 29.53, 70.57, 41.17, 29.23, -999
20/10/16 12, 2.80, 4.15, 3.15, 2.90, 1.75, 5.50, 3.51, 91.00, 1.00, 91.02, 1.00, 0.00, 0.00, 34.73, 1.00, 0.00, 0.00, 0.00, 0.00, 49.04, 1.00, 0.00, 0.00, 0.00, 0.00, 31.46, 1.00, 0.00, 0.00, 0.00, 0.00, 2.98, 37.77, 23.87, 86.44, 23.94, 83.13, 30.03, 60.93, 29.92, 75.07, 41.32, 25.65, -999
20/10/16 13, 3.12, 3.26, 3.57, 2.70, 1.62, 5.50, 4.37, 93.07, 1.00, 93.09, 1.00, 0.00, 0.00, 33.84, 1.00, 0.00, 0.00, 0.00, 0.00, 48.09, 1.00, 36.15, 1.00, 0.00, 0.00, 31.08, 1.00, 0.00, 0.00, 0.00, 0.00, 2.98, 36.68, 23.20, 87.25, 23.26, 84.22, 21.80, 81.76, 21.68, 68.14, 39.83, 24.95, -999
20/10/16 14, 3.31, 2.40, 4.00, 2.94, 2.01, 5.50, 3.96, 91.17, 1.00, 91.19, 1.00, 0.00, 0.00, 33.34, 1.00, 0.00, 0.00, 0.00, 0.00, 47.27, 1.00, 36.26, 1.00, 0.00, 0.00, 30.55, 1.00, 0.00, 0.00, 0.00, 0.00, 2.98, 37.68, 22.48, 87.35, 22.55, 84.98, 22.93, 82.68, 22.82, 71.02, 40.96, 24.22, -999
20/10/16 15, 3.59, 1.54, 4.43, 3.34, 2.45, 5.50, 4.30, 92.17, 1.00, 92.19, 1.00, 0.00, 0.00, 32.56, 1.00, 0.00, 0.00, 0.00, 0.00, 47.51, 1.00, 36.04, 1.00, 0.00, 0.00, 30.04, 1.00, 0.00, 0.00, 0.00, 0.00, 2.98, 37.16, 21.70, 87.81, 21.75, 83.76, 22.74, 82.89, 22.63, 72.50, 40.48, 23.42, -999
20/10/16 16, 3.81, 0.70, 4.86, 3.41, 2.90, 5.46, 4.61, 91.31, 1.00, 91.33, 1.00, 0.00, 0.00, 32.72, 1.00, 0.00, 0.00, 0.00, 0.00, 47.28, 1.00, 37.76, 1.00, 0.00, 0.00, 0.00, 0.00, 0.00, 0.00, 0.00, 0.00, 2.98, 37.61, 20.86, 86.72, 20.91, 83.34, 29.37, 86.31, 29.37, 58.07, 41.31, 22.58, -999
20/10/16 17, 3.78, 0.68, 5.28, 3.43, 3.47, 5.09, 2.90, 95.63, 1.00, 95.65, 1.00, 0.00, 0.00, 34.56, 1.00, 0.00, 0.00, 0.00, 0.00, 49.05, 1.00, 37.32, 1.00, 0.00, 0.00, 0.00, 0.00, 0.00, 0.00, 108.72, 1.00, 2.98, 35.32, 25.60, 88.44, 25.67, 84.84, 27.72, 85.47, 27.72, 55.98, 28.72, 27.82, -999
20/10/16 18, 3.61, 1.14, 5.04, 3.57, 3.90, 5.15, 2.61, 96.06, 1.00, 96.08, 1.00, 0.00, 0.00, 0.00, 0.00, 0.00, 0.00, 0.00, 0.00, 49.66, 1.00, 34.95, 1.00, 0.00, 0.00, 31.17, 1.00, 0.00, 0.00, 95.88, 1.00, 2.98, 35.09, 27.51, 72.83, 27.47, 85.47, 21.39, 83.45, 21.28, 67.42, 30.14, 29.24, -999
20/10/16 19, 3.54, 1.63, 4.66, 3.73, 3.46, 5.35, 2.76, 95.62, 1.00, 95.64, 1.00, 0.00, 0.00, 0.00, 0.00, 0.00, 0.00, 0.00, 0.00, 49.91, 1.00, 0.00, 0.00, 0.00, 0.00, 32.54, 1.00, 0.00, 0.00, 95.44, 1.00, 2.98, 35.33, 27.97, 69.80, 27.93, 85.44, 28.26, 62.10, 28.13, 69.46, 30.59, 29.69, -999
20/10/16 20, 3.52, 2.11, 4.19, 3.83, 2.66, 5.50, 3.32, 95.62, 1.00, 95.64, 1.00, 0.00, 0.00, 0.00, 0.00, 0.00, 0.00, 0.00, 0.00, 50.18, 1.00, 0.00, 0.00, 0.00, 0.00, 32.60, 1.00, 0.00, 0.00, 93.13, 1.00, 2.98, 35.32, 28.28, 71.32, 28.24, 85.23, 28.23, 60.46, 28.10, 69.25, 30.89, 29.99, -999
20/10/16 21, 3.50, 2.55, 3.79, 3.81, 1.75, 5.50, 3.25, 96.06, 1.00, 96.08, 1.00, 0.00, 0.00, 0.00, 0.00, 0.00, 0.00, 0.00, 0.00, 50.18, 1.00, 0.00, 0.00, 0.00, 0.00, 32.52, 1.00, 0.00, 0.00, 89.80, 1.00, 2.98, 35.09, 28.54, 67.54, 28.50, 85.49, 28.08, 59.61, 27.96, 69.38, 31.13, 30.23, -999
20/10/16 22, 3.34, 2.95, 3.28, 3.86, 1.70, 5.50, 3.12, 96.14, 1.00, 96.16, 1.00, 0.00, 0.00, 0.00, 0.00, 0.00, 0.00, 0.00, 0.00, 50.32, 1.00, 36.16, 1.00, 0.00, 0.00, 30.55, 1.00, 0.00, 0.00, 86.32, 1.00, 2.98, 35.05, 28.74, 69.68, 28.70, 85.41, 21.09, 81.03, 20.98, 69.18, 31.31, 30.41, -999
20/10/16 23, 3.19, 3.23, 3.08, 3.86, 1.99, 5.50, 3.27, 96.91, 1.00, 96.93, 1.00, 0.00, 0.00, 35.92, 1.00, 0.00, 0.00, 0.00, 0.00, 49.72, 1.00, 36.15, 1.00, 0.00, 0.00, 30.83, 1.00, 0.00, 0.00, 87.73, 1.00, 2.98, 34.63, 27.63, 88.13, 27.70, 85.58, 20.54, 80.49, 20.43, 67.69, 30.63, 29.73, -999
21/10/16 00, 2.99, 3.25, 3.55, 3.97, 2.17, 5.50, 3.03, 96.29, 1.00, 96.30, 1.00, 0.00, 0.00, 35.84, 1.00, 0.00, 0.00, 0.00, 0.00, 49.68, 1.00, 35.90, 1.00, 0.00, 0.00, 30.27, 1.00, 0.00, 0.00, 89.64, 1.00, 2.98, 34.97, 27.66, 88.30, 27.73, 85.70, 21.02, 81.41, 20.91, 70.02, 30.67, 29.77, -999
21/10/16 01, 2.86, 3.29, 4.01, 4.09, 2.48, 5.50, 3.38, 96.32, 1.00, 96.34, 1.00, 0.00, 0.00, 34.34, 1.00, 0.00, 0.00, 0.00, 0.00, 49.14, 1.00, 34.99, 1.00, 0.00, 0.00, 29.44, 1.00, 0.00, 0.00, 88.87, 1.00, 2.98, 34.95, 27.74, 90.96, 27.80, 86.80, 21.38, 83.36, 21.28, 73.06, 30.72, 29.82, -999
21/10/16 02, 2.74, 3.35, 4.54, 4.44, 3.05, 5.50, 4.21, 95.90, 1.00, 95.92, 1.00, 0.00, 0.00, 33.58, 1.00, 0.00, 0.00, 0.00, 0.00, 48.21, 1.00, 34.96, 1.00, 0.00, 0.00, 29.30, 1.00, 0.00, 0.00, 89.59, 1.00, 2.98, 35.17, 27.85, 92.32, 27.91, 88.64, 21.57, 83.61, 21.46, 73.69, 30.81, 29.91, -999
21/10/16 03, 2.74, 3.79, 5.11, 3.59, 3.62, 5.42, 4.47, 94.73, 1.00, 94.75, 1.00, 0.00, 0.00, 34.19, 1.00, 0.00, 0.00, 0.00, 0.00, 0.00, 0.00, 36.28, 1.00, 0.00, 0.00, 0.00, 0.00, 0.00, 0.00, 80.50, 1.00, 2.98, 35.80, 30.16, 93.64, 30.26, 67.02, 27.59, 87.25, 27.59, 60.08, 32.70, 31.80, -999
21/10/16 04, 2.96, 4.30, 5.13, 3.27, 3.79, 5.15, 3.25, 93.27, 1.00, 93.29, 1.00, 0.00, 0.00, 0.00, 0.00, 0.00, 0.00, 0.00, 0.00, 49.34, 1.00, 0.00, 0.00, 0.00, 0.00, 0.00, 0.00, 0.00, 0.00, 88.75, 1.00, 2.98, 36.58, 30.28, 76.30, 30.24, 88.86, 31.68, 64.83, 31.68, 59.65, 32.86, 31.96, -999
21/10/16 05, 3.22, 4.71, 4.92, 4.00, 3.42, 5.04, 2.75, 94.61, 1.00, 94.63, 1.00, 0.00, 0.00, 0.00, 0.00, 0.00, 0.00, 0.00, 0.00, 49.02, 1.00, 0.00, 0.00, 0.00, 0.00, 32.08, 1.00, 0.00, 0.00, 81.18, 1.00, 2.98, 35.86, 30.32, 75.32, 30.29, 89.50, 28.45, 64.50, 28.33, 71.33, 32.85, 31.95, -999
21/10/16 06, 3.36, 5.13, 4.67, 4.32, 3.06, 5.41, 3.63, 93.15, 1.00, 93.17, 1.00, 0.00, 0.00, 0.00, 0.00, 0.00, 0.00, 0.00, 0.00, 0.00, 0.00, 0.00, 0.00, 0.00, 0.00, 31.91, 1.00, 0.00, 0.00, 66.51, 1.00, 2.98, 36.64, 33.19, 74.48, 33.19, 67.69, 29.18, 64.03, 29.06, 72.66, 35.46, 34.56, -999
21/10/16 07, 3.71, 5.50, 4.38, 3.29, 2.67, 5.50, 4.96, 88.98, 1.00, 88.99, 1.00, 0.00, 0.00, 0.00, 0.00, 0.00, 0.00, 0.00, 0.00, 0.00, 0.00, 0.00, 0.00, 0.00, 0.00, 0.00, 0.00, 0.00, 0.00, 0.00, 0.00, 2.98, 38.83, 30.50, 73.49, 30.50, 64.54, 34.41, 60.83, 34.41, 58.59, 43.10, 31.69, -999
21/10/16 08, 4.21, 5.09, 4.06, 3.30, 1.81, 5.13, 3.23, 86.11, 1.00, 86.13, 1.00, 0.00, 0.00, 0.00, 0.00, 0.00, 0.00, 0.00, 0.00, 50.29, 1.00, 0.00, 0.00, 0.00, 0.00, 0.00, 0.00, 0.00, 0.00, 0.00, 0.00, 2.98, 40.32, 28.08, 71.12, 28.04, 84.80, 35.95, 61.88, 35.95, 52.57, 44.97, 29.46, -999
21/10/16 09, 4.50, 4.56, 3.66, 3.30, 1.77, 4.89, 1.82, 113.27, 1.00, 0.00, 0.00, 0.00, 0.00, 0.00, 0.00, 0.00, 0.00, 0.00, 0.00, 50.11, 1.00, 36.33, 1.00, 0.00, 0.00, 31.53, 1.00, 0.00, 0.00, 0.00, 0.00, 2.99, 25.61, 27.56, 69.61, 27.52, 84.65, 21.78, 81.41, 21.66, 66.58, 38.19, 28.94, -999
21/10/16 10, 4.33, 4.03, 3.22, 3.28, 2.08, 5.01, 1.78, 113.27, 1.00, 0.00, 0.00, 0.00, 0.00, 0.00, 0.00, 0.00, 0.00, 0.00, 0.00, 49.46, 1.00, 35.91, 1.00, 0.00, 0.00, 31.29, 1.00, 0.00, 0.00, 0.00, 0.00, 2.99, 25.61, 27.08, 70.09, 27.04, 85.42, 21.91, 82.30, 21.79, 67.53, 38.15, 28.45, -999
21/10/16 11, 4.19, 3.34, 3.20, 3.48, 2.51, 5.22, 2.07, 113.10, 1.00, 0.00, 0.00, 0.00, 0.00, 33.92, 1.00, 0.00, 0.00, 0.00, 0.00, 47.92, 1.00, 35.51, 1.00, 0.00, 0.00, 31.35, 1.00, 0.00, 0.00, 0.00, 0.00, 2.99, 25.70, 23.28, 87.20, 23.35, 84.61, 22.03, 83.12, 21.92, 67.43, 38.18, 25.04, -999
21/10/16 12, 4.07, 2.47, 3.65, 3.65, 3.01, 5.39, 2.24, 113.29, 1.00, 0.00, 0.00, 0.00, 0.00, 34.32, 1.00, 0.00, 0.00, 0.00, 0.00, 46.99, 1.00, 35.81, 1.00, 0.00, 0.00, 31.22, 1.00, 0.00, 0.00, 0.00, 0.00, 2.99, 25.60, 22.48, 85.73, 22.54, 85.48, 21.87, 82.42, 21.75, 67.72, 38.06, 24.22, -999
21/10/16 13, 3.95, 1.61, 4.03, 4.04, 3.35, 5.50, 2.55, 113.12, 1.00, 0.00, 0.00, 0.00, 0.00, 32.13, 1.00, 0.00, 0.00, 0.00, 0.00, 46.23, 1.00, 35.83, 1.00, 0.00, 0.00, 30.69, 1.00, 0.00, 0.00, 0.00, 0.00, 2.99, 25.69, 21.95, 88.74, 22.01, 86.28, 22.04, 82.57, 21.93, 69.67, 38.09, 23.66, -999
21/10/16 14, 3.86, 0.78, 4.50, 4.54, 3.66, 5.50, 2.88, 113.60, 1.00, 0.00, 0.00, 0.00, 0.00, 33.94, 1.00, 0.00, 0.00, 0.00, 0.00, 0.00, 0.00, 35.31, 1.00, 0.00, 0.00, 30.67, 1.00, 0.00, 0.00, 0.00, 0.00, 2.99, 25.42, 24.71, 88.59, 24.81, 59.96, 21.92, 83.37, 21.81, 69.62, 37.86, 26.09, -999
21/10/16 15, 3.70, 0.61, 4.95, 2.70, 3.86, 5.50, 3.17, 118.08, 1.00, 0.00, 0.00, 0.00, 0.00, 33.75, 1.00, 0.00, 0.00, 0.00, 0.00, 49.35, 1.00, 0.00, 0.00, 0.00, 0.00, 31.11, 1.00, 0.00, 0.00, 94.11, 1.00, 2.99, 22.86, 25.14, 89.34, 25.20, 83.79, 26.42, 62.95, 26.31, 72.66, 28.15, 27.25, -999
21/10/16 16, 3.30, 0.79, 5.21, 2.71, 3.12, 5.50, 3.84, 117.97, 1.00, 0.00, 0.00, 0.00, 0.00, 0.00, 0.00, 0.00, 0.00, 0.00, 0.00, 49.62, 1.00, 0.00, 0.00, 0.00, 0.00, 31.57, 1.00, 0.00, 0.00, 86.31, 1.00, 2.99, 22.92, 26.62, 73.25, 26.58, 84.67, 26.34, 62.57, 26.22, 70.99, 29.19, 28.29, -999
21/10/16 17, 2.93, 1.17, 4.85, 2.89, 2.44, 5.50, 4.10, 117.21, 1.00, 0.00, 0.00, 0.00, 0.00, 0.00, 0.00, 0.00, 0.00, 0.00, 0.00, 49.29, 1.00, 0.00, 0.00, 0.00, 0.00, 31.35, 1.00, 0.00, 0.00, 86.28, 1.00, 2.99, 23.36, 27.02, 73.20, 26.98, 85.69, 26.71, 61.62, 26.59, 72.11, 29.58, 28.68, -999
21/10/16 18, 2.64, 1.55, 4.49, 3.24, 1.72, 5.50, 4.53, 118.09, 1.00, 0.00, 0.00, 0.00, 0.00, 0.00, 0.00, 0.00, 0.00, 0.00, 0.00, 49.67, 1.00, 0.00, 0.00, 0.00, 0.00, 31.32, 1.00, 0.00, 0.00, 81.16, 1.00, 2.99, 22.85, 27.13, 72.85, 27.09, 85.07, 26.19, 60.80, 26.07, 71.69, 29.66, 28.76, -999
21/10/16 19, 2.27, 1.83, 4.14, 3.38, 1.55, 5.50, 4.73, 120.75, 1.00, 0.00, 0.00, 0.00, 0.00, 0.00, 0.00, 0.00, 0.00, 0.00, 0.00, 49.95, 1.00, 35.01, 1.00, 0.00, 0.00, 29.36, 1.00, 0.00, 0.00, 67.89, 1.00, 2.99, 21.31, 26.92, 70.07, 26.88, 84.32, 18.15, 80.10, 18.05, 70.09, 29.38, 28.48, -999
21/10/16 20, 1.86, 2.04, 3.70, 3.27, 1.89, 5.33, 3.98, 119.32, 1.00, 0.00, 0.00, 0.00, 0.00, 0.00, 0.00, 0.00, 0.00, 0.00, 0.00, 50.12, 1.00, 36.91, 1.00, 0.00, 0.00, 0.00, 0.00, 0.00, 0.00, 72.93, 1.00, 2.99, 22.14, 27.27, 69.67, 27.23, 84.33, 24.60, 83.12, 24.60, 54.81, 29.76, 28.86, -999
21/10/16 21, 1.51, 2.24, 3.26, 3.17, 2.31, 5.04, 2.42, 121.60, 1.00, 0.00, 0.00, 0.00, 0.00, 0.00, 0.00, 0.00, 0.00, 0.00, 0.00, 50.07, 1.00, 34.54, 1.00, 0.00, 0.00, 30.37, 1.00, 0.00, 0.00, 60.03, 1.00, 2.99, 20.82, 27.15, 67.13, 27.11, 84.31, 17.40, 80.16, 17.29, 66.08, 29.57, 28.67, -999
21/10/16 22, 1.07, 2.25, 2.97, 3.09, 2.58, 5.10, 2.15, 121.72, 1.00, 0.00, 0.00, 0.00, 0.00, 36.08, 1.00, 0.00, 0.00, 0.00, 0.00, 49.84, 1.00, 34.54, 1.00, 0.00, 0.00, 30.33, 1.00, 0.00, 0.00, 63.48, 1.00, 2.99, 20.75, 26.23, 86.45, 26.30, 83.95, 17.31, 80.08, 17.20, 66.13, 29.10, 28.20, -999
21/10/16 23, 0.88, 2.17, 3.39, 2.97, 2.82, 5.19, 2.00, 98.76, 1.00, 98.78, 1.00, 0.00, 0.00, 35.56, 1.00, 0.00, 0.00, 0.00, 0.00, 50.00, 1.00, 34.99, 1.00, 0.00, 0.00, 30.81, 1.00, 0.00, 0.00, 82.59, 1.00, 2.97, 33.64, 26.55, 87.68, 26.62, 83.96, 18.95, 80.95, 18.84, 66.21, 29.52, 28.62, -999
22/10/16 00, 0.76, 2.14, 3.84, 2.87, 3.08, 5.26, 1.83, 98.67, 1.00, 98.69, 1.00, 0.00, 0.00, 34.88, 1.00, 0.00, 0.00, 0.00, 0.00, 49.08, 1.00, 34.35, 1.00, 0.00, 0.00, 30.55, 1.00, 0.00, 0.00, 82.85, 1.00, 2.97, 33.69, 26.55, 88.85, 26.61, 85.72, 19.17, 82.24, 19.06, 67.25, 29.50, 28.60, -999
22/10/16 01, 0.66, 2.12, 4.31, 3.25, 3.53, 5.44, 2.09, 98.21, 1.00, 98.23, 1.00, 0.00, 0.00, 33.50, 1.00, 0.00, 0.00, 0.00, 0.00, 48.30, 1.00, 33.73, 1.00, 0.00, 0.00, 30.23, 1.00, 0.00, 0.00, 84.40, 1.00, 2.97, 33.93, 26.57, 91.19, 26.63, 87.20, 19.56, 83.67, 19.45, 68.72, 29.50, 28.60, -999
22/10/16 02, 0.62, 2.15, 4.85, 3.84, 4.14, 5.50, 2.90, 97.59, 1.00, 97.61, 1.00, 0.00, 0.00, 32.96, 1.00, 0.00, 0.00, 0.00, 0.00, 48.18, 1.00, 0.00, 0.00, 0.00, 0.00, 30.42, 1.00, 0.00, 0.00, 87.26, 1.00, 2.97, 34.27, 26.64, 92.13, 26.70, 87.49, 26.10, 64.58, 25.99, 74.65, 29.58, 28.68, -999
22/10/16 03, 0.75, 2.27, 5.26, 4.40, 3.63, 5.50, 3.94, 97.09, 1.00, 97.11, 1.00, 0.00, 0.00, 0.00, 0.00, 0.00, 0.00, 0.00, 0.00, 48.26, 1.00, 0.00, 0.00, 0.00, 0.00, 30.15, 1.00, 0.00, 0.00, 82.52, 1.00, 2.97, 34.54, 27.99, 75.84, 27.95, 88.60, 26.42, 64.16, 26.31, 75.82, 30.52, 29.62, -999
22/10/16 04, 0.98, 2.93, 5.01, 3.67, 3.14, 5.45, 4.55, 94.79, 1.00, 94.81, 1.00, 0.00, 0.00, 0.00, 0.00, 0.00, 0.00, 0.00, 0.00, 0.00, 0.00, 0.00, 0.00, 0.00, 0.00, 0.00, 0.00, 0.00, 0.00, 70.82, 1.00, 2.98, 35.77, 31.37, 76.06, 31.37, 67.48, 30.19, 64.15, 30.19, 60.79, 33.66, 32.76, -999
22/10/16 05, 1.32, 3.57, 4.80, 3.21, 2.76, 5.20, 3.52, 95.90, 1.00, 95.92, 1.00, 0.00, 0.00, 0.00, 0.00, 0.00, 0.00, 0.00, 0.00, 49.51, 1.00, 0.00, 0.00, 0.00, 0.00, 0.00, 0.00, 0.00, 0.00, 81.75, 1.00, 2.98, 35.17, 29.18, 74.52, 29.14, 87.43, 29.83, 63.06, 29.83, 58.22, 31.72, 30.82, -999
22/10/16 06, 1.55, 3.89, 4.51, 3.75, 2.23, 5.06, 2.67, 96.56, 1.00, 96.58, 1.00, 0.00, 0.00, 0.00, 0.00, 0.00, 0.00, 0.00, 0.00, 49.18, 1.00, 0.00, 0.00, 0.00, 0.00, 31.81, 1.00, 0.00, 0.00, 76.47, 1.00, 2.98, 34.82, 29.30, 74.50, 29.26, 88.18, 26.82, 62.17, 26.70, 70.63, 31.80, 30.90, -999
22/10/16 07, 1.68, 4.18, 4.23, 4.34, 1.63, 5.40, 3.45, 96.22, 1.00, 96.24, 1.00, 0.00, 0.00, 0.00, 0.00, 0.00, 0.00, 0.00, 0.00, 49.25, 1.00, 0.00, 0.00, 0.00, 0.00, 32.12, 1.00, 0.00, 0.00, 76.17, 1.00, 2.98, 35.00, 29.57, 73.29, 29.53, 88.32, 26.99, 61.59, 26.87, 69.73, 32.07, 31.17, -999
22/10/16 08, 1.77, 4.70, 3.91, 3.70, 1.89, 5.50, 3.94, 96.82, 1.00, 96.84, 1.00, 0.00, 0.00, 0.00, 0.00, 0.00, 0.00, 0.00, 0.00, 0.00, 0.00, 35.39, 1.00, 0.00, 0.00, 29.64, 1.00, 0.00, 0.00, 54.13, 1.00, 2.98, 34.68, 31.78, 71.43, 31.78, 64.46, 20.31, 81.61, 20.21, 71.36, 34.00, 33.10, -999
22/10/16 09, 1.75, 5.08, 3.52, 3.17, 2.30, 5.50, 4.41, 97.14, 1.00, 97.16, 1.00, 0.00, 0.00, 0.00, 0.00, 0.00, 0.00, 0.00, 0.00, 50.34, 1.00, 34.92, 1.00, 0.00, 0.00, 30.25, 1.00, 0.00, 0.00, 66.60, 1.00, 2.97, 34.51, 30.11, 69.38, 30.07, 86.75, 20.21, 82.31, 20.10, 69.29, 32.57, 31.67, -999
22/10/16 10, 1.71, 5.24, 3.08, 3.56, 2.80, 5.50, 4.34, 97.91, 1.00, 97.93, 1.00, 0.00, 0.00, 0.00, 0.00, 0.00, 0.00, 0.00, 0.00, 51.10, 1.00, 35.08, 1.00, 0.00, 0.00, 30.20, 1.00, 0.00, 0.00, 62.52, 1.00, 2.97, 34.09, 30.17, 69.15, 30.13, 85.29, 19.81, 81.64, 19.70, 69.07, 32.61, 31.71, -999
22/10/16 11, 1.59, 5.08, 3.38, 3.50, 3.14, 5.50, 4.24, 97.39, 1.00, 97.41, 1.00, 0.00, 0.00, 35.80, 1.00, 0.00, 0.00, 0.00, 0.00, 50.45, 1.00, 35.06, 1.00, 0.00, 0.00, 29.71, 1.00, 0.00, 0.00, 69.12, 1.00, 2.97, 34.38, 29.21, 89.92, 29.28, 85.74, 20.14, 82.01, 20.04, 70.97, 32.11, 31.21, -999
22/10/16 12, 1.54, 4.90, 3.89, 3.64, 3.49, 5.50, 4.58, 97.60, 1.00, 97.62, 1.00, 0.00, 0.00, 36.18, 1.00, 0.00, 0.00, 0.00, 0.00, 50.11, 1.00, 34.95, 1.00, 0.00, 0.00, 29.83, 1.00, 0.00, 0.00, 69.48, 1.00, 2.97, 34.26, 29.04, 89.07, 29.11, 86.24, 20.02, 82.07, 19.92, 70.47, 31.95, 31.05, -999
22/10/16 13, 1.48, 4.73, 4.36, 3.89, 3.81, 5.50, 4.76, 97.39, 1.00, 97.40, 1.00, 0.00, 0.00, 36.25, 1.00, 0.00, 0.00, 0.00, 0.00, 49.83, 1.00, 34.86, 1.00, 0.00, 0.00, 29.50, 1.00, 0.00, 0.00, 71.22, 1.00, 2.97, 34.38, 28.92, 88.82, 28.99, 86.67, 20.19, 82.41, 20.08, 71.66, 31.83, 30.93, -999
22/10/16 14, 1.62, 4.61, 4.81, 4.19, 3.61, 5.16, 3.21, 95.70, 1.00, 95.72, 1.00, 0.00, 0.00, 33.74, 1.00, 0.00, 0.00, 0.00, 0.00, 49.83, 1.00, 0.00, 0.00, 0.00, 0.00, 0.00, 0.00, 0.00, 0.00, 81.41, 1.00, 2.98, 35.28, 29.03, 93.25, 29.09, 86.75, 30.07, 62.97, 30.07, 57.48, 31.96, 31.06, -999
22/10/16 15, 1.81, 4.61, 5.27, 4.45, 2.91, 5.14, 2.75, 96.53, 1.00, 96.55, 1.00, 0.00, 0.00, 0.00, 0.00, 0.00, 0.00, 0.00, 0.00, 49.76, 1.00, 0.00, 0.00, 0.00, 0.00, 32.33, 1.00, 0.00, 0.00, 72.75, 1.00, 2.98, 34.83, 29.86, 74.31, 29.82, 87.62, 26.90, 62.78, 26.78, 68.87, 32.34, 31.44, -999
22/10/16 16, 1.97, 5.18, 4.94, 3.36, 2.30, 5.39, 3.08, 95.77, 1.00, 95.79, 1.00, 0.00, 0.00, 0.00, 0.00, 0.00, 0.00, 0.00, 0.00, 0.00, 0.00, 0.00, 0.00, 0.00, 0.00, 32.46, 1.00, 0.00, 0.00, 56.04, 1.00, 2.98, 35.24, 32.41, 74.32, 32.41, 64.92, 27.29, 62.21, 27.17, 68.82, 34.63, 33.73, -999
22/10/16 17, 2.10, 5.49, 4.64, 3.32, 1.70, 5.50, 3.42, 96.12, 1.00, 96.13, 1.00, 0.00, 0.00, 0.00, 0.00, 0.00, 0.00, 0.00, 0.00, 50.66, 1.00, 0.00, 0.00, 0.00, 0.00, 31.63, 1.00, 0.00, 0.00, 69.35, 1.00, 2.98, 35.06, 30.59, 72.27, 30.55, 86.59, 27.33, 60.98, 27.21, 71.79, 33.07, 32.17, -999
22/10/16 18, 2.36, 5.14, 4.26, 3.61, 1.57, 5.50, 3.83, 93.12, 1.00, 93.14, 1.00, 0.00, 0.00, 0.00, 0.00, 0.00, 0.00, 0.00, 0.00, 49.63, 1.00, 35.84, 1.00, 0.00, 0.00, 30.09, 1.00, 0.00, 0.00, 0.00, 0.00, 2.98, 36.66, 28.18, 71.92, 28.14, 86.20, 21.78, 82.29, 21.68, 71.39, 39.60, 29.56, -999
22/10/16 19, 2.60, 4.62, 3.88, 3.89, 2.06, 5.50, 4.29, 93.86, 1.00, 93.88, 1.00, 0.00, 0.00, 0.00, 0.00, 0.00, 0.00, 0.00, 0.00, 49.80, 1.00, 35.99, 1.00, 0.00, 0.00, 30.40, 1.00, 0.00, 0.00, 0.00, 0.00, 2.98, 36.26, 27.65, 71.32, 27.61, 85.33, 21.40, 81.63, 21.29, 69.98, 39.25, 29.02, -999
22/10/16 20, 2.79, 4.09, 3.49, 3.93, 2.40, 5.50, 4.38, 93.67, 1.00, 93.68, 1.00, 0.00, 0.00, 0.00, 0.00, 0.00, 0.00, 0.00, 0.00, 49.69, 1.00, 36.00, 1.00, 0.00, 0.00, 30.70, 1.00, 0.00, 0.00, 0.00, 0.00, 2.98, 36.37, 27.13, 69.24, 27.09, 85.03, 21.50, 81.72, 21.38, 69.09, 39.41, 28.50, -999
22/10/16 21, 2.97, 3.56, 3.04, 3.90, 2.71, 5.50, 4.23, 93.66, 1.00, 93.68, 1.00, 0.00, 0.00, 0.00, 0.00, 0.00, 0.00, 0.00, 0.00, 49.60, 1.00, 36.27, 1.00, 0.00, 0.00, 30.47, 1.00, 0.00, 0.00, 0.00, 0.00, 2.98, 36.37, 26.61, 67.58, 26.57, 84.68, 21.57, 81.30, 21.46, 69.95, 39.47, 27.98, -999
22/10/16 22, 3.14, 2.71, 3.34, 3.74, 2.89, 5.50, 4.32, 94.08, 1.00, 94.10, 1.00, 0.00, 0.00, 34.93, 1.00, 0.00, 0.00, 0.00, 0.00, 48.28, 1.00, 35.86, 1.00, 0.00, 0.00, 31.06, 1.00, 0.00, 0.00, 0.00, 0.00, 2.98, 36.14, 22.50, 84.73, 22.57, 83.17, 21.39, 81.86, 21.28, 67.80, 39.29, 24.27, -999
22/10/16 23, 3.27, 1.83, 3.69, 3.35, 3.17, 5.50, 3.84, 92.84, 1.00, 92.86, 1.00, 0.00, 0.00, 34.14, 1.00, 0.00, 0.00, 0.00, 0.00, 47.99, 1.00, 36.02, 1.00, 0.00, 0.00, 31.20, 1.00, 0.00, 0.00, 0.00, 0.00, 2.98, 36.80, 21.74, 85.30, 21.81, 82.94, 21.97, 82.16, 21.86, 67.88, 40.00, 23.50, -999
23/10/16 00, 3.46, 0.96, 4.05, 3.10, 3.44, 5.50, 3.48, 90.87, 1.00, 90.88, 1.00, 0.00, 0.00, 31.93, 1.00, 0.00, 0.00, 0.00, 0.00, 46.88, 1.00, 35.50, 1.00, 0.00, 0.00, 30.28, 1.00, 0.00, 0.00, 0.00, 0.00, 2.98, 37.84, 21.25, 88.35, 21.31, 84.45, 23.41, 84.51, 23.30, 72.39, 41.19, 22.96, -999
23/10/16 01, 3.54, 0.62, 4.53, 3.44, 3.98, 5.50, 4.12, 95.44, 1.00, 95.46, 1.00, 0.00, 0.00, 32.90, 1.00, 0.00, 0.00, 0.00, 0.00, 47.76, 1.00, 34.65, 1.00, 0.00, 0.00, 29.16, 1.00, 0.00, 0.00, 107.89, 1.00, 2.98, 35.42, 25.67, 91.24, 25.72, 87.28, 22.29, 84.86, 22.19, 74.82, 28.74, 27.84, -999
23/10/16 02, 3.59, 0.93, 5.07, 4.06, 3.50, 5.39, 4.31, 94.32, 1.00, 94.34, 1.00, 0.00, 0.00, 32.53, 1.00, 0.00, 0.00, 0.00, 0.00, 47.48, 1.00, 0.00, 0.00, 0.00, 0.00, 0.00, 0.00, 0.00, 0.00, 110.67, 1.00, 2.98, 36.02, 26.12, 92.28, 26.18, 88.25, 31.49, 64.08, 31.49, 60.18, 29.21, 28.31, -999
23/10/16 03, 3.79, 1.47, 5.22, 4.34, 3.02, 5.12, 3.16, 92.27, 1.00, 92.29, 1.00, 0.00, 0.00, 0.00, 0.00, 0.00, 0.00, 0.00, 0.00, 0.00, 0.00, 0.00, 0.00, 0.00, 0.00, 0.00, 0.00, 0.00, 0.00, 87.14, 1.00, 2.98, 37.11, 31.51, 76.70, 31.51, 69.82, 32.52, 64.05, 32.52, 60.01, 33.89, 32.99, -999
23/10/16 04, 4.09, 2.38, 5.03, 3.64, 2.65, 4.87, 2.31, 92.69, 1.00, 92.71, 1.00, 0.00, 0.00, 0.00, 0.00, 0.00, 0.00, 0.00, 0.00, 0.00, 0.00, 0.00, 0.00, 0.00, 0.00, 32.12, 1.00, 0.00, 0.00, 81.49, 1.00, 2.98, 36.88, 31.83, 76.56, 31.83, 68.93, 29.68, 63.74, 29.56, 72.40, 34.19, 33.29, -999
23/10/16 05, 4.27, 3.23, 4.85, 2.90, 2.29, 5.29, 3.44, 93.04, 1.00, 93.06, 1.00, 0.00, 0.00, 0.00, 0.00, 0.00, 0.00, 0.00, 0.00, 48.60, 1.00, 0.00, 0.00, 0.00, 0.00, 32.04, 1.00, 0.00, 0.00, 95.09, 1.00, 2.98, 36.70, 29.63, 76.21, 29.60, 89.62, 29.63, 63.38, 29.51, 72.65, 32.25, 31.35, -999
23/10/16 06, 4.40, 3.72, 4.65, 3.80, 1.94, 5.50, 4.65, 93.40, 1.00, 93.42, 1.00, 0.00, 0.00, 0.00, 0.00, 0.00, 0.00, 0.00, 0.00, 48.66, 1.00, 0.00, 0.00, 0.00, 0.00, 30.46, 1.00, 0.00, 0.00, 91.97, 1.00, 2.98, 36.51, 29.93, 75.68, 29.89, 89.79, 29.79, 62.73, 29.68, 78.20, 32.52, 31.62, -999
23/10/16 07, 4.48, 4.21, 4.43, 4.39, 1.50, 5.32, 4.11, 112.92, 1.00, 0.00, 0.00, 0.00, 0.00, 0.00, 0.00, 0.00, 0.00, 0.00, 0.00, 0.00, 0.00, 0.00, 0.00, 0.00, 0.00, 0.00, 0.00, 0.00, 0.00, 66.39, 1.00, 2.99, 25.81, 32.25, 74.79, 32.25, 67.10, 31.92, 62.10, 31.92, 59.28, 34.52, 33.62, -999
23/10/16 08, 4.33, 4.87, 4.18, 3.27, 1.94, 5.00, 2.77, 114.42, 1.00, 0.00, 0.00, 0.00, 0.00, 0.00, 0.00, 0.00, 0.00, 0.00, 0.00, 0.00, 0.00, 37.80, 1.00, 0.00, 0.00, 0.00, 0.00, 0.00, 0.00, 57.60, 1.00, 2.99, 24.95, 32.22, 73.59, 32.22, 64.17, 27.65, 84.52, 27.65, 57.14, 34.44, 33.54, -999
23/10/16 09, 3.98, 5.12, 3.87, 3.30, 2.38, 5.14, 2.80, 116.89, 1.00, 0.00, 0.00, 0.00, 0.00, 0.00, 0.00, 0.00, 0.00, 0.00, 0.00, 50.51, 1.00, 35.06, 1.00, 0.00, 0.00, 30.75, 1.00, 0.00, 0.00, 61.65, 1.00, 2.99, 23.54, 30.04, 72.03, 30.00, 86.34, 20.34, 82.21, 20.23, 67.77, 32.48, 31.58, -999
23/10/16 10, 3.59, 5.22, 3.51, 3.58, 2.84, 5.34, 2.98, 117.21, 1.00, 0.00, 0.00, 0.00, 0.00, 0.00, 0.00, 0.00, 0.00, 0.00, 0.00, 50.76, 1.00, 35.12, 1.00, 0.00, 0.00, 30.75, 1.00, 0.00, 0.00, 58.71, 1.00, 2.99, 23.36, 30.09, 71.01, 30.05, 85.88, 20.09, 81.87, 19.98, 67.54, 32.52, 31.62, -999
23/10/16 11, 3.22, 5.30, 3.13, 3.70, 3.20, 5.50, 3.04, 117.94, 1.00, 0.00, 0.00, 0.00, 0.00, 0.00, 0.00, 0.00, 0.00, 0.00, 0.00, 50.73, 1.00, 34.94, 1.00, 0.00, 0.00, 30.25, 1.00, 0.00, 0.00, 53.71, 1.00, 2.99, 22.94, 30.12, 69.69, 30.07, 85.98, 19.77, 81.85, 19.67, 68.86, 32.52, 31.62, -999
23/10/16 12, 2.83, 5.09, 3.33, 3.81, 3.53, 5.50, 3.17, 118.14, 1.00, 0.00, 0.00, 0.00, 0.00, 36.03, 1.00, 0.00, 0.00, 0.00, 0.00, 50.26, 1.00, 34.46, 1.00, 0.00, 0.00, 30.24, 1.00, 0.00, 0.00, 59.82, 1.00, 2.99, 22.82, 28.91, 89.22, 28.98, 85.81, 19.74, 82.64, 19.64, 68.87, 31.77, 30.87, -999
23/10/16 13, 2.47, 4.81, 3.82, 3.92, 3.96, 5.50, 3.27, 118.83, 1.00, 0.00, 0.00, 0.00, 0.00, 36.16, 1.00, 0.00, 0.00, 0.00, 0.00, 49.99, 1.00, 34.49, 1.00, 0.00, 0.00, 30.25, 1.00, 0.00, 0.00, 58.59, 1.00, 2.99, 22.42, 28.59, 88.67, 28.66, 86.03, 19.27, 82.12, 19.16, 68.35, 31.44, 30.54, -999
23/10/16 14, 2.19, 4.57, 4.28, 4.09, 3.44, 5.50, 3.35, 118.00, 1.00, 0.00, 0.00, 0.00, 0.00, 36.15, 1.00, 0.00, 0.00, 0.00, 0.00, 49.89, 1.00, 0.00, 0.00, 0.00, 0.00, 31.32, 1.00, 0.00, 0.00, 64.72, 1.00, 2.99, 22.90, 28.58, 88.67, 28.65, 86.21, 26.20, 62.26, 26.09, 71.72, 31.46, 30.56, -999
23/10/16 15, 1.94, 4.34, 4.73, 4.26, 2.67, 5.50, 3.84, 118.10, 1.00, 0.00, 0.00, 0.00, 0.00, 35.79, 1.00, 0.00, 0.00, 0.00, 0.00, 50.16, 1.00, 0.00, 0.00, 0.00, 0.00, 31.58, 1.00, 0.00, 0.00, 65.58, 1.00, 2.99, 22.85, 28.38, 89.10, 28.45, 85.48, 26.06, 61.07, 25.94, 70.66, 31.26, 30.36, -999
23/10/16 16, 1.71, 4.13, 5.17, 4.20, 1.84, 5.50, 4.04, 118.40, 1.00, 0.00, 0.00, 0.00, 0.00, 36.20, 1.00, 0.00, 0.00, 0.00, 0.00, 49.97, 1.00, 0.00, 0.00, 0.00, 0.00, 31.60, 1.00, 0.00, 0.00, 65.66, 1.00, 2.99, 22.67, 28.16, 88.17, 28.23, 85.62, 25.84, 60.07, 25.73, 70.39, 31.05, 30.15, -999
23/10/16 17, 1.42, 4.07, 5.05, 4.22, 1.68, 5.50, 4.05, 120.47, 1.00, 0.00, 0.00, 0.00, 0.00, 0.00, 0.00, 0.00, 0.00, 0.00, 0.00, 50.51, 1.00, 35.10, 1.00, 0.00, 0.00, 29.98, 1.00, 0.00, 0.00, 48.50, 1.00, 2.99, 21.48, 28.87, 69.65, 28.83, 85.17, 18.06, 79.85, 17.95, 68.01, 31.25, 30.35, -999
23/10/16 18, 1.06, 4.04, 4.56, 4.02, 1.93, 5.50, 3.79, 120.99, 1.00, 0.00, 0.00, 0.00, 0.00, 0.00, 0.00, 0.00, 0.00, 0.00, 0.00, 50.40, 1.00, 34.95, 1.00, 0.00, 0.00, 29.92, 1.00, 0.00, 0.00, 45.03, 1.00, 2.99, 21.17, 28.82, 69.44, 28.78, 85.34, 17.74, 79.79, 17.64, 67.89, 31.18, 30.28, -999
23/10/16 19, 0.89, 4.14, 4.08, 3.95, 2.17, 5.50, 3.59, 98.70, 1.00, 98.72, 1.00, 0.00, 0.00, 0.00, 0.00, 0.00, 0.00, 0.00, 0.00, 50.50, 1.00, 35.25, 1.00, 0.00, 0.00, 30.37, 1.00, 0.00, 0.00, 65.31, 1.00, 2.97, 33.67, 29.14, 70.56, 29.10, 85.46, 18.98, 80.51, 18.87, 67.66, 31.59, 30.69, -999
23/10/16 20, 0.80, 4.29, 3.66, 3.92, 2.43, 5.50, 3.32, 98.75, 1.00, 98.77, 1.00, 0.00, 0.00, 0.00, 0.00, 0.00, 0.00, 0.00, 0.00, 50.86, 1.00, 35.09, 1.00, 0.00, 0.00, 30.02, 1.00, 0.00, 0.00, 63.84, 1.00, 2.97, 33.64, 29.25, 67.93, 29.21, 84.84, 19.04, 80.85, 18.93, 68.86, 31.70, 30.80, -999
23/10/16 21, 0.73, 4.42, 3.16, 3.65, 2.72, 5.50, 3.42, 98.13, 1.00, 98.15, 1.00, 0.00, 0.00, 0.00, 0.00, 0.00, 0.00, 0.00, 0.00, 50.77, 1.00, 34.84, 1.00, 0.00, 0.00, 30.35, 1.00, 0.00, 0.00, 64.82, 1.00, 2.97, 33.97, 29.41, 68.98, 29.36, 85.19, 19.23, 81.48, 19.12, 68.00, 31.86, 30.96, -999
23/10/16 22, 0.70, 4.40, 3.16, 3.58, 3.08, 5.50, 3.27, 99.21, 1.00, 99.23, 1.00, 0.00, 0.00, 36.15, 1.00, 0.00, 0.00, 0.00, 0.00, 50.30, 1.00, 34.77, 1.00, 0.00, 0.00, 29.86, 1.00, 0.00, 0.00, 65.12, 1.00, 2.97, 33.39, 28.40, 88.49, 28.47, 85.23, 18.90, 81.27, 18.79, 69.25, 31.29, 30.39, -999
23/10/16 23, 0.59, 4.17, 3.63, 3.61, 3.37, 5.50, 3.46, 98.37, 1.00, 98.39, 1.00, 0.00, 0.00, 35.61, 1.00, 0.00, 0.00, 0.00, 0.00, 49.99, 1.00, 34.34, 1.00, 0.00, 0.00, 29.71, 1.00, 0.00, 0.00, 69.08, 1.00, 2.97, 33.85, 28.33, 89.38, 28.40, 85.75, 19.37, 82.46, 19.26, 70.20, 31.23, 30.33, -999
24/10/16 00, 0.56, 4.00, 4.12, 3.78, 3.81, 5.50, 3.81, 98.59, 1.00, 98.61, 1.00, 0.00, 0.00, 35.81, 1.00, 0.00, 0.00, 0.00, 0.00, 49.16, 1.00, 34.10, 1.00, 0.00, 0.00, 29.00, 1.00, 0.00, 0.00, 69.38, 1.00, 2.97, 33.73, 28.19, 88.88, 28.26, 87.23, 19.50, 83.00, 19.40, 72.52, 31.08, 30.18, -999
24/10/16 01, 0.60, 3.86, 4.58, 4.24, 3.62, 5.50, 4.61, 97.12, 1.00, 97.14, 1.00, 0.00, 0.00, 34.70, 1.00, 0.00, 0.00, 0.00, 0.00, 48.61, 1.00, 0.00, 0.00, 0.00, 0.00, 30.65, 1.00, 0.00, 0.00, 76.96, 1.00, 2.97, 34.52, 28.23, 90.85, 28.30, 88.30, 26.27, 63.90, 26.15, 74.02, 31.14, 30.24, -999
24/10/16 02, 0.87, 4.07, 5.10, 3.91, 3.08, 5.25, 3.64, 95.80, 1.00, 95.82, 1.00, 0.00, 0.00, 34.07, 1.00, 0.00, 0.00, 0.00, 0.00, 0.00, 0.00, 0.00, 0.00, 0.00, 0.00, 0.00, 0.00, 0.00, 0.00, 74.32, 1.00, 2.98, 35.23, 30.08, 93.76, 30.18, 67.44, 29.69, 63.45, 29.69, 59.14, 32.59, 31.69, -999
24/10/16 03, 1.19, 4.62, 5.27, 2.90, 2.56, 5.00, 2.57, 95.65, 1.00, 95.67, 1.00, 0.00, 0.00, 0.00, 0.00, 0.00, 0.00, 0.00, 0.00, 49.25, 1.00, 0.00, 0.00, 0.00, 0.00, 31.83, 1.00, 0.00, 0.00, 74.77, 1.00, 2.98, 35.31, 29.95, 75.84, 29.91, 88.70, 27.03, 63.40, 26.91, 70.79, 32.45, 31.55, -999
24/10/16 04, 1.41, 4.89, 5.02, 3.66, 2.14, 5.36, 3.40, 94.79, 1.00, 94.80, 1.00, 0.00, 0.00, 0.00, 0.00, 0.00, 0.00, 0.00, 0.00, 48.94, 1.00, 0.00, 0.00, 0.00, 0.00, 31.76, 1.00, 0.00, 0.00, 76.63, 1.00, 2.98, 35.77, 30.31, 75.63, 30.27, 89.64, 27.52, 62.69, 27.41, 71.52, 32.81, 31.91, -999
24/10/16 05, 1.66, 5.18, 4.78, 4.45, 1.66, 5.50, 4.46, 95.25, 1.00, 95.27, 1.00, 0.00, 0.00, 0.00, 0.00, 0.00, 0.00, 0.00, 0.00, 48.30, 1.00, 0.00, 0.00, 0.00, 0.00, 29.98, 1.00, 0.00, 0.00, 73.38, 1.00, 2.98, 35.52, 30.51, 76.40, 30.47, 91.05, 27.70, 62.45, 27.59, 77.65, 32.99, 32.09, -999
24/10/16 06, 1.96, 5.63, 4.60, 3.81, 1.99, 5.35, 4.20, 90.18, 1.00, 90.20, 1.00, 0.00, 0.00, 0.00, 0.00, 0.00, 0.00, 0.00, 0.00, 0.00, 0.00, 37.57, 1.00, 0.00, 0.00, 0.00, 0.00, 0.00, 0.00, 0.00, 0.00, 2.98, 38.20, 30.63, 75.41, 30.63, 66.89, 29.19, 86.49, 29.19, 58.66, 41.56, 31.82, -999
24/10/16 07, 2.42, 5.63, 4.37, 2.74, 2.70, 5.01, 2.69, 90.30, 1.00, 90.32, 1.00, 0.00, 0.00, 0.00, 0.00, 0.00, 0.00, 0.00, 0.00, 50.17, 1.00, 37.69, 1.00, 0.00, 0.00, 0.00, 0.00, 0.00, 0.00, 0.00, 0.00, 2.98, 38.14, 28.63, 72.54, 28.59, 85.71, 29.29, 86.36, 29.29, 54.94, 41.58, 30.01, -999
24/10/16 08, 2.75, 5.10, 4.01, 3.04, 3.26, 5.01, 2.21, 93.19, 1.00, 93.21, 1.00, 0.00, 0.00, 0.00, 0.00, 0.00, 0.00, 0.00, 0.00, 50.62, 1.00, 35.33, 1.00, 0.00, 0.00, 31.68, 1.00, 0.00, 0.00, 0.00, 0.00, 2.98, 36.62, 28.06, 71.93, 28.02, 84.14, 21.63, 83.03, 21.51, 65.90, 39.66, 29.44, -999
24/10/16 09, 2.96, 4.56, 3.64, 2.88, 3.69, 4.97, 1.68, 92.58, 1.00, 92.60, 1.00, 0.00, 0.00, 0.00, 0.00, 0.00, 0.00, 0.00, 0.00, 49.61, 1.00, 35.34, 1.00, 0.00, 0.00, 31.68, 1.00, 0.00, 0.00, 0.00, 0.00, 2.98, 36.94, 27.60, 70.49, 27.56, 85.66, 22.02, 83.41, 21.90, 66.27, 40.06, 28.97, -999
24/10/16 10, 3.22, 4.04, 3.23, 3.20, 3.83, 5.06, 1.55, 91.78, 1.00, 91.80, 1.00, 0.00, 0.00, 0.00, 0.00, 0.00, 0.00, 0.00, 0.00, 49.99, 1.00, 0.00, 0.00, 0.00, 0.00, 33.28, 1.00, 0.00, 0.00, 0.00, 0.00, 2.98, 37.36, 27.05, 69.69, 27.01, 84.37, 29.55, 61.21, 29.42, 68.05, 40.93, 28.42, -999
24/10/16 11, 3.56, 3.34, 3.19, 3.13, 2.87, 5.27, 1.81, 90.31, 1.00, 90.33, 1.00, 0.00, 0.00, 34.10, 1.00, 0.00, 0.00, 0.00, 0.00, 48.07, 1.00, 0.00, 0.00, 0.00, 0.00, 33.26, 1.00, 0.00, 0.00, 0.00, 0.00, 2.98, 38.13, 23.25, 86.87, 23.32, 84.32, 30.41, 61.85, 30.28, 68.97, 41.89, 25.01, -999
24/10/16 12, 3.94, 2.47, 3.63, 3.31, 2.12, 5.50, 2.26, 91.00, 1.00, 91.01, 1.00, 0.00, 0.00, 33.78, 1.00, 0.00, 0.00, 0.00, 0.00, 47.30, 1.00, 0.00, 0.00, 0.00, 0.00, 31.81, 1.00, 0.00, 0.00, 0.00, 0.00, 2.98, 37.78, 22.51, 86.66, 22.57, 84.96, 30.47, 61.68, 30.35, 74.30, 41.59, 24.25, -999
24/10/16 13, 4.26, 1.62, 4.04, 3.64, 1.53, 5.50, 3.23, 91.60, 1.00, 91.62, 1.00, 0.00, 0.00, 33.37, 1.00, 0.00, 0.00, 0.00, 0.00, 47.41, 1.00, 36.04, 1.00, 0.00, 0.00, 31.47, 1.00, 0.00, 0.00, 0.00, 0.00, 2.98, 37.46, 21.69, 86.50, 21.75, 83.93, 22.93, 83.09, 22.82, 67.95, 40.98, 23.42, -999
24/10/16 14, 4.45, 0.76, 4.44, 3.69, 2.09, 5.50, 3.00, 91.13, 1.00, 91.15, 1.00, 0.00, 0.00, 32.54, 1.00, 0.00, 0.00, 0.00, 0.00, 47.18, 1.00, 36.65, 1.00, 0.00, 0.00, 30.84, 1.00, 0.00, 0.00, 0.00, 0.00, 2.98, 37.70, 20.95, 87.10, 21.01, 83.61, 23.25, 82.30, 23.14, 70.38, 41.30, 22.68, -999
24/10/16 15, 4.21, 0.40, 4.87, 3.70, 2.42, 5.50, 3.32, 118.75, 1.00, 0.00, 0.00, 0.00, 0.00, 33.16, 1.00, 0.00, 0.00, 0.00, 0.00, 48.84, 1.00, 34.88, 1.00, 0.00, 0.00, 29.29, 1.00, 0.00, 0.00, 91.97, 1.00, 2.99, 22.47, 24.93, 90.09, 24.99, 84.55, 19.67, 81.84, 19.56, 71.79, 27.91, 27.01, -999
24/10/16 16, 3.70, 0.49, 5.36, 3.72, 2.85, 5.50, 3.99, 118.43, 1.00, 0.00, 0.00, 0.00, 0.00, 0.00, 0.00, 0.00, 0.00, 0.00, 0.00, 49.04, 1.00, 34.73, 1.00, 0.00, 0.00, 29.48, 1.00, 0.00, 0.00, 85.54, 1.00, 2.99, 22.66, 26.32, 73.86, 26.28, 85.46, 19.78, 82.23, 19.68, 71.32, 28.88, 27.98, -999
24/10/16 17, 3.24, 0.87, 5.01, 3.91, 3.29, 5.50, 4.45, 119.70, 1.00, 0.00, 0.00, 0.00, 0.00, 0.00, 0.00, 0.00, 0.00, 0.00, 0.00, 49.01, 1.00, 34.42, 1.00, 0.00, 0.00, 29.32, 1.00, 0.00, 0.00, 78.79, 1.00, 2.99, 21.92, 26.38, 71.59, 26.34, 85.58, 19.06, 82.03, 18.96, 71.10, 28.89, 27.99, -999
24/10/16 18, 2.77, 1.17, 4.59, 4.09, 3.68, 5.48, 4.73, 118.07, 1.00, 0.00, 0.00, 0.00, 0.00, 0.00, 0.00, 0.00, 0.00, 0.00, 0.00, 49.07, 1.00, 36.41, 1.00, 0.00, 0.00, 0.00, 0.00, 0.00, 0.00, 83.16, 1.00, 2.99, 22.86, 26.88, 72.65, 26.84, 85.97, 25.52, 84.95, 25.52, 56.41, 29.42, 28.52, -999
24/10/16 19, 2.47, 1.53, 4.23, 4.30, 3.88, 5.05, 2.68, 117.82, 1.00, 0.00, 0.00, 0.00, 0.00, 0.00, 0.00, 0.00, 0.00, 0.00, 0.00, 49.23, 1.00, 0.00, 0.00, 0.00, 0.00, 0.00, 0.00, 0.00, 0.00, 82.79, 1.00, 2.99, 23.00, 27.21, 70.83, 27.18, 86.00, 29.09, 63.87, 29.09, 56.60, 29.75, 28.85, -999
24/10/16 20, 2.15, 1.84, 3.81, 4.46, 3.29, 5.13, 2.52, 119.16, 1.00, 0.00, 0.00, 0.00, 0.00, 0.00, 0.00, 0.00, 0.00, 0.00, 0.00, 48.95, 1.00, 0.00, 0.00, 0.00, 0.00, 32.23, 1.00, 0.00, 0.00, 75.04, 1.00, 2.99, 22.23, 27.20, 68.96, 27.16, 86.52, 25.39, 61.23, 25.27, 67.71, 29.69, 28.79, -999
24/10/16 21, 1.87, 2.37, 3.34, 3.48, 2.40, 5.31, 2.59, 119.11, 1.00, 0.00, 0.00, 0.00, 0.00, 0.00, 0.00, 0.00, 0.00, 0.00, 0.00, 0.00, 0.00, 0.00, 0.00, 0.00, 0.00, 32.50, 1.00, 0.00, 0.00, 54.94, 1.00, 2.99, 22.26, 29.52, 67.34, 29.52, 55.93, 25.38, 60.04, 25.26, 66.76, 31.73, 30.83, -999
24/10/16 22, 1.54, 2.52, 3.13, 2.72, 1.51, 5.35, 2.21, 121.47, 1.00, 0.00, 0.00, 0.00, 0.00, 35.71, 1.00, 0.00, 0.00, 0.00, 0.00, 50.18, 1.00, 34.81, 1.00, 0.00, 0.00, 30.39, 1.00, 0.00, 0.00, 63.04, 1.00, 2.99, 20.89, 26.48, 87.36, 26.55, 83.53, 17.42, 79.71, 17.31, 66.05, 29.35, 28.45, -999
24/10/16 23, 1.10, 2.28, 3.57, 2.52, 1.80, 5.38, 1.93, 121.06, 1.00, 0.00, 0.00, 0.00, 0.00, 34.64, 1.00, 0.00, 0.00, 0.00, 0.00, 50.04, 1.00, 34.64, 1.00, 0.00, 0.00, 30.48, 1.00, 0.00, 0.00, 65.74, 1.00, 2.99, 21.13, 26.38, 89.10, 26.45, 83.70, 17.66, 80.26, 17.55, 65.98, 29.24, 28.34, -999
25/10/16 00, 0.85, 2.16, 4.06, 2.47, 2.14, 5.40, 1.69, 98.57, 1.00, 98.59, 1.00, 0.00, 0.00, 34.41, 1.00, 0.00, 0.00, 0.00, 0.00, 49.62, 1.00, 34.96, 1.00, 0.00, 0.00, 30.63, 1.00, 0.00, 0.00, 83.24, 1.00, 2.97, 33.74, 26.58, 89.68, 26.64, 84.72, 19.09, 81.14, 18.97, 66.91, 29.53, 28.63, -999
25/10/16 01, 0.75, 2.16, 4.55, 2.70, 2.52, 5.50, 1.92, 98.31, 1.00, 98.33, 1.00, 0.00, 0.00, 33.36, 1.00, 0.00, 0.00, 0.00, 0.00, 49.49, 1.00, 34.52, 1.00, 0.00, 0.00, 28.47, 1.00, 0.00, 0.00, 84.12, 1.00, 2.97, 33.88, 26.59, 91.42, 26.65, 84.98, 19.80, 82.59, 19.71, 74.47, 29.53, 28.63, -999
25/10/16 02, 0.69, 2.17, 5.09, 2.94, 3.05, 5.50, 3.19, 98.13, 1.00, 98.15, 1.00, 0.00, 0.00, 33.46, 1.00, 0.00, 0.00, 0.00, 0.00, 48.51, 1.00, 34.11, 1.00, 0.00, 0.00, 29.22, 1.00, 0.00, 0.00, 84.47, 1.00, 2.97, 33.98, 26.61, 91.29, 26.67, 86.86, 19.76, 83.24, 19.66, 72.12, 29.55, 28.65, -999
25/10/16 03, 0.66, 2.34, 5.19, 3.52, 3.63, 5.50, 3.93, 97.45, 1.00, 97.47, 1.00, 0.00, 0.00, 0.00, 0.00, 0.00, 0.00, 0.00, 0.00, 48.35, 1.00, 33.74, 1.00, 0.00, 0.00, 28.44, 1.00, 0.00, 0.00, 79.80, 1.00, 2.97, 34.34, 27.93, 75.59, 27.89, 88.38, 20.24, 84.34, 20.14, 74.96, 30.45, 29.55, -999
25/10/16 04, 0.77, 2.69, 4.94, 4.23, 3.81, 5.49, 4.93, 95.57, 1.00, 95.59, 1.00, 0.00, 0.00, 0.00, 0.00, 0.00, 0.00, 0.00, 0.00, 47.98, 1.00, 0.00, 0.00, 0.00, 0.00, 0.00, 0.00, 0.00, 0.00, 86.55, 1.00, 2.98, 35.35, 28.63, 76.81, 28.59, 89.75, 29.64, 64.48, 29.64, 61.42, 31.18, 30.28, -999
25/10/16 05, 1.12, 3.27, 4.78, 4.22, 3.35, 5.28, 4.00, 95.29, 1.00, 95.31, 1.00, 0.00, 0.00, 0.00, 0.00, 0.00, 0.00, 0.00, 0.00, 0.00, 0.00, 0.00, 0.00, 0.00, 0.00, 0.00, 0.00, 0.00, 0.00, 67.81, 1.00, 2.98, 35.50, 31.44, 74.62, 31.44, 69.89, 30.06, 64.26, 30.06, 60.48, 33.72, 32.82, -999
25/10/16 06, 1.44, 3.98, 4.50, 3.55, 2.95, 5.03, 3.03, 95.69, 1.00, 95.71, 1.00, 0.00, 0.00, 0.00, 0.00, 0.00, 0.00, 0.00, 0.00, 0.00, 0.00, 0.00, 0.00, 0.00, 0.00, 0.00, 0.00, 0.00, 0.00, 63.39, 1.00, 2.98, 35.29, 31.78, 74.69, 31.78, 68.63, 30.09, 63.65, 30.09, 58.88, 34.03, 33.13, -999
25/10/16 07, 1.66, 4.54, 4.23, 3.19, 2.50, 5.06, 2.84, 96.38, 1.00, 96.40, 1.00, 0.00, 0.00, 0.00, 0.00, 0.00, 0.00, 0.00, 0.00, 50.04, 1.00, 0.00, 0.00, 0.00, 0.00, 31.73, 1.00, 0.00, 0.00, 73.57, 1.00, 2.98, 34.92, 29.80, 72.18, 29.76, 87.02, 26.97, 62.92, 26.85, 71.05, 32.29, 31.39, -999
25/10/16 08, 1.79, 4.78, 3.86, 3.64, 1.99, 5.42, 3.68, 96.75, 1.00, 96.77, 1.00, 0.00, 0.00, 0.00, 0.00, 0.00, 0.00, 0.00, 0.00, 49.58, 1.00, 0.00, 0.00, 0.00, 0.00, 32.39, 1.00, 0.00, 0.00, 70.79, 1.00, 2.98, 34.72, 29.97, 72.69, 29.93, 88.08, 26.80, 60.35, 26.67, 68.58, 32.44, 31.54, -999
25/10/16 09, 1.86, 5.00, 3.53, 4.21, 1.44, 5.50, 3.79, 97.30, 1.00, 97.31, 1.00, 0.00, 0.00, 0.00, 0.00, 0.00, 0.00, 0.00, 0.00, 50.76, 1.00, 35.48, 1.00, 0.00, 0.00, 30.10, 1.00, 0.00, 0.00, 67.00, 1.00, 2.97, 34.43, 30.04, 70.48, 29.99, 85.84, 20.11, 81.25, 20.00, 69.68, 32.50, 31.60, -999
25/10/16 10, 1.79, 5.17, 3.13, 4.19, 1.86, 5.50, 3.94, 97.37, 1.00, 97.39, 1.00, 0.00, 0.00, 0.00, 0.00, 0.00, 0.00, 0.00, 0.00, 50.70, 1.00, 35.43, 1.00, 0.00, 0.00, 30.01, 1.00, 0.00, 0.00, 65.32, 1.00, 2.97, 34.38, 30.16, 69.62, 30.12, 86.09, 20.06, 81.29, 19.96, 69.92, 32.62, 31.72, -999
25/10/16 11, 1.71, 5.08, 3.33, 4.24, 2.24, 5.50, 4.12, 97.34, 1.00, 97.35, 1.00, 0.00, 0.00, 35.72, 1.00, 0.00, 0.00, 0.00, 0.00, 49.98, 1.00, 35.25, 1.00, 0.00, 0.00, 29.26, 1.00, 0.00, 0.00, 69.57, 1.00, 2.97, 34.40, 29.24, 90.10, 29.31, 86.68, 20.29, 81.82, 20.19, 72.51, 32.14, 31.24, -999
25/10/16 12, 1.66, 4.91, 3.85, 4.47, 2.65, 5.50, 4.77, 96.95, 1.00, 96.97, 1.00, 0.00, 0.00, 34.53, 1.00, 0.00, 0.00, 0.00, 0.00, 49.05, 1.00, 34.73, 1.00, 0.00, 0.00, 29.89, 1.00, 0.00, 0.00, 71.54, 1.00, 2.98, 34.61, 29.20, 92.09, 29.26, 88.42, 20.39, 82.82, 20.29, 70.65, 32.08, 31.18, -999
25/10/16 13, 1.76, 5.18, 4.42, 3.59, 3.23, 5.15, 3.13, 97.23, 1.00, 97.25, 1.00, 0.00, 0.00, 33.98, 1.00, 0.00, 0.00, 0.00, 0.00, 0.00, 0.00, 36.03, 1.00, 0.00, 0.00, 0.00, 0.00, 0.00, 0.00, 62.55, 1.00, 2.97, 34.46, 30.63, 94.45, 30.73, 63.21, 26.11, 86.22, 26.11, 56.81, 33.07, 32.17, -999
25/10/16 14, 1.74, 5.24, 5.03, 2.98, 3.88, 5.13, 2.65, 97.21, 1.00, 97.23, 1.00, 0.00, 0.00, 35.31, 1.00, 0.00, 0.00, 0.00, 0.00, 50.33, 1.00, 34.73, 1.00, 0.00, 0.00, 31.00, 1.00, 0.00, 0.00, 68.88, 1.00, 2.97, 34.47, 29.39, 90.96, 29.46, 86.14, 20.05, 82.49, 19.93, 66.64, 32.28, 31.38, -999
25/10/16 15, 1.78, 5.16, 5.31, 3.30, 3.48, 5.26, 2.51, 97.12, 1.00, 97.14, 1.00, 0.00, 0.00, 0.00, 0.00, 0.00, 0.00, 0.00, 0.00, 51.35, 1.00, 0.00, 0.00, 0.00, 0.00, 31.89, 1.00, 0.00, 0.00, 67.19, 1.00, 2.97, 34.52, 30.18, 73.26, 30.14, 84.78, 26.72, 62.35, 26.60, 70.25, 32.65, 31.75, -999
25/10/16 16, 1.86, 5.33, 4.94, 3.15, 2.71, 5.50, 3.32, 96.50, 1.00, 96.52, 1.00, 0.00, 0.00, 0.00, 0.00, 0.00, 0.00, 0.00, 0.00, 51.23, 1.00, 0.00, 0.00, 0.00, 0.00, 31.37, 1.00, 0.00, 0.00, 68.57, 1.00, 2.98, 34.85, 30.39, 71.57, 30.35, 85.23, 27.08, 62.11, 26.97, 72.41, 32.86, 31.96, -999
25/10/16 17, 2.00, 5.47, 4.52, 3.16, 2.02, 5.50, 3.91, 92.20, 1.00, 92.21, 1.00, 0.00, 0.00, 0.00, 0.00, 0.00, 0.00, 0.00, 0.00, 49.85, 1.00, 0.00, 0.00, 0.00, 0.00, 31.83, 1.00, 0.00, 0.00, 0.00, 0.00, 2.98, 37.14, 28.49, 73.78, 28.45, 86.09, 29.06, 61.45, 28.94, 72.79, 40.40, 29.87, -999
25/10/16 18, 2.38, 4.94, 4.21, 3.49, 1.34, 5.50, 4.44, 93.18, 1.00, 93.20, 1.00, 0.00, 0.00, 0.00, 0.00, 0.00, 0.00, 0.00, 0.00, 49.89, 1.00, 35.96, 1.00, 0.00, 0.00, 30.35, 1.00, 0.00, 0.00, 0.00, 0.00, 2.98, 36.62, 27.96, 72.98, 27.92, 85.49, 21.66, 81.95, 21.55, 70.41, 39.56, 29.34, -999
25/10/16 19, 2.61, 4.41, 3.88, 3.64, 1.80, 5.50, 4.59, 93.86, 1.00, 93.88, 1.00, 0.00, 0.00, 0.00, 0.00, 0.00, 0.00, 0.00, 0.00, 49.69, 1.00, 36.41, 1.00, 0.00, 0.00, 30.04, 1.00, 0.00, 0.00, 0.00, 0.00, 2.98, 36.26, 27.45, 68.93, 27.41, 85.35, 21.39, 80.86, 21.28, 71.14, 39.25, 28.82, -999
25/10/16 20, 2.83, 3.89, 3.40, 3.75, 2.05, 5.39, 4.28, 92.52, 1.00, 92.54, 1.00, 0.00, 0.00, 0.00, 0.00, 0.00, 0.00, 0.00, 0.00, 49.60, 1.00, 38.37, 1.00, 0.00, 0.00, 0.00, 0.00, 0.00, 0.00, 0.00, 0.00, 2.98, 36.97, 26.93, 70.67, 26.89, 85.00, 28.26, 84.03, 28.26, 55.37, 40.34, 28.30, -999
25/10/16 21, 3.12, 3.36, 3.01, 3.77, 2.42, 5.03, 2.48, 92.93, 1.00, 92.94, 1.00, 0.00, 0.00, 0.00, 0.00, 0.00, 0.00, 0.00, 0.00, 49.59, 1.00, 35.93, 1.00, 0.00, 0.00, 31.33, 1.00, 0.00, 0.00, 0.00, 0.00, 2.98, 36.76, 26.40, 68.95, 26.36, 84.50, 21.85, 82.20, 21.74, 67.33, 39.91, 27.78, -999
25/10/16 22, 3.31, 2.49, 3.39, 3.60, 2.79, 5.21, 2.54, 93.00, 1.00, 93.02, 1.00, 0.00, 0.00, 33.82, 1.00, 0.00, 0.00, 0.00, 0.00, 47.74, 1.00, 35.94, 1.00, 0.00, 0.00, 31.66, 1.00, 0.00, 0.00, 0.00, 0.00, 2.98, 36.72, 22.47, 86.56, 22.53, 84.12, 21.81, 82.13, 21.69, 66.15, 39.93, 24.22, -999
25/10/16 23, 3.49, 1.63, 3.81, 3.67, 3.11, 5.18, 2.02, 93.22, 1.00, 93.24, 1.00, 0.00, 0.00, 33.86, 1.00, 0.00, 0.00, 0.00, 0.00, 47.42, 1.00, 35.90, 1.00, 0.00, 0.00, 31.59, 1.00, 0.00, 0.00, 0.00, 0.00, 2.98, 36.60, 21.64, 85.66, 21.70, 83.87, 21.81, 82.22, 21.70, 66.38, 39.86, 23.39, -999
26/10/16 00, 3.65, 0.77, 4.18, 3.69, 3.40, 5.24, 1.81, 92.22, 1.00, 92.23, 1.00, 0.00, 0.00, 32.56, 1.00, 0.00, 0.00, 0.00, 0.00, 47.06, 1.00, 35.86, 1.00, 0.00, 0.00, 31.76, 1.00, 0.00, 0.00, 0.00, 0.00, 2.98, 37.13, 20.97, 87.08, 21.03, 83.84, 22.34, 82.80, 22.22, 66.32, 40.46, 22.69, -999
26/10/16 01, 3.55, 0.66, 4.63, 3.80, 3.72, 5.29, 1.58, 95.61, 1.00, 95.62, 1.00, 0.00, 0.00, 33.32, 1.00, 0.00, 0.00, 0.00, 0.00, 48.57, 1.00, 34.65, 1.00, 0.00, 0.00, 30.93, 1.00, 0.00, 0.00, 107.39, 1.00, 2.98, 35.33, 25.62, 90.53, 25.68, 85.75, 21.76, 84.33, 21.65, 68.59, 28.71, 27.81, -999
26/10/16 02, 3.46, 0.93, 5.14, 4.07, 3.74, 5.50, 2.33, 95.38, 1.00, 95.39, 1.00, 0.00, 0.00, 33.14, 1.00, 0.00, 0.00, 0.00, 0.00, 48.06, 1.00, 0.00, 0.00, 0.00, 0.00, 31.05, 1.00, 0.00, 0.00, 107.12, 1.00, 2.98, 35.45, 25.92, 91.10, 25.97, 86.98, 28.49, 63.87, 28.38, 74.94, 28.99, 28.09, -999
26/10/16 03, 3.47, 1.38, 5.10, 4.55, 3.18, 5.50, 3.42, 93.94, 1.00, 93.96, 1.00, 0.00, 0.00, 0.00, 0.00, 0.00, 0.00, 0.00, 0.00, 0.00, 0.00, 0.00, 0.00, 0.00, 0.00, 30.41, 1.00, 0.00, 0.00, 81.93, 1.00, 2.98, 36.22, 30.88, 75.37, 30.88, 68.92, 29.10, 63.91, 28.99, 77.66, 33.23, 32.33, -999
26/10/16 04, 3.63, 2.24, 4.84, 3.66, 2.73, 5.50, 4.76, 93.46, 1.00, 93.48, 1.00, 0.00, 0.00, 0.00, 0.00, 0.00, 0.00, 0.00, 0.00, 0.00, 0.00, 0.00, 0.00, 0.00, 0.00, 30.05, 1.00, 0.00, 0.00, 79.63, 1.00, 2.98, 36.47, 31.51, 76.28, 31.51, 69.26, 29.43, 63.64, 29.32, 79.14, 33.85, 32.95, -999
26/10/16 05, 3.92, 3.10, 4.65, 2.98, 2.33, 5.28, 3.82, 93.82, 1.00, 93.84, 1.00, 0.00, 0.00, 0.00, 0.00, 0.00, 0.00, 0.00, 0.00, 48.84, 1.00, 0.00, 0.00, 0.00, 0.00, 0.00, 0.00, 0.00, 0.00, 94.04, 1.00, 2.98, 36.28, 29.42, 75.98, 29.38, 88.95, 31.95, 63.58, 31.95, 59.15, 32.03, 31.13, -999
26/10/16 06, 4.11, 3.58, 4.45, 3.78, 2.02, 4.97, 2.52, 93.39, 1.00, 93.41, 1.00, 0.00, 0.00, 0.00, 0.00, 0.00, 0.00, 0.00, 0.00, 49.39, 1.00, 0.00, 0.00, 0.00, 0.00, 0.00, 0.00, 0.00, 0.00, 93.40, 1.00, 2.98, 36.51, 29.82, 74.23, 29.78, 88.30, 32.22, 62.59, 32.22, 58.07, 32.43, 31.53, -999
26/10/16 07, 4.22, 4.02, 4.16, 4.37, 1.54, 5.13, 2.75, 94.85, 1.00, 94.87, 1.00, 0.00, 0.00, 0.00, 0.00, 0.00, 0.00, 0.00, 0.00, 48.74, 1.00, 0.00, 0.00, 0.00, 0.00, 32.36, 1.00, 0.00, 0.00, 86.29, 1.00, 2.98, 35.73, 29.90, 74.40, 29.87, 89.62, 28.94, 60.89, 28.82, 70.79, 32.46, 31.56, -999
26/10/16 08, 4.12, 4.65, 3.90, 3.86, 1.94, 5.44, 3.41, 94.13, 1.00, 94.15, 1.00, 0.00, 0.00, 0.00, 0.00, 0.00, 0.00, 0.00, 0.00, 0.00, 0.00, 35.29, 1.00, 0.00, 0.00, 30.94, 1.00, 0.00, 0.00, 66.66, 1.00, 2.98, 36.12, 32.72, 72.71, 32.72, 64.82, 22.44, 83.91, 22.33, 69.23, 34.99, 34.09, -999
26/10/16 09, 4.08, 5.25, 3.57, 2.96, 2.60, 5.50, 4.03, 95.16, 1.00, 95.18, 1.00, 0.00, 0.00, 0.00, 0.00, 0.00, 0.00, 0.00, 0.00, 51.69, 1.00, 35.81, 1.00, 0.00, 0.00, 30.81, 1.00, 0.00, 0.00, 78.09, 1.00, 2.98, 35.57, 30.61, 71.35, 30.56, 84.51, 21.90, 82.46, 21.79, 69.14, 33.13, 32.23, -999
26/10/16 10, 3.97, 5.46, 3.19, 2.75, 2.99, 5.50, 3.96, 91.66, 1.00, 91.68, 1.00, 0.00, 0.00, 0.00, 0.00, 0.00, 0.00, 0.00, 0.00, 50.04, 1.00, 36.30, 1.00, 0.00, 0.00, 30.90, 1.00, 0.00, 0.00, 0.00, 0.00, 2.98, 37.43, 28.47, 70.58, 28.43, 85.70, 22.86, 82.54, 22.75, 69.78, 40.87, 29.84, -999
26/10/16 11, 4.18, 4.75, 3.22, 3.05, 3.30, 5.50, 4.03, 91.59, 1.00, 91.61, 1.00, 0.00, 0.00, 34.67, 1.00, 0.00, 0.00, 0.00, 0.00, 49.04, 1.00, 35.85, 1.00, 0.00, 0.00, 30.15, 1.00, 0.00, 0.00, 0.00, 0.00, 2.98, 37.46, 24.48, 87.14, 24.55, 83.73, 23.30, 83.79, 23.19, 72.71, 40.98, 26.26, -999
26/10/16 12, 4.39, 3.86, 3.66, 2.99, 3.76, 5.50, 4.66, 90.13, 1.00, 90.15, 1.00, 0.00, 0.00, 34.06, 1.00, 0.00, 0.00, 0.00, 0.00, 48.04, 1.00, 35.63, 1.00, 0.00, 0.00, 30.31, 1.00, 0.00, 0.00, 0.00, 0.00, 2.98, 38.23, 23.78, 87.47, 23.85, 84.90, 24.12, 84.99, 24.01, 73.00, 41.86, 25.54, -999
26/10/16 13, 4.63, 3.00, 4.10, 3.30, 3.76, 5.23, 3.55, 112.46, 1.00, 0.00, 0.00, 0.00, 0.00, 34.97, 1.00, 0.00, 0.00, 0.00, 0.00, 47.76, 1.00, 0.00, 0.00, 0.00, 0.00, 0.00, 0.00, 0.00, 0.00, 0.00, 0.00, 2.99, 26.07, 22.84, 85.00, 22.91, 84.46, 32.23, 62.89, 32.23, 52.87, 38.86, 24.61, -999
26/10/16 14, 4.65, 2.12, 4.43, 3.50, 3.03, 5.02, 2.17, 111.81, 1.00, 0.00, 0.00, 0.00, 0.00, 32.41, 1.00, 0.00, 0.00, 0.00, 0.00, 47.45, 1.00, 0.00, 0.00, 0.00, 0.00, 33.14, 1.00, 0.00, 0.00, 0.00, 0.00, 2.99, 26.43, 22.30, 88.65, 22.35, 84.47, 29.41, 61.79, 29.28, 68.43, 38.99, 24.02, -999
26/10/16 15, 4.70, 1.28, 4.89, 3.69, 2.25, 5.24, 2.42, 111.64, 1.00, 0.00, 0.00, 0.00, 0.00, 32.81, 1.00, 0.00, 0.00, 0.00, 0.00, 47.16, 1.00, 0.00, 0.00, 0.00, 0.00, 33.20, 1.00, 0.00, 0.00, 0.00, 0.00, 2.99, 26.53, 21.44, 87.16, 21.50, 84.14, 29.48, 61.78, 29.35, 68.27, 39.08, 23.17, -999
26/10/16 16, 4.76, 0.43, 5.28, 3.81, 1.58, 5.44, 2.55, 116.93, 1.00, 0.00, 0.00, 0.00, 0.00, 33.60, 1.00, 0.00, 0.00, 0.00, 0.00, 48.48, 1.00, 0.00, 0.00, 0.00, 0.00, 32.54, 1.00, 0.00, 0.00, 99.79, 1.00, 2.99, 23.52, 25.13, 89.58, 25.19, 85.42, 27.04, 60.70, 26.92, 68.28, 28.16, 27.26, -999
26/10/16 17, 4.25, 0.80, 5.01, 4.04, 1.87, 5.50, 2.73, 117.53, 1.00, 0.00, 0.00, 0.00, 0.00, 0.00, 0.00, 0.00, 0.00, 0.00, 0.00, 49.00, 1.00, 34.93, 1.00, 0.00, 0.00, 30.47, 1.00, 0.00, 0.00, 87.06, 1.00, 2.99, 23.17, 26.71, 73.14, 26.67, 85.93, 20.09, 82.18, 19.98, 68.44, 29.27, 28.37, -999
26/10/16 18, 3.80, 1.19, 4.65, 4.26, 2.39, 5.50, 2.81, 117.59, 1.00, 0.00, 0.00, 0.00, 0.00, 0.00, 0.00, 0.00, 0.00, 0.00, 0.00, 48.80, 1.00, 35.00, 1.00, 0.00, 0.00, 29.93, 1.00, 0.00, 0.00, 84.39, 1.00, 2.99, 23.14, 26.97, 72.71, 26.93, 86.58, 20.13, 82.09, 20.02, 70.26, 29.52, 28.62, -999
26/10/16 19, 3.37, 1.55, 4.29, 4.58, 2.84, 5.50, 3.26, 117.33, 1.00, 0.00, 0.00, 0.00, 0.00, 0.00, 0.00, 0.00, 0.00, 0.00, 0.00, 0.00, 0.00, 35.44, 1.00, 0.00, 0.00, 30.50, 1.00, 0.00, 0.00, 65.24, 1.00, 2.99, 23.29, 29.50, 70.63, 29.50, 62.23, 19.99, 81.19, 19.88, 68.26, 31.77, 30.87, -999
26/10/16 20, 3.01, 2.21, 3.86, 3.00, 3.08, 5.50, 3.19, 119.63, 1.00, 0.00, 0.00, 0.00, 0.00, 0.00, 0.00, 0.00, 0.00, 0.00, 0.00, 49.82, 1.00, 34.68, 1.00, 0.00, 0.00, 30.19, 1.00, 0.00, 0.00, 70.47, 1.00, 2.99, 21.96, 27.38, 69.94, 27.34, 85.03, 18.80, 81.31, 18.69, 68.09, 29.85, 28.95, -999
26/10/16 21, 2.55, 2.42, 3.42, 3.17, 3.39, 5.50, 3.13, 120.55, 1.00, 0.00, 0.00, 0.00, 0.00, 0.00, 0.00, 0.00, 0.00, 0.00, 0.00, 50.43, 1.00, 34.74, 1.00, 0.00, 0.00, 29.92, 1.00, 0.00, 0.00, 64.80, 1.00, 2.99, 21.43, 27.41, 67.60, 27.37, 83.86, 18.22, 80.64, 18.12, 68.37, 29.86, 28.96, -999
26/10/16 22, 2.09, 2.55, 2.92, 2.90, 3.55, 5.50, 3.17, 120.65, 1.00, 0.00, 0.00, 0.00, 0.00, 35.98, 1.00, 0.00, 0.00, 0.00, 0.00, 50.20, 1.00, 34.60, 1.00, 0.00, 0.00, 29.86, 1.00, 0.00, 0.00, 66.83, 1.00, 2.99, 21.37, 26.63, 87.41, 26.70, 83.65, 18.17, 80.82, 18.07, 68.52, 29.52, 28.62, -999
26/10/16 23, 1.65, 2.35, 3.38, 2.68, 3.73, 5.50, 3.23, 120.94, 1.00, 0.00, 0.00, 0.00, 0.00, 35.76, 1.00, 0.00, 0.00, 0.00, 0.00, 49.89, 1.00, 34.20, 1.00, 0.00, 0.00, 29.90, 1.00, 0.00, 0.00, 66.63, 1.00, 2.99, 21.20, 26.43, 87.22, 26.50, 84.06, 18.05, 81.39, 17.94, 68.27, 29.32, 28.42, -999
27/10/16 00, 1.24, 2.15, 3.81, 2.70, 3.95, 5.50, 3.23, 119.21, 1.00, 0.00, 0.00, 0.00, 0.00, 35.19, 1.00, 0.00, 0.00, 0.00, 0.00, 49.09, 1.00, 0.00, 0.00, 0.00, 0.00, 30.76, 1.00, 0.00, 0.00, 75.99, 1.00, 2.99, 22.20, 26.49, 88.26, 26.56, 85.66, 25.40, 63.30, 25.29, 72.82, 29.40, 28.50, -999
27/10/16 01, 0.99, 2.06, 4.26, 3.09, 3.26, 5.50, 3.95, 96.84, 1.00, 96.86, 1.00, 0.00, 0.00, 35.60, 1.00, 0.00, 0.00, 0.00, 0.00, 48.90, 1.00, 0.00, 0.00, 0.00, 0.00, 30.76, 1.00, 0.00, 0.00, 91.77, 1.00, 2.98, 34.67, 26.51, 87.57, 26.58, 86.04, 26.55, 62.72, 26.43, 73.96, 29.52, 28.62, -999
27/10/16 02, 1.13, 2.14, 4.68, 3.50, 2.58, 5.50, 4.72, 97.20, 1.00, 97.22, 1.00, 0.00, 0.00, 33.00, 1.00, 0.00, 0.00, 0.00, 0.00, 48.40, 1.00, 0.00, 0.00, 0.00, 0.00, 30.34, 1.00, 0.00, 0.00, 89.92, 1.00, 2.97, 34.48, 26.65, 92.08, 26.71, 87.10, 26.54, 62.91, 26.43, 75.32, 29.61, 28.71, -999
27/10/16 03, 1.33, 2.25, 5.23, 4.04, 2.05, 5.27, 3.88, 96.02, 1.00, 96.04, 1.00, 0.00, 0.00, 32.19, 1.00, 0.00, 0.00, 0.00, 0.00, 47.69, 1.00, 0.00, 0.00, 0.00, 0.00, 0.00, 0.00, 0.00, 0.00, 94.97, 1.00, 2.98, 35.11, 26.92, 93.61, 26.97, 88.65, 29.70, 62.83, 29.70, 59.82, 29.89, 28.99, -999
27/10/16 04, 1.61, 2.74, 5.12, 4.36, 1.62, 4.99, 2.75, 93.78, 1.00, 93.80, 1.00, 0.00, 0.00, 0.00, 0.00, 0.00, 0.00, 0.00, 0.00, 0.00, 0.00, 0.00, 0.00, 0.00, 0.00, 0.00, 0.00, 0.00, 0.00, 75.42, 1.00, 2.98, 36.30, 31.60, 76.87, 31.60, 68.21, 30.90, 62.71, 30.90, 59.47, 33.92, 33.02, -999
27/10/16 05, 1.80, 3.48, 4.96, 3.39, 2.01, 5.19, 3.19, 95.35, 1.00, 95.37, 1.00, 0.00, 0.00, 0.00, 0.00, 0.00, 0.00, 0.00, 0.00, 0.00, 0.00, 34.94, 1.00, 0.00, 0.00, 30.42, 1.00, 0.00, 0.00, 64.96, 1.00, 2.98, 35.47, 31.40, 76.28, 31.40, 67.11, 20.90, 82.98, 20.79, 69.42, 33.67, 32.77, -999
27/10/16 06, 1.88, 3.98, 4.76, 3.24, 2.60, 5.48, 3.74, 96.89, 1.00, 96.91, 1.00, 0.00, 0.00, 0.00, 0.00, 0.00, 0.00, 0.00, 0.00, 48.67, 1.00, 34.59, 1.00, 0.00, 0.00, 29.84, 1.00, 0.00, 0.00, 74.72, 1.00, 2.98, 34.64, 29.34, 75.28, 29.30, 89.18, 20.60, 83.26, 20.49, 71.00, 31.83, 30.93, -999
27/10/16 07, 1.84, 4.25, 4.51, 4.05, 3.19, 5.50, 4.91, 96.15, 1.00, 96.17, 1.00, 0.00, 0.00, 0.00, 0.00, 0.00, 0.00, 0.00, 0.00, 50.08, 1.00, 36.57, 1.00, 0.00, 0.00, 0.00, 0.00, 0.00, 0.00, 76.34, 1.00, 2.98, 35.04, 29.61, 74.64, 29.57, 86.74, 26.49, 85.64, 26.49, 58.86, 32.12, 31.22, -999
27/10/16 08, 1.96, 4.52, 4.24, 4.31, 3.79, 5.14, 3.24, 97.91, 1.00, 97.93, 1.00, 0.00, 0.00, 0.00, 0.00, 0.00, 0.00, 0.00, 0.00, 49.73, 1.00, 36.40, 1.00, 0.00, 0.00, 0.00, 0.00, 0.00, 0.00, 69.15, 1.00, 2.97, 34.09, 29.65, 72.56, 29.61, 87.48, 25.97, 85.41, 25.97, 58.60, 32.12, 31.22, -999
27/10/16 09, 2.02, 4.92, 3.89, 3.86, 3.61, 4.98, 2.44, 97.08, 1.00, 97.10, 1.00, 0.00, 0.00, 0.00, 0.00, 0.00, 0.00, 0.00, 0.00, 0.00, 0.00, 0.00, 0.00, 0.00, 0.00, 32.65, 1.00, 0.00, 0.00, 53.52, 1.00, 2.97, 34.54, 31.96, 69.98, 31.96, 61.00, 26.76, 61.85, 26.63, 67.59, 34.17, 33.27, -999
27/10/16 10, 2.07, 5.28, 3.45, 3.02, 2.76, 5.15, 2.44, 97.16, 1.00, 97.18, 1.00, 0.00, 0.00, 0.00, 0.00, 0.00, 0.00, 0.00, 0.00, 50.66, 1.00, 0.00, 0.00, 0.00, 0.00, 32.37, 1.00, 0.00, 0.00, 66.87, 1.00, 2.97, 34.50, 30.31, 69.60, 30.27, 86.31, 26.81, 61.85, 26.69, 68.63, 32.78, 31.88, -999
27/10/16 11, 2.12, 5.45, 3.01, 3.33, 2.02, 5.39, 2.76, 96.46, 1.00, 96.48, 1.00, 0.00, 0.00, 0.00, 0.00, 0.00, 0.00, 0.00, 0.00, 50.90, 1.00, 0.00, 0.00, 0.00, 0.00, 32.65, 1.00, 0.00, 0.00, 68.37, 1.00, 2.98, 34.87, 30.51, 70.52, 30.47, 86.04, 27.05, 61.15, 26.92, 67.87, 32.99, 32.09, -999
27/10/16 12, 2.16, 5.30, 3.48, 3.51, 1.58, 5.50, 2.76, 96.52, 1.00, 96.53, 1.00, 0.00, 0.00, 36.27, 1.00, 0.00, 0.00, 0.00, 0.00, 50.84, 1.00, 35.80, 1.00, 0.00, 0.00, 30.61, 1.00, 0.00, 0.00, 72.26, 1.00, 2.98, 34.84, 29.48, 89.35, 29.55, 85.23, 20.40, 80.98, 20.29, 68.31, 32.41, 31.51, -999
27/10/16 13, 2.11, 5.15, 3.97, 3.48, 1.92, 5.50, 2.80, 96.29, 1.00, 96.31, 1.00, 0.00, 0.00, 35.21, 1.00, 0.00, 0.00, 0.00, 0.00, 49.66, 1.00, 35.68, 1.00, 0.00, 0.00, 30.29, 1.00, 0.00, 0.00, 73.61, 1.00, 2.98, 34.96, 29.43, 91.16, 29.50, 87.51, 20.58, 81.38, 20.47, 69.54, 32.34, 31.44, -999
27/10/16 14, 2.09, 5.03, 4.50, 3.99, 2.28, 5.50, 3.10, 96.89, 1.00, 96.91, 1.00, 0.00, 0.00, 36.08, 1.00, 0.00, 0.00, 0.00, 0.00, 49.65, 1.00, 34.99, 1.00, 0.00, 0.00, 29.45, 1.00, 0.00, 0.00, 72.50, 1.00, 2.98, 34.64, 29.26, 89.47, 29.33, 87.36, 20.71, 82.70, 20.60, 72.36, 32.18, 31.28, -999
27/10/16 15, 2.03, 4.89, 4.97, 4.40, 2.81, 5.50, 3.87, 97.04, 1.00, 97.06, 1.00, 0.00, 0.00, 35.27, 1.00, 0.00, 0.00, 0.00, 0.00, 49.62, 1.00, 34.98, 1.00, 0.00, 0.00, 30.01, 1.00, 0.00, 0.00, 72.63, 1.00, 2.97, 34.56, 29.16, 90.80, 29.23, 87.31, 20.47, 82.48, 20.37, 70.32, 32.06, 31.16, -999
27/10/16 16, 1.99, 5.07, 5.18, 3.90, 3.26, 5.50, 4.14, 96.31, 1.00, 96.33, 1.00, 0.00, 0.00, 0.00, 0.00, 0.00, 0.00, 0.00, 0.00, 0.00, 0.00, 34.96, 1.00, 0.00, 0.00, 29.97, 1.00, 0.00, 0.00, 53.87, 1.00, 2.98, 34.95, 32.14, 72.65, 32.14, 65.83, 20.65, 82.69, 20.54, 70.66, 34.36, 33.46, -999
27/10/16 17, 2.07, 5.38, 4.79, 3.11, 3.68, 5.50, 4.43, 93.09, 1.00, 93.11, 1.00, 0.00, 0.00, 0.00, 0.00, 0.00, 0.00, 0.00, 0.00, 49.81, 1.00, 35.03, 1.00, 0.00, 0.00, 29.60, 1.00, 0.00, 0.00, 0.00, 0.00, 2.98, 36.67, 28.40, 73.10, 28.36, 86.08, 22.00, 83.93, 21.90, 73.16, 39.54, 29.78, -999
27/10/16 18, 2.43, 4.85, 4.44, 3.44, 3.76, 5.38, 4.27, 89.84, 1.00, 89.86, 1.00, 0.00, 0.00, 0.00, 0.00, 0.00, 0.00, 0.00, 0.00, 49.58, 1.00, 0.00, 0.00, 0.00, 0.00, 0.00, 0.00, 0.00, 0.00, 0.00, 0.00, 2.98, 38.38, 27.89, 71.81, 27.85, 86.00, 33.46, 63.00, 33.46, 57.24, 42.31, 29.27, -999
27/10/16 19, 2.96, 4.32, 4.05, 3.72, 3.05, 4.98, 2.45, 93.05, 1.00, 93.07, 1.00, 0.00, 0.00, 0.00, 0.00, 0.00, 0.00, 0.00, 0.00, 49.47, 1.00, 0.00, 0.00, 0.00, 0.00, 33.02, 1.00, 0.00, 0.00, 0.00, 0.00, 2.98, 36.69, 27.38, 69.63, 27.34, 85.71, 28.88, 62.26, 28.75, 68.61, 40.12, 28.75, -999
27/10/16 20, 3.25, 3.80, 3.59, 3.91, 2.33, 5.22, 2.72, 91.45, 1.00, 91.47, 1.00, 0.00, 0.00, 0.00, 0.00, 0.00, 0.00, 0.00, 0.00, 49.70, 1.00, 0.00, 0.00, 0.00, 0.00, 33.29, 1.00, 0.00, 0.00, 0.00, 0.00, 2.98, 37.54, 26.84, 71.33, 26.80, 84.73, 29.72, 61.48, 29.59, 68.19, 41.14, 28.21, -999
27/10/16 21, 3.59, 3.27, 3.22, 3.80, 1.61, 5.40, 2.74, 91.52, 1.00, 91.54, 1.00, 0.00, 0.00, 0.00, 0.00, 0.00, 0.00, 0.00, 0.00, 49.50, 1.00, 0.00, 0.00, 0.00, 0.00, 33.54, 1.00, 0.00, 0.00, 0.00, 0.00, 2.98, 37.50, 26.32, 68.93, 26.28, 84.59, 29.80, 60.49, 29.66, 67.34, 41.18, 27.69, -999
27/10/16 22, 3.81, 2.57, 3.20, 3.68, 1.72, 5.43, 2.35, 92.84, 1.00, 92.86, 1.00, 0.00, 0.00, 34.44, 1.00, 0.00, 0.00, 0.00, 0.00, 47.91, 1.00, 36.52, 1.00, 0.00, 0.00, 31.53, 1.00, 0.00, 0.00, 0.00, 0.00, 2.98, 36.80, 22.46, 85.51, 22.52, 83.81, 21.99, 81.28, 21.87, 66.79, 40.16, 24.22, -999
27/10/16 23, 3.96, 1.70, 3.59, 3.63, 2.00, 5.50, 2.21, 92.71, 1.00, 92.73, 1.00, 0.00, 0.00, 33.88, 1.00, 0.00, 0.00, 0.00, 0.00, 47.55, 1.00, 36.30, 1.00, 0.00, 0.00, 30.97, 1.00, 0.00, 0.00, 0.00, 0.00, 2.98, 36.87, 21.69, 85.67, 21.75, 83.69, 22.33, 82.02, 22.21, 69.01, 40.29, 23.44, -999
28/10/16 00, 4.11, 0.83, 3.97, 3.60, 2.37, 5.50, 2.46, 91.27, 1.00, 91.28, 1.00, 0.00, 0.00, 33.07, 1.00, 0.00, 0.00, 0.00, 0.00, 47.30, 1.00, 36.40, 1.00, 0.00, 0.00, 30.64, 1.00, 0.00, 0.00, 0.00, 0.00, 2.98, 37.63, 20.95, 86.26, 21.01, 83.39, 23.16, 82.65, 23.05, 70.96, 41.13, 22.68, -999
28/10/16 01, 4.11, 0.54, 4.39, 3.57, 2.74, 5.50, 3.01, 94.99, 1.00, 95.01, 1.00, 0.00, 0.00, 34.45, 1.00, 0.00, 0.00, 0.00, 0.00, 48.13, 1.00, 35.05, 1.00, 0.00, 0.00, 30.88, 1.00, 0.00, 0.00, 110.77, 1.00, 2.98, 35.66, 25.59, 88.63, 25.66, 86.55, 22.21, 84.10, 22.10, 69.20, 28.72, 27.82, -999
28/10/16 02, 3.94, 0.83, 4.84, 4.04, 3.36, 5.50, 3.15, 95.57, 1.00, 95.59, 1.00, 0.00, 0.00, 32.89, 1.00, 0.00, 0.00, 0.00, 0.00, 48.07, 1.00, 34.89, 1.00, 0.00, 0.00, 29.41, 1.00, 0.00, 0.00, 107.05, 1.00, 2.98, 35.35, 25.83, 91.42, 25.88, 86.87, 22.24, 84.41, 22.14, 74.01, 28.90, 28.00, -999
28/10/16 03, 3.75, 1.10, 5.37, 4.50, 3.96, 5.50, 4.15, 94.51, 1.00, 94.53, 1.00, 0.00, 0.00, 0.00, 0.00, 0.00, 0.00, 0.00, 0.00, 47.91, 1.00, 34.65, 1.00, 0.00, 0.00, 29.27, 1.00, 0.00, 0.00, 99.85, 1.00, 2.98, 35.91, 27.87, 76.24, 27.83, 89.11, 22.79, 85.35, 22.68, 74.98, 30.51, 29.61, -999
28/10/16 04, 3.89, 1.97, 5.14, 3.67, 3.78, 5.43, 4.65, 91.93, 1.00, 91.95, 1.00, 0.00, 0.00, 0.00, 0.00, 0.00, 0.00, 0.00, 0.00, 0.00, 0.00, 0.00, 0.00, 0.00, 0.00, 0.00, 0.00, 0.00, 0.00, 86.03, 1.00, 2.98, 37.28, 31.89, 76.40, 31.89, 68.24, 32.72, 64.65, 32.72, 60.76, 34.27, 33.37, -999
28/10/16 05, 4.19, 2.80, 4.94, 3.17, 3.36, 5.19, 3.58, 93.30, 1.00, 93.32, 1.00, 0.00, 0.00, 0.00, 0.00, 0.00, 0.00, 0.00, 0.00, 48.92, 1.00, 0.00, 0.00, 0.00, 0.00, 0.00, 0.00, 0.00, 0.00, 97.40, 1.00, 2.98, 36.56, 29.32, 75.93, 29.28, 88.69, 32.27, 63.91, 32.27, 58.99, 31.95, 31.05, -999
28/10/16 06, 4.39, 3.31, 4.72, 3.92, 2.88, 4.87, 2.30, 93.95, 1.00, 93.97, 1.00, 0.00, 0.00, 0.00, 0.00, 0.00, 0.00, 0.00, 0.00, 49.11, 1.00, 0.00, 0.00, 0.00, 0.00, 32.47, 1.00, 0.00, 0.00, 92.64, 1.00, 2.98, 36.22, 29.52, 75.80, 29.48, 88.53, 29.31, 63.19, 29.18, 70.81, 32.12, 31.22, -999
28/10/16 07, 4.44, 3.78, 4.50, 4.44, 2.35, 5.23, 3.12, 93.14, 1.00, 93.16, 1.00, 0.00, 0.00, 0.00, 0.00, 0.00, 0.00, 0.00, 0.00, 0.00, 0.00, 0.00, 0.00, 0.00, 0.00, 32.88, 1.00, 0.00, 0.00, 74.51, 1.00, 2.98, 36.64, 32.55, 75.31, 32.55, 64.88, 29.57, 62.09, 29.45, 69.56, 34.87, 33.97, -999
28/10/16 08, 4.41, 4.51, 4.27, 3.06, 1.71, 5.50, 3.48, 114.87, 1.00, 0.00, 0.00, 0.00, 0.00, 0.00, 0.00, 0.00, 0.00, 0.00, 0.00, 0.00, 0.00, 0.00, 0.00, 0.00, 0.00, 31.71, 1.00, 0.00, 0.00, 58.67, 1.00, 2.99, 24.70, 31.93, 73.52, 31.93, 62.98, 28.29, 62.04, 28.17, 72.46, 34.17, 33.27, -999
28/10/16 09, 4.03, 4.71, 3.96, 3.26, 1.86, 5.50, 3.93, 116.86, 1.00, 0.00, 0.00, 0.00, 0.00, 0.00, 0.00, 0.00, 0.00, 0.00, 0.00, 51.18, 1.00, 35.76, 1.00, 0.00, 0.00, 29.95, 1.00, 0.00, 0.00, 65.19, 1.00, 2.99, 23.56, 29.69, 70.88, 29.64, 84.63, 20.40, 81.04, 20.29, 70.44, 32.14, 31.24, -999
28/10/16 10, 3.64, 4.84, 3.55, 3.10, 2.17, 5.50, 4.21, 117.93, 1.00, 0.00, 0.00, 0.00, 0.00, 0.00, 0.00, 0.00, 0.00, 0.00, 0.00, 50.40, 1.00, 35.15, 1.00, 0.00, 0.00, 29.63, 1.00, 0.00, 0.00, 58.55, 1.00, 2.99, 22.94, 29.72, 71.53, 29.68, 86.23, 19.92, 81.63, 19.81, 70.98, 32.14, 31.24, -999
28/10/16 11, 3.23, 4.92, 3.18, 3.41, 2.58, 5.50, 4.57, 117.50, 1.00, 0.00, 0.00, 0.00, 0.00, 0.00, 0.00, 0.00, 0.00, 0.00, 0.00, 50.83, 1.00, 34.89, 1.00, 0.00, 0.00, 29.97, 1.00, 0.00, 0.00, 59.49, 1.00, 2.99, 23.19, 29.80, 71.08, 29.76, 85.45, 20.14, 82.30, 20.03, 70.11, 32.23, 31.33, -999
28/10/16 12, 2.86, 4.83, 3.25, 3.46, 3.04, 5.50, 4.66, 118.51, 1.00, 0.00, 0.00, 0.00, 0.00, 35.14, 1.00, 0.00, 0.00, 0.00, 0.00, 49.98, 1.00, 33.59, 1.00, 0.00, 0.00, 30.18, 1.00, 0.00, 0.00, 59.92, 1.00, 2.99, 22.61, 28.72, 90.58, 28.79, 86.17, 19.74, 84.10, 19.63, 69.06, 31.57, 30.67, -999
28/10/16 13, 2.48, 4.57, 3.79, 3.74, 3.75, 5.50, 4.49, 118.64, 1.00, 0.00, 0.00, 0.00, 0.00, 34.45, 1.00, 0.00, 0.00, 0.00, 0.00, 50.34, 1.00, 33.87, 1.00, 0.00, 0.00, 30.40, 1.00, 0.00, 0.00, 60.77, 1.00, 2.99, 22.54, 28.51, 91.54, 28.57, 85.25, 19.50, 83.39, 19.39, 68.09, 31.34, 30.44, -999
28/10/16 14, 2.18, 4.35, 4.34, 3.73, 3.70, 5.50, 4.18, 117.50, 1.00, 0.00, 0.00, 0.00, 0.00, 34.72, 1.00, 0.00, 0.00, 0.00, 0.00, 50.28, 1.00, 0.00, 0.00, 0.00, 0.00, 31.32, 1.00, 0.00, 0.00, 68.03, 1.00, 2.99, 23.19, 28.50, 91.08, 28.57, 85.35, 26.46, 62.66, 26.35, 71.96, 31.38, 30.48, -999
28/10/16 15, 1.97, 4.17, 4.86, 3.75, 2.95, 5.50, 4.57, 118.65, 1.00, 0.00, 0.00, 0.00, 0.00, 35.10, 1.00, 0.00, 0.00, 0.00, 0.00, 50.06, 1.00, 0.00, 0.00, 0.00, 0.00, 30.89, 1.00, 0.00, 0.00, 64.60, 1.00, 2.99, 22.53, 28.22, 90.14, 28.28, 85.51, 25.87, 62.33, 25.75, 72.85, 31.08, 30.18, -999
28/10/16 16, 1.76, 3.98, 5.34, 3.84, 2.26, 5.30, 3.84, 117.26, 1.00, 0.00, 0.00, 0.00, 0.00, 0.00, 0.00, 0.00, 0.00, 0.00, 0.00, 50.29, 1.00, 0.00, 0.00, 0.00, 0.00, 0.00, 0.00, 0.00, 0.00, 68.17, 1.00, 2.99, 23.33, 29.05, 73.69, 29.01, 85.78, 29.12, 61.13, 29.12, 56.98, 31.52, 30.62, -999
28/10/16 17, 1.66, 4.15, 4.99, 3.93, 1.50, 5.06, 2.56, 118.99, 1.00, 0.00, 0.00, 0.00, 0.00, 0.00, 0.00, 0.00, 0.00, 0.00, 0.00, 49.53, 1.00, 34.85, 1.00, 0.00, 0.00, 30.53, 1.00, 0.00, 0.00, 56.31, 1.00, 2.99, 22.33, 29.01, 73.62, 28.97, 87.23, 18.92, 81.15, 18.81, 67.10, 31.41, 30.51, -999
28/10/16 18, 1.35, 4.21, 4.65, 4.34, 1.96, 5.22, 2.62, 119.77, 1.00, 0.00, 0.00, 0.00, 0.00, 0.00, 0.00, 0.00, 0.00, 0.00, 0.00, 50.05, 1.00, 34.69, 1.00, 0.00, 0.00, 30.40, 1.00, 0.00, 0.00, 51.01, 1.00, 2.99, 21.88, 29.03, 73.01, 28.99, 86.23, 18.48, 80.99, 18.37, 67.09, 31.41, 30.51, -999
28/10/16 19, 1.04, 4.21, 4.30, 4.46, 2.36, 5.38, 2.67, 120.96, 1.00, 0.00, 0.00, 0.00, 0.00, 0.00, 0.00, 0.00, 0.00, 0.00, 0.00, 49.92, 1.00, 34.69, 1.00, 0.00, 0.00, 30.28, 1.00, 0.00, 0.00, 43.21, 1.00, 2.99, 21.19, 28.98, 72.30, 28.94, 86.44, 17.73, 80.22, 17.62, 66.72, 31.34, 30.44, -999
28/10/16 20, 0.90, 4.50, 3.93, 3.76, 2.63, 5.50, 2.58, 97.63, 1.00, 97.65, 1.00, 0.00, 0.00, 0.00, 0.00, 0.00, 0.00, 0.00, 0.00, 0.00, 0.00, 35.08, 1.00, 0.00, 0.00, 30.73, 1.00, 0.00, 0.00, 50.82, 1.00, 2.97, 34.24, 31.35, 72.46, 31.35, 58.24, 19.29, 81.13, 19.18, 66.81, 33.55, 32.65, -999
28/10/16 21, 0.90, 4.79, 3.59, 2.89, 2.93, 5.50, 2.57, 98.79, 1.00, 98.81, 1.00, 0.00, 0.00, 0.00, 0.00, 0.00, 0.00, 0.00, 0.00, 51.42, 1.00, 34.56, 1.00, 0.00, 0.00, 30.75, 1.00, 0.00, 0.00, 60.14, 1.00, 2.97, 33.62, 29.66, 70.25, 29.62, 84.12, 18.99, 81.72, 18.88, 66.44, 32.10, 31.20, -999
28/10/16 22, 0.81, 4.87, 3.17, 2.62, 3.32, 5.50, 2.21, 98.37, 1.00, 98.39, 1.00, 0.00, 0.00, 0.00, 0.00, 0.00, 0.00, 0.00, 0.00, 51.15, 1.00, 34.33, 1.00, 0.00, 0.00, 30.36, 1.00, 0.00, 0.00, 60.85, 1.00, 2.97, 33.85, 29.77, 68.51, 29.73, 84.77, 19.29, 82.40, 19.18, 68.02, 32.20, 31.30, -999
28/10/16 23, 0.76, 4.80, 3.16, 2.66, 3.76, 5.50, 2.33, 98.74, 1.00, 98.76, 1.00, 0.00, 0.00, 36.36, 1.00, 0.00, 0.00, 0.00, 0.00, 50.93, 1.00, 34.52, 1.00, 0.00, 0.00, 30.64, 1.00, 0.00, 0.00, 64.31, 1.00, 2.97, 33.65, 28.74, 88.45, 28.81, 84.32, 19.01, 81.81, 18.90, 66.79, 31.63, 30.73, -999
29/10/16 00, 0.71, 4.57, 3.63, 2.61, 3.83, 5.50, 2.15, 97.86, 1.00, 97.88, 1.00, 0.00, 0.00, 35.23, 1.00, 0.00, 0.00, 0.00, 0.00, 50.40, 1.00, 0.00, 0.00, 0.00, 0.00, 31.35, 1.00, 0.00, 0.00, 69.47, 1.00, 2.97, 34.12, 28.74, 90.44, 28.80, 85.35, 25.93, 62.56, 25.81, 71.33, 31.63, 30.73, -999
29/10/16 01, 0.83, 4.40, 4.15, 2.85, 3.04, 5.50, 2.76, 96.72, 1.00, 96.74, 1.00, 0.00, 0.00, 34.60, 1.00, 0.00, 0.00, 0.00, 0.00, 49.58, 1.00, 0.00, 0.00, 0.00, 0.00, 30.65, 1.00, 0.00, 0.00, 75.31, 1.00, 2.98, 34.74, 28.74, 91.53, 28.80, 86.96, 26.56, 63.51, 26.44, 74.32, 31.65, 30.75, -999
29/10/16 02, 1.01, 4.32, 4.69, 3.37, 2.54, 5.50, 3.76, 96.82, 1.00, 96.84, 1.00, 0.00, 0.00, 33.84, 1.00, 0.00, 0.00, 0.00, 0.00, 49.12, 1.00, 0.00, 0.00, 0.00, 0.00, 30.43, 1.00, 0.00, 0.00, 75.77, 1.00, 2.98, 34.68, 28.69, 92.74, 28.75, 87.78, 26.64, 62.71, 26.53, 75.13, 31.59, 30.69, -999
29/10/16 03, 1.16, 4.25, 5.25, 3.97, 1.98, 5.50, 4.74, 96.43, 1.00, 96.45, 1.00, 0.00, 0.00, 33.60, 1.00, 0.00, 0.00, 0.00, 0.00, 48.62, 1.00, 0.00, 0.00, 0.00, 0.00, 30.02, 1.00, 0.00, 0.00, 78.24, 1.00, 2.98, 34.89, 28.67, 93.11, 28.73, 88.70, 26.93, 62.49, 26.83, 76.77, 31.56, 30.66, -999
29/10/16 04, 1.45, 4.54, 5.07, 4.62, 1.49, 5.25, 3.72, 94.85, 1.00, 94.87, 1.00, 0.00, 0.00, 0.00, 0.00, 0.00, 0.00, 0.00, 0.00, 0.00, 0.00, 36.50, 1.00, 0.00, 0.00, 0.00, 0.00, 0.00, 0.00, 61.55, 1.00, 2.98, 35.74, 32.19, 76.13, 32.19, 69.27, 26.90, 86.27, 26.90, 60.16, 34.43, 33.53, -999
29/10/16 05, 1.70, 5.19, 4.85, 3.77, 2.31, 4.99, 2.74, 94.89, 1.00, 94.91, 1.00, 0.00, 0.00, 0.00, 0.00, 0.00, 0.00, 0.00, 0.00, 0.00, 0.00, 36.63, 1.00, 0.00, 0.00, 0.00, 0.00, 0.00, 0.00, 58.25, 1.00, 2.98, 35.71, 32.58, 74.55, 32.58, 67.91, 26.97, 85.99, 26.97, 58.49, 34.81, 33.91, -999
29/10/16 06, 1.95, 5.41, 4.56, 3.12, 2.98, 5.15, 2.94, 92.13, 1.00, 92.15, 1.00, 0.00, 0.00, 0.00, 0.00, 0.00, 0.00, 0.00, 0.00, 49.39, 1.00, 35.22, 1.00, 0.00, 0.00, 30.83, 1.00, 0.00, 0.00, 0.00, 0.00, 2.98, 37.18, 28.47, 74.04, 28.43, 86.96, 22.08, 83.68, 21.97, 69.25, 40.06, 29.84, -999
29/10/16 07, 2.26, 4.89, 4.26, 3.62, 3.52, 5.44, 3.47, 92.56, 1.00, 92.58, 1.00, 0.00, 0.00, 0.00, 0.00, 0.00, 0.00, 0.00, 0.00, 49.07, 1.00, 34.92, 1.00, 0.00, 0.00, 30.67, 1.00, 0.00, 0.00, 0.00, 0.00, 2.98, 36.95, 27.97, 74.22, 27.93, 87.07, 22.11, 84.22, 21.99, 69.81, 39.89, 29.34, -999
29/10/16 08, 2.55, 4.37, 3.98, 4.08, 3.92, 5.50, 4.29, 91.79, 1.00, 91.81, 1.00, 0.00, 0.00, 0.00, 0.00, 0.00, 0.00, 0.00, 0.00, 49.45, 1.00, 0.00, 0.00, 0.00, 0.00, 31.90, 1.00, 0.00, 0.00, 0.00, 0.00, 2.98, 37.36, 27.43, 71.79, 27.39, 85.79, 29.48, 63.21, 29.36, 72.98, 40.78, 28.80, -999
29/10/16 09, 2.93, 3.85, 3.61, 4.22, 3.21, 5.50, 4.78, 91.70, 1.00, 91.71, 1.00, 0.00, 0.00, 0.00, 0.00, 0.00, 0.00, 0.00, 0.00, 49.09, 1.00, 0.00, 0.00, 0.00, 0.00, 32.35, 1.00, 0.00, 0.00, 0.00, 0.00, 2.98, 37.41, 26.93, 72.91, 26.89, 85.98, 29.61, 62.90, 29.49, 71.52, 40.92, 28.30, -999
29/10/16 10, 3.38, 3.33, 3.30, 4.40, 2.57, 5.16, 3.18, 90.53, 1.00, 90.55, 1.00, 0.00, 0.00, 0.00, 0.00, 0.00, 0.00, 0.00, 0.00, 49.36, 1.00, 0.00, 0.00, 0.00, 0.00, 0.00, 0.00, 0.00, 0.00, 0.00, 0.00, 2.98, 38.02, 26.39, 69.42, 26.35, 84.93, 33.56, 61.48, 33.56, 54.84, 42.08, 27.76, -999
29/10/16 11, 3.74, 2.69, 3.13, 4.24, 1.81, 5.13, 2.52, 91.32, 1.00, 91.34, 1.00, 0.00, 0.00, 33.52, 1.00, 0.00, 0.00, 0.00, 0.00, 47.60, 1.00, 0.00, 0.00, 0.00, 0.00, 33.23, 1.00, 0.00, 0.00, 0.00, 0.00, 2.98, 37.60, 22.72, 87.30, 22.78, 84.63, 30.00, 60.63, 29.87, 68.70, 41.33, 24.47, -999
29/10/16 12, 3.98, 1.83, 3.58, 4.30, 1.74, 5.33, 2.69, 91.83, 1.00, 91.84, 1.00, 0.00, 0.00, 33.33, 1.00, 0.00, 0.00, 0.00, 0.00, 47.01, 1.00, 36.30, 1.00, 0.00, 0.00, 31.31, 1.00, 0.00, 0.00, 0.00, 0.00, 2.98, 37.34, 21.95, 86.83, 22.01, 84.91, 22.67, 82.35, 22.56, 68.23, 40.77, 23.69, -999
29/10/16 13, 4.18, 0.98, 4.01, 4.46, 2.17, 5.50, 3.01, 91.31, 1.00, 91.32, 1.00, 0.00, 0.00, 33.22, 1.00, 0.00, 0.00, 0.00, 0.00, 46.75, 1.00, 36.17, 1.00, 0.00, 0.00, 31.07, 1.00, 0.00, 0.00, 0.00, 0.00, 2.98, 37.61, 21.14, 86.21, 21.21, 84.56, 23.11, 83.04, 23.00, 69.49, 41.13, 22.87, -999
29/10/16 14, 4.29, 0.66, 4.42, 3.66, 2.64, 5.50, 3.19, 94.90, 1.00, 94.92, 1.00, 0.00, 0.00, 34.24, 1.00, 0.00, 0.00, 0.00, 0.00, 0.00, 0.00, 35.45, 1.00, 0.00, 0.00, 30.07, 1.00, 0.00, 0.00, 97.00, 1.00, 2.98, 35.71, 28.21, 91.60, 28.32, 65.03, 22.43, 83.63, 22.32, 72.11, 30.86, 29.96, -999
29/10/16 15, 4.12, 1.22, 4.96, 2.79, 3.19, 5.50, 3.86, 95.47, 1.00, 95.49, 1.00, 0.00, 0.00, 33.64, 1.00, 0.00, 0.00, 0.00, 0.00, 48.93, 1.00, 35.23, 1.00, 0.00, 0.00, 30.15, 1.00, 0.00, 0.00, 105.92, 1.00, 2.98, 35.40, 26.09, 90.47, 26.15, 85.54, 22.09, 83.67, 21.98, 71.51, 29.18, 28.28, -999
29/10/16 16, 3.94, 1.54, 5.20, 3.17, 3.70, 5.50, 4.33, 95.80, 1.00, 95.82, 1.00, 0.00, 0.00, 0.00, 0.00, 0.00, 0.00, 0.00, 0.00, 49.80, 1.00, 35.16, 1.00, 0.00, 0.00, 30.14, 1.00, 0.00, 0.00, 95.20, 1.00, 2.98, 35.23, 27.87, 73.63, 27.83, 85.56, 21.86, 83.55, 21.75, 71.30, 30.49, 29.59, -999
29/10/16 17, 3.80, 2.02, 4.85, 3.41, 3.76, 5.50, 4.73, 95.14, 1.00, 95.16, 1.00, 0.00, 0.00, 0.00, 0.00, 0.00, 0.00, 0.00, 0.00, 49.82, 1.00, 0.00, 0.00, 0.00, 0.00, 31.43, 1.00, 0.00, 0.00, 95.16, 1.00, 2.98, 35.58, 28.34, 73.48, 28.30, 86.00, 28.73, 63.90, 28.61, 73.88, 30.97, 30.07, -999
29/10/16 18, 2.46, 2.51, 4.51, 3.68, 3.20, 5.17, 3.28, 89.84, 1.00, 89.86, 1.00, 0.00, 0.00, 0.00, 0.00, 0.00, 0.00, 0.00, 0.00, 49.63, 1.00, 0.00, 0.00, 0.00, 0.00, 0.00, 0.00, 0.00, 0.00, 94.09, 1.00, 2.98, 38.38, 28.78, 73.39, 28.74, 86.80, 31.59, 62.68, 31.59, 56.77, 31.39, 30.49, -999
29/10/16 19, 2.80, 2.97, 4.18, 4.05, 2.52, 5.10, 2.57, 93.05, 1.00, 93.07, 1.00, 0.00, 0.00, 0.00, 0.00, 0.00, 0.00, 0.00, 0.00, 50.25, 1.00, 0.00, 0.00, 0.00, 0.00, 32.92, 1.00, 0.00, 0.00, 90.63, 1.00, 2.98, 36.69, 28.99, 71.09, 28.95, 85.80, 28.57, 61.52, 28.45, 68.41, 31.59, 30.69, -999
29/10/16 20, 3.40, 3.39, 3.77, 4.12, 1.77, 5.32, 2.75, 91.45, 1.00, 91.47, 1.00, 0.00, 0.00, 0.00, 0.00, 0.00, 0.00, 0.00, 0.00, 50.23, 1.00, 0.00, 0.00, 0.00, 0.00, 32.92, 1.00, 0.00, 0.00, 88.53, 1.00, 2.98, 37.54, 29.30, 70.73, 29.26, 86.16, 28.57, 60.70, 28.44, 68.40, 31.88, 30.98, -999
29/10/16 21, 3.35, 3.77, 3.37, 4.26, 1.76, 5.49, 2.81, 91.52, 1.00, 91.54, 1.00, 0.00, 0.00, 0.00, 0.00, 0.00, 0.00, 0.00, 0.00, 50.58, 1.00, 36.19, 1.00, 0.00, 0.00, 31.28, 1.00, 0.00, 0.00, 83.07, 1.00, 2.98, 37.50, 29.39, 66.39, 29.35, 85.55, 21.13, 81.01, 21.01, 66.79, 31.94, 31.04, -999
29/10/16 22, 3.77, 4.02, 3.06, 4.16, 2.04, 5.50, 2.61, 92.84, 1.00, 92.86, 1.00, 0.00, 0.00, 37.24, 1.00, 0.00, 0.00, 0.00, 0.00, 50.55, 1.00, 36.02, 1.00, 0.00, 0.00, 31.24, 1.00, 0.00, 0.00, 82.27, 1.00, 2.97, 36.80, 28.34, 86.46, 28.42, 84.67, 20.47, 80.65, 20.35, 66.26, 31.34, 30.44, -999
29/10/16 23, 4.16, 3.95, 3.47, 3.76, 2.25, 5.45, 2.09, 92.71, 1.00, 92.73, 1.00, 0.00, 0.00, 36.84, 1.00, 0.00, 0.00, 0.00, 0.00, 50.45, 1.00, 35.91, 1.00, 0.00, 0.00, 31.15, 1.00, 0.00, 0.00, 85.48, 1.00, 2.98, 36.87, 28.31, 87.16, 28.39, 84.84, 20.92, 81.29, 20.80, 67.01, 31.33, 30.43, -999
30/10/16 00, 4.32, 3.93, 3.89, 3.61, 2.53, 5.50, 2.22, 91.27, 1.00, 91.28, 1.00, 0.00, 0.00, 35.12, 1.00, 0.00, 0.00, 0.00, 0.00, 49.59, 1.00, 35.17, 1.00, 0.00, 0.00, 30.64, 1.00, 0.00, 0.00, 89.27, 1.00, 2.98, 37.63, 28.35, 90.24, 28.42, 86.56, 21.70, 83.39, 21.59, 69.49, 31.35, 30.45, -999
30/10/16 01, 3.88, 3.98, 4.40, 3.97, 3.09, 5.50, 2.58, 94.99, 1.00, 95.01, 1.00, 0.00, 0.00, 33.86, 1.00, 0.00, 0.00, 0.00, 0.00, 48.71, 1.00, 34.80, 1.00, 0.00, 0.00, 29.42, 1.00, 0.00, 0.00, 88.52, 1.00, 2.98, 35.66, 28.45, 92.46, 28.51, 88.31, 22.03, 84.35, 21.93, 73.76, 31.41, 30.51, -999
30/10/16 02, 3.82, 4.09, 4.97, 4.36, 3.72, 5.50, 3.61, 95.57, 1.00, 95.59, 1.00, 0.00, 0.00, 34.13, 1.00, 0.00, 0.00, 0.00, 0.00, 0.00, 0.00, 34.64, 1.00, 0.00, 0.00, 28.88, 1.00, 0.00, 0.00, 78.50, 1.00, 2.98, 35.35, 30.35, 93.92, 30.45, 67.96, 22.30, 84.89, 22.21, 75.71, 32.87, 31.97, -999
30/10/16 03, 3.68, 4.63, 5.34, 3.36, 3.80, 5.49, 4.75, 94.51, 1.00, 94.53, 1.00, 0.00, 0.00, 0.00, 0.00, 0.00, 0.00, 0.00, 0.00, 0.00, 0.00, 0.00, 0.00, 0.00, 0.00, 0.00, 0.00, 0.00, 0.00, 72.13, 1.00, 2.98, 35.91, 33.18, 76.45, 33.18, 68.43, 32.25, 64.51, 32.25, 61.21, 35.48, 34.58, -999
30/10/16 04, 3.99, 5.20, 5.13, 3.47, 3.35, 5.27, 3.79, 91.93, 1.00, 91.95, 1.00, 0.00, 0.00, 0.00, 0.00, 0.00, 0.00, 0.00, 0.00, 48.90, 1.00, 0.00, 0.00, 0.00, 0.00, 0.00, 0.00, 0.00, 0.00, 86.81, 1.00, 2.98, 37.28, 31.10, 76.69, 31.06, 90.51, 32.24, 64.49, 32.24, 60.69, 33.66, 32.76, -999
30/10/16 05, 4.10, 5.38, 4.95, 4.37, 3.01, 5.04, 2.97, 93.30, 1.00, 93.32, 1.00, 0.00, 0.00, 0.00, 0.00, 0.00, 0.00, 0.00, 0.00, 47.77, 1.00, 0.00, 0.00, 0.00, 0.00, 0.00, 0.00, 0.00, 0.00, 0.00, 0.00, 2.98, 36.56, 28.55, 76.41, 28.51, 90.06, 36.18, 64.02, 36.18, 59.65, 45.37, 29.91, -999
30/10/16 06, 4.54, 5.30, 4.76, 3.84, 2.63, 4.94, 2.56, 93.95, 1.00, 93.97, 1.00, 0.00, 0.00, 0.00, 0.00, 0.00, 0.00, 0.00, 0.00, 0.00, 0.00, 0.00, 0.00, 0.00, 0.00, 32.92, 1.00, 0.00, 0.00, 0.00, 0.00, 2.98, 36.22, 30.30, 75.60, 30.30, 68.05, 32.25, 63.30, 32.13, 72.09, 43.85, 31.49, -999
30/10/16 07, 4.42, 5.30, 4.53, 2.92, 2.17, 5.34, 3.54, 93.14, 1.00, 93.16, 1.00, 0.00, 0.00, 0.00, 0.00, 0.00, 0.00, 0.00, 0.00, 49.17, 1.00, 0.00, 0.00, 0.00, 0.00, 33.02, 1.00, 0.00, 0.00, 0.00, 0.00, 2.98, 36.64, 28.37, 74.68, 28.34, 87.27, 32.50, 62.80, 32.37, 71.98, 44.04, 29.74, -999
30/10/16 08, 4.55, 4.78, 4.26, 3.50, 1.70, 5.50, 4.55, 114.87, 1.00, 0.00, 0.00, 0.00, 0.00, 0.00, 0.00, 0.00, 0.00, 0.00, 0.00, 49.47, 1.00, 0.00, 0.00, 0.00, 0.00, 31.94, 1.00, 0.00, 0.00, 0.00, 0.00, 2.98, 24.70, 27.83, 73.53, 27.79, 86.17, 32.66, 61.52, 32.54, 76.02, 43.91, 29.20, -999
30/10/16 09, 4.12, 4.26, 3.95, 3.82, 1.71, 5.26, 3.69, 116.86, 1.00, 0.00, 0.00, 0.00, 0.00, 0.00, 0.00, 0.00, 0.00, 0.00, 0.00, 49.62, 1.00, 38.97, 1.00, 0.00, 0.00, 0.00, 0.00, 0.00, 0.00, 0.00, 0.00, 2.98, 23.56, 27.30, 71.90, 27.26, 85.34, 31.44, 86.07, 31.44, 56.10, 43.54, 28.67, -999
30/10/16 10, 3.87, 3.73, 3.58, 3.90, 2.26, 5.07, 2.54, 117.93, 1.00, 0.00, 0.00, 0.00, 0.00, 0.00, 0.00, 0.00, 0.00, 0.00, 0.00, 49.33, 1.00, 36.64, 1.00, 0.00, 0.00, 31.94, 1.00, 0.00, 0.00, 0.00, 0.00, 2.98, 22.94, 26.79, 70.28, 26.75, 85.39, 24.14, 83.21, 24.02, 67.49, 42.31, 28.16, -999
30/10/16 11, 3.38, 3.21, 3.17, 4.00, 2.70, 5.24, 2.56, 117.50, 1.00, 0.00, 0.00, 0.00, 0.00, 0.00, 0.00, 0.00, 0.00, 0.00, 0.00, 49.14, 1.00, 36.82, 1.00, 0.00, 0.00, 31.96, 1.00, 0.00, 0.00, 0.00, 0.00, 2.98, 23.19, 26.28, 69.39, 26.24, 85.24, 24.47, 83.21, 24.35, 67.75, 42.72, 27.65, -999
30/10/16 12, 2.76, 2.47, 3.25, 4.04, 3.06, 5.42, 2.65, 118.51, 1.00, 0.00, 0.00, 0.00, 0.00, 33.95, 1.00, 0.00, 0.00, 0.00, 0.00, 47.60, 1.00, 36.06, 1.00, 0.00, 0.00, 32.06, 1.00, 0.00, 0.00, 0.00, 0.00, 2.98, 22.61, 22.45, 86.33, 22.52, 84.36, 24.49, 84.61, 24.37, 67.42, 42.52, 24.20, -999
30/10/16 13, 2.49, 1.61, 3.66, 4.08, 3.64, 5.50, 2.67, 118.64, 1.00, 0.00, 0.00, 0.00, 0.00, 33.74, 1.00, 0.00, 0.00, 0.00, 0.00, 47.42, 1.00, 39.31, 1.00, 0.00, 0.00, 33.36, 1.00, 0.00, 0.00, 0.00, 0.00, 2.98, 22.54, 21.64, 85.86, 21.70, 83.86, 33.49, 87.52, 33.36, 71.69, 52.02, 23.38, -999
30/10/16 14, 2.25, 0.75, 4.05, 3.99, 3.79, 5.50, 3.19, 117.50, 1.00, 0.00, 0.00, 0.00, 0.00, 33.05, 1.00, 0.00, 0.00, 0.00, 0.00, 47.05, 1.00, 0.00, 0.00, 0.00, 0.00, 37.35, 1.00, 0.00, 0.00, 0.00, 0.00, 2.99, 23.19, 20.90, 86.23, 20.96, 83.80, 54.85, 62.53, 54.69, 76.86, 65.16, 22.63, -999
30/10/16 15, 1.84, 0.52, 4.47, 4.00, 3.01, 5.50, 3.73, 118.65, 1.00, 0.00, 0.00, 0.00, 0.00, 34.66, 1.00, 0.00, 0.00, 0.00, 0.00, 48.99, 1.00, 0.00, 0.00, 0.00, 0.00, 32.86, 1.00, 0.00, 0.00, 118.97, 1.00, 2.98, 22.53, 25.88, 88.55, 25.94, 85.22, 30.38, 61.28, 30.26, 70.45, 29.08, 28.18, -999
30/10/16 16, 1.60, 0.88, 4.91, 4.08, 2.16, 5.50, 3.79, 117.26, 1.00, 0.00, 0.00, 0.00, 0.00, 35.36, 1.00, 0.00, 0.00, 0.00, 0.00, 49.32, 1.00, 0.00, 0.00, 0.00, 0.00, 32.67, 1.00, 0.00, 0.00, 115.35, 1.00, 2.98, 23.33, 26.01, 87.48, 26.08, 84.74, 29.98, 60.84, 29.85, 70.73, 29.20, 28.30, -999
30/10/16 17, 1.63, 1.19, 5.29, 3.98, 1.56, 5.50, 3.89, 118.99, 1.00, 0.00, 0.00, 0.00, 0.00, 0.00, 0.00, 0.00, 0.00, 0.00, 0.00, 50.02, 1.00, 36.85, 1.00, 0.00, 0.00, 31.06, 1.00, 0.00, 0.00, 100.46, 1.00, 2.98, 22.33, 27.84, 70.02, 27.80, 85.09, 21.99, 80.67, 21.88, 68.40, 30.50, 29.60, -999
30/10/16 18, 1.19, 1.72, 4.81, 3.91, 1.75, 5.50, 3.65, 119.77, 1.00, 0.00, 0.00, 0.00, 0.00, 0.00, 0.00, 0.00, 0.00, 0.00, 0.00, 50.14, 1.00, 36.59, 1.00, 0.00, 0.00, 31.31, 1.00, 0.00, 0.00, 97.44, 1.00, 2.98, 21.88, 28.16, 69.17, 28.12, 85.18, 21.85, 81.02, 21.74, 67.39, 30.80, 29.90, -999
30/10/16 19, 0.90, 2.21, 4.32, 3.86, 1.99, 5.50, 3.21, 120.96, 1.00, 0.00, 0.00, 0.00, 0.00, 0.00, 0.00, 0.00, 0.00, 0.00, 0.00, 50.31, 1.00, 36.49, 1.00, 0.00, 0.00, 31.04, 1.00, 0.00, 0.00, 96.44, 1.00, 2.98, 21.19, 28.57, 69.95, 28.53, 85.25, 22.23, 81.57, 22.12, 68.69, 31.21, 30.31, 1
30/10/16 20, 0.92, 2.68, 3.86, 3.82, 2.28, 5.50, 3.19, 97.63, 1.00, 97.65, 1.00, 0.00, 0.00, 0.00, 0.00, 0.00, 0.00, 0.00, 0.00, 50.31, 1.00, 36.19, 1.00, 0.00, 0.00, 30.79, 1.00, 0.00, 0.00, 91.92, 1.00, 2.98, 34.24, 28.78, 68.21, 28.74, 85.46, 21.90, 81.79, 21.79, 69.19, 31.38, 30.48, 1
30/10/16 21, 0.73, 3.11, 3.37, 3.85, 2.59, 5.50, 3.31, 98.79, 1.00, 98.81, 1.00, 0.00, 0.00, 0.00, 0.00, 0.00, 0.00, 0.00, 0.00, 50.37, 1.00, 35.90, 1.00, 0.00, 0.00, 31.13, 1.00, 0.00, 0.00, 90.90, 1.00, 2.98, 33.62, 29.15, 70.02, 29.11, 85.72, 22.12, 82.52, 22.00, 68.29, 31.75, 30.85, 1
30/10/16 22, 0.88, 3.53, 2.95, 3.92, 2.98, 5.50, 3.17, 98.37, 1.00, 98.39, 1.00, 0.00, 0.00, 37.19, 1.00, 0.00, 0.00, 0.00, 0.00, 49.99, 1.00, 35.61, 1.00, 0.00, 0.00, 30.62, 1.00, 0.00, 0.00, 94.70, 1.00, 2.98, 33.85, 27.95, 86.18, 28.03, 85.38, 22.11, 83.01, 22.00, 69.99, 31.02, 30.12, 1
30/10/16 23, 0.55, 3.61, 3.35, 3.95, 3.41, 5.50, 3.45, 98.74, 1.00, 98.76, 1.00, 0.00, 0.00, 35.71, 1.00, 0.00, 0.00, 0.00, 0.00, 49.72, 1.00, 35.38, 1.00, 0.00, 0.00, 30.71, 1.00, 0.00, 0.00, 94.63, 1.00, 2.98, 33.65, 28.07, 88.94, 28.14, 86.02, 22.22, 83.53, 22.11, 69.79, 31.12, 30.22, 1
31/10/16 00, 0.64, 3.70, 3.84, 4.13, 3.87, 5.50, 3.64, 97.86, 1.00, 97.88, 1.00, 0.00, 0.00, 35.09, 1.00, 0.00, 0.00, 0.00, 0.00, 49.40, 1.00, 35.60, 1.00, 0.00, 0.00, 30.10, 1.00, 0.00, 0.00, 90.63, 1.00, 2.98, 34.12, 28.14, 90.08, 28.21, 86.72, 21.79, 82.72, 21.69, 71.38, 31.14, 30.24, 1
31/10/16 01, 0.80, 3.78, 4.35, 4.44, 3.58, 5.50, 4.20, 96.72, 1.00, 96.74, 1.00, 0.00, 0.00, 35.17, 1.00, 0.00, 0.00, 0.00, 0.00, 49.27, 1.00, 0.00, 0.00, 0.00, 0.00, 30.55, 1.00, 0.00, 0.00, 93.77, 1.00, 2.98, 34.74, 28.26, 90.07, 28.33, 87.08, 29.03, 63.30, 28.92, 77.12, 31.29, 30.39, 1
31/10/16 02, 1.24, 4.21, 4.85, 3.41, 2.95, 5.37, 4.21, 96.82, 1.00, 96.84, 1.00, 0.00, 0.00, 34.96, 1.00, 0.00, 0.00, 0.00, 0.00, 0.00, 0.00, 0.00, 0.00, 0.00, 0.00, 0.00, 0.00, 0.00, 0.00, 86.16, 1.00, 2.98, 34.68, 30.89, 93.06, 30.99, 66.30, 32.31, 63.28, 32.31, 58.47, 33.47, 32.57, 1
31/10/16 03, 1.16, 4.54, 5.40, 3.15, 2.42, 5.02, 2.66, 96.43, 1.00, 96.45, 1.00, 0.00, 0.00, 0.00, 0.00, 0.00, 0.00, 0.00, 0.00, 49.54, 1.00, 0.00, 0.00, 0.00, 0.00, 0.00, 0.00, 0.00, 0.00, 91.69, 1.00, 2.98, 34.89, 30.67, 76.31, 30.63, 88.86, 32.68, 63.26, 32.68, 58.96, 33.27, 32.37, 1
31/10/16 04, 1.63, 4.95, 5.18, 3.88, 2.00, 5.30, 3.29, 94.85, 1.00, 94.87, 1.00, 0.00, 0.00, 0.00, 0.00, 0.00, 0.00, 0.00, 0.00, 48.84, 1.00, 0.00, 0.00, 0.00, 0.00, 32.06, 1.00, 0.00, 0.00, 87.00, 1.00, 2.98, 35.74, 30.87, 77.29, 30.83, 90.40, 29.76, 63.05, 29.64, 72.69, 33.43, 32.53, 1
31/10/16 05, 1.48, 5.44, 5.04, 4.33, 1.63, 5.50, 4.54, 94.89, 1.00, 94.91, 1.00, 0.00, 0.00, 0.00, 0.00, 0.00, 0.00, 0.00, 0.00, 0.00, 0.00, 0.00, 0.00, 0.00, 0.00, 30.07, 1.00, 0.00, 0.00, 69.08, 1.00, 2.98, 35.71, 33.72, 75.16, 33.72, 69.79, 30.40, 62.12, 30.29, 80.05, 36.01, 35.11, 1
31/10/16 06, 1.85, 5.50, 4.77, 3.62, 2.05, 5.33, 4.04, 92.13, 1.00, 92.15, 1.00, 0.00, 0.00, 0.00, 0.00, 0.00, 0.00, 0.00, 0.00, 0.00, 0.00, 38.41, 1.00, 0.00, 0.00, 0.00, 0.00, 0.00, 0.00, 0.00, 0.00, 2.98, 37.18, 30.50, 74.59, 30.50, 66.87, 31.05, 86.75, 31.05, 60.11, 43.15, 31.69, 1
31/10/16 07, 2.31, 5.37, 4.49, 2.99, 2.70, 5.06, 2.95, 92.56, 1.00, 92.58, 1.00, 0.00, 0.00, 0.00, 0.00, 0.00, 0.00, 0.00, 0.00, 49.62, 1.00, 38.23, 1.00, 0.00, 0.00, 0.00, 0.00, 0.00, 0.00, 0.00, 0.00, 2.98, 36.95, 28.41, 73.97, 28.37, 86.44, 31.21, 87.25, 31.21, 54.99, 43.22, 29.78, 1
31/10/16 08, 2.53, 4.84, 4.19, 3.41, 3.30, 5.07, 2.45, 91.79, 1.00, 91.81, 1.00, 0.00, 0.00, 0.00, 0.00, 0.00, 0.00, 0.00, 0.00, 48.92, 1.00, 36.26, 1.00, 0.00, 0.00, 32.09, 1.00, 0.00, 0.00, 0.00, 0.00, 2.98, 37.36, 27.94, 70.54, 27.90, 87.30, 23.81, 83.57, 23.68, 66.64, 41.95, 29.30, 1
31/10/16 09, 3.02, 4.33, 3.76, 3.94, 3.70, 5.15, 2.16, 91.70, 1.00, 91.71, 1.00, 0.00, 0.00, 0.00, 0.00, 0.00, 0.00, 0.00, 0.00, 49.29, 1.00, 36.32, 1.00, 0.00, 0.00, 31.77, 1.00, 0.00, 0.00, 0.00, 0.00, 2.98, 37.41, 27.39, 69.94, 27.35, 86.06, 24.13, 83.77, 24.01, 68.08, 42.21, 28.76, 1
31/10/16 10, 3.46, 3.80, 3.32, 4.18, 4.06, 5.37, 2.46, 90.53, 1.00, 90.55, 1.00, 0.00, 0.00, 0.00, 0.00, 0.00, 0.00, 0.00, 0.00, 49.04, 1.00, 0.00, 0.00, 0.00, 0.00, 34.00, 1.00, 0.00, 0.00, 0.00, 0.00, 2.98, 38.02, 26.89, 69.98, 26.85, 86.02, 32.68, 63.01, 32.55, 68.47, 44.15, 28.26, 1
31/10/16 11, 3.84, 3.21, 3.10, 4.37, 3.30, 5.50, 2.61, 91.32, 1.00, 91.34, 1.00, 0.00, 0.00, 34.12, 1.00, 0.00, 0.00, 0.00, 0.00, 47.98, 1.00, 0.00, 0.00, 0.00, 0.00, 32.21, 1.00, 0.00, 0.00, 0.00, 0.00, 2.98, 37.60, 23.12, 86.71, 23.19, 84.35, 33.24, 63.48, 33.12, 75.64, 44.41, 24.88, 1
31/10/16 12, 3.93, 2.34, 3.53, 4.26, 2.75, 5.50, 3.92, 91.83, 1.00, 91.84, 1.00, 0.00, 0.00, 33.85, 1.00, 0.00, 0.00, 0.00, 0.00, 46.75, 1.00, 0.00, 0.00, 0.00, 0.00, 37.30, 1.00, 0.00, 0.00, 0.00, 0.00, 2.99, 37.34, 22.43, 86.46, 22.49, 85.85, 55.65, 61.45, 55.49, 77.91, 65.91, 24.16, 1
31/10/16 13, 4.06, 1.60, 3.95, 4.24, 1.96, 5.50, 4.72, 91.31, 1.00, 91.32, 1.00, 0.00, 0.00, 35.10, 1.00, 0.00, 0.00, 0.00, 0.00, 0.00, 0.00, 0.00, 0.00, 0.00, 0.00, 36.34, 1.00, 0.00, 0.00, 0.00, 0.00, 2.99, 37.61, 25.47, 87.39, 25.57, 61.11, 52.70, 59.65, 52.55, 79.07, 62.94, 26.86, 1
31/10/16 14, 4.52, 1.11, 4.36, 2.92, 1.76, 5.22, 3.58, 94.90, 1.00, 94.92, 1.00, 0.00, 0.00, 32.87, 1.00, 0.00, 0.00, 0.00, 0.00, 47.49, 1.00, 45.14, 1.00, 0.00, 0.00, 0.00, 0.00, 0.00, 0.00, 0.00, 0.00, 2.99, 35.71, 21.23, 86.85, 21.29, 83.34, 53.79, 95.27, 53.79, 56.18, 65.32, 22.96, 1
31/10/16 15, 4.01, 0.56, 4.77, 3.01, 2.49, 5.07, 2.58, 95.47, 1.00, 95.49, 1.00, 0.00, 0.00, 33.83, 1.00, 0.00, 0.00, 0.00, 0.00, 48.96, 1.00, 35.81, 1.00, 0.00, 0.00, 31.19, 1.00, 0.00, 0.00, 114.03, 1.00, 2.98, 35.40, 25.74, 89.81, 25.80, 85.14, 22.68, 83.25, 22.57, 68.64, 28.89, 27.99, 1
31/10/16 16, 3.91, 0.88, 5.25, 3.28, 2.98, 5.33, 2.99, 95.80, 1.00, 95.82, 1.00, 0.00, 0.00, 34.21, 1.00, 0.00, 0.00, 0.00, 0.00, 49.06, 1.00, 35.97, 1.00, 0.00, 0.00, 31.43, 1.00, 0.00, 0.00, 114.58, 1.00, 2.98, 35.23, 26.06, 89.49, 26.12, 85.26, 23.02, 83.30, 22.90, 68.16, 29.22, 28.32, 1
31/10/16 17, 3.58, 1.44, 4.96, 3.53, 3.41, 5.50, 3.20, 95.14, 1.00, 95.16, 1.00, 0.00, 0.00, 0.00, 0.00, 0.00, 0.00, 0.00, 0.00, 50.03, 1.00, 35.43, 1.00, 0.00, 0.00, 30.61, 1.00, 0.00, 0.00, 102.87, 1.00, 2.98, 35.58, 28.25, 71.69, 28.21, 85.50, 23.28, 84.50, 23.16, 71.17, 30.93, 30.03, 1
31/10/16 18, 2.43, 1.99, 4.55, 3.67, 3.97, 5.50, 3.68, 89.84, 1.00, 89.86, 1.00, 0.00, 0.00, 0.00, 0.00, 0.00, 0.00, 0.00, 0.00, 49.82, 1.00, 35.47, 1.00, 0.00, 0.00, 30.34, 1.00, 0.00, 0.00, 99.98, 1.00, 2.98, 38.38, 28.62, 72.45, 28.58, 86.26, 23.25, 84.41, 23.14, 72.03, 31.28, 30.38, 1
31/10/16 19, 2.92, 2.53, 4.18, 3.94, 3.60, 5.50, 4.34, 93.05, 1.00, 93.07, 1.00, 0.00, 0.00, 0.00, 0.00, 0.00, 0.00, 0.00, 0.00, 50.64, 1.00, 0.00, 0.00, 0.00, 0.00, 32.01, 1.00, 0.00, 0.00, 99.49, 1.00, 2.98, 36.69, 29.07, 72.57, 29.03, 85.11, 30.13, 61.59, 30.01, 73.24, 31.73, 30.83, 1
31/10/16 20, 3.33, 3.04, 3.83, 3.80, 2.72, 5.50, 4.86, 91.45, 1.00, 91.47, 1.00, 0.00, 0.00, 0.00, 0.00, 0.00, 0.00, 0.00, 0.00, 50.73, 1.00, 0.00, 0.00, 0.00, 0.00, 0.00, 0.00, 0.00, 0.00, 97.42, 1.00, 2.98, 37.54, 29.44, 70.39, 29.39, 85.29, 32.89, 60.90, 32.89, 57.45, 32.08, 31.18, 1
31/10/16 21, 3.47, 3.53, 3.41, 3.73, 1.86, 5.08, 2.91, 91.52, 1.00, 91.54, 1.00, 0.00, 0.00, 0.00, 0.00, 0.00, 0.00, 0.00, 0.00, 50.93, 1.00, 0.00, 0.00, 0.00, 0.00, 0.00, 0.00, 0.00, 0.00, 94.63, 1.00, 2.98, 37.50, 29.74, 66.38, 29.70, 85.19, 32.88, 60.17, 32.88, 52.98, 32.37, 31.47, 1
31/10/16 22, 3.72, 3.87, 3.09, 3.62, 1.69, 5.02, 2.11, 92.84, 1.00, 92.86, 1.00, 0.00, 0.00, 36.69, 1.00, 0.00, 0.00, 0.00, 0.00, 50.65, 1.00, 36.29, 1.00, 0.00, 0.00, 31.41, 1.00, 0.00, 0.00, 93.24, 1.00, 2.98, 36.80, 28.27, 87.39, 28.34, 84.40, 21.85, 81.56, 21.73, 67.04, 31.33, 30.43, 1
31/10/16 23, 4.08, 3.92, 3.53, 3.33, 2.04, 5.17, 2.16, 92.71, 1.00, 92.73, 1.00, 0.00, 0.00, 36.84, 1.00, 0.00, 0.00, 0.00, 0.00, 50.06, 1.00, 35.86, 1.00, 0.00, 0.00, 31.33, 1.00, 0.00, 0.00, 94.22, 1.00, 2.98, 36.87, 28.34, 87.19, 28.42, 85.64, 22.20, 82.67, 22.08, 67.67, 31.41, 30.51, 1
01/11/16 00, 4.06, 4.00, 3.95, 3.53, 2.51, 5.37, 2.39, 91.27, 1.00, 91.28, 1.00, 0.00, 0.00, 35.00, 1.00, 0.00, 0.00, 0.00, 0.00, 49.93, 1.00, 35.82, 1.00, 0.00, 0.00, 31.39, 1.00, 0.00, 0.00, 94.83, 1.00, 2.98, 37.63, 28.49, 90.58, 28.55, 86.02, 22.38, 82.92, 22.27, 67.67, 31.52, 30.62, 1
01/11/16 01, 3.93, 4.10, 4.47, 3.77, 2.96, 5.50, 2.60, 94.99, 1.00, 95.01, 1.00, 0.00, 0.00, 34.16, 1.00, 0.00, 0.00, 0.00, 0.00, 49.40, 1.00, 35.56, 1.00, 0.00, 0.00, 30.63, 1.00, 0.00, 0.00, 94.56, 1.00, 2.98, 35.66, 28.62, 92.15, 28.69, 87.19, 22.70, 83.70, 22.59, 70.52, 31.64, 30.74, 1
01/11/16 02, 3.84, 4.21, 5.02, 4.21, 3.48, 5.50, 3.07, 95.57, 1.00, 95.59, 1.00, 0.00, 0.00, 33.94, 1.00, 0.00, 0.00, 0.00, 0.00, 49.25, 1.00, 35.06, 1.00, 0.00, 0.00, 30.03, 1.00, 0.00, 0.00, 94.08, 1.00, 2.98, 35.35, 28.74, 92.63, 28.80, 87.58, 22.99, 84.86, 22.88, 72.79, 31.75, 30.85, 1
01/11/16 03, 3.81, 4.59, 5.16, 4.08, 3.92, 5.50, 3.88, 94.51, 1.00, 94.53, 1.00, 0.00, 0.00, 0.00, 0.00, 0.00, 0.00, 0.00, 0.00, 0.00, 0.00, 0.00, 0.00, 0.00, 0.00, 30.68, 1.00, 0.00, 0.00, 72.05, 1.00, 2.98, 35.91, 33.13, 75.84, 33.13, 69.29, 30.08, 64.65, 29.97, 77.74, 35.43, 34.53, 1
01/11/16 04, 3.89, 5.35, 4.93, 3.32, 3.48, 5.43, 4.48, 91.93, 1.00, 91.95, 1.00, 0.00, 0.00, 0.00, 0.00, 0.00, 0.00, 0.00, 0.00, 0.00, 0.00, 0.00, 0.00, 0.00, 0.00, 0.00, 0.00, 0.00, 0.00, 75.93, 1.00, 2.98, 37.28, 34.26, 76.31, 34.26, 68.60, 33.73, 64.28, 33.73, 60.52, 36.58, 35.68, 1
01/11/16 05, 4.00, 5.21, 4.73, 3.50, 3.05, 5.18, 3.39, 93.30, 1.00, 93.32, 1.00, 0.00, 0.00, 0.00, 0.00, 0.00, 0.00, 0.00, 0.00, 48.30, 1.00, 0.00, 0.00, 0.00, 0.00, 0.00, 0.00, 0.00, 0.00, 0.00, 0.00, 2.98, 36.56, 28.35, 75.33, 28.31, 88.87, 36.60, 63.82, 36.60, 59.46, 45.47, 29.71, 1
01/11/16 06, 4.20, 4.70, 4.49, 4.26, 2.61, 5.02, 2.69, 93.95, 1.00, 93.97, 1.00, 0.00, 0.00, 0.00, 0.00, 0.00, 0.00, 0.00, 0.00, 48.38, 1.00, 0.00, 0.00, 0.00, 0.00, 33.14, 1.00, 0.00, 0.00, 0.00, 0.00, 2.98, 36.22, 27.83, 75.64, 27.79, 88.22, 33.48, 62.60, 33.35, 72.53, 45.04, 29.19, 1
01/11/16 07, 4.67, 4.49, 4.28, 3.87, 2.02, 5.43, 3.71, 93.14, 1.00, 93.16, 1.00, 0.00, 0.00, 0.00, 0.00, 0.00, 0.00, 0.00, 0.00, 0.00, 0.00, 0.00, 0.00, 0.00, 0.00, 33.45, 1.00, 0.00, 0.00, 0.00, 0.00, 2.98, 36.64, 29.49, 71.22, 29.49, 67.16, 32.77, 62.09, 32.64, 70.66, 44.10, 30.68, 1
01/11/16 08, 4.21, 4.43, 3.87, 3.04, 1.44, 5.50, 4.47, 114.87, 1.00, 0.00, 0.00, 0.00, 0.00, 0.00, 0.00, 0.00, 0.00, 0.00, 0.00, 49.84, 1.00, 41.98, 1.00, 0.00, 0.00, 32.55, 1.00, 0.00, 0.00, 0.00, 0.00, 2.99, 24.70, 27.45, 70.39, 27.41, 85.07, 38.95, 87.52, 38.83, 80.15, 57.63, 28.83, -999
01/11/16 09, 4.11, 3.90, 3.45, 3.20, 2.02, 5.30, 3.89, 116.86, 1.00, 0.00, 0.00, 0.00, 0.00, 0.00, 0.00, 0.00, 0.00, 0.00, 0.00, 50.02, 1.00, 45.62, 1.00, 0.00, 0.00, 0.00, 0.00, 0.00, 0.00, 0.00, 0.00, 2.99, 23.56, 26.91, 67.89, 26.87, 84.17, 53.26, 93.63, 53.26, 53.86, 64.90, 28.28, -999
01/11/16 10, 3.76, 3.34, 3.03, 3.08, 2.62, 4.96, 2.10, 117.93, 1.00, 0.00, 0.00, 0.00, 0.00, 34.06, 1.00, 0.00, 0.00, 0.00, 0.00, 48.43, 1.00, 39.86, 1.00, 0.00, 0.00, 34.14, 1.00, 0.00, 0.00, 0.00, 0.00, 2.98, 22.94, 23.21, 86.91, 23.28, 83.61, 32.87, 85.79, 32.73, 68.11, 51.78, 24.97, -999
01/11/16 11, 3.24, 2.46, 3.47, 3.07, 2.98, 5.15, 2.16, 117.50, 1.00, 0.00, 0.00, 0.00, 0.00, 33.06, 1.00, 0.00, 0.00, 0.00, 0.00, 48.43, 1.00, 40.58, 1.00, 0.00, 0.00, 34.70, 1.00, 0.00, 0.00, 0.00, 0.00, 2.99, 23.19, 22.46, 87.77, 22.52, 82.85, 38.26, 89.75, 38.12, 71.33, 57.19, 24.20, -999
01/11/16 12, 2.94, 1.60, 3.93, 2.81, 3.64, 5.50, 2.90, 118.51, 1.00, 0.00, 0.00, 0.00, 0.00, 31.17, 1.00, 0.00, 0.00, 0.00, 0.00, 46.12, 1.00, 39.68, 1.00, 0.00, 0.00, 34.37, 1.00, 0.00, 0.00, 0.00, 0.00, 2.99, 22.61, 22.06, 90.33, 22.12, 86.57, 36.64, 89.95, 36.51, 71.00, 55.35, 23.75, -999
01/11/16 13, 2.26, 0.79, 4.46, 3.52, 4.01, 5.50, 3.90, 118.64, 1.00, 0.00, 0.00, 0.00, 0.00, 32.21, 1.00, 0.00, 0.00, 0.00, 0.00, 47.56, 1.00, 0.00, 0.00, 0.00, 0.00, 35.92, 1.00, 0.00, 0.00, 0.00, 0.00, 2.99, 22.54, 20.97, 87.63, 21.03, 82.95, 55.25, 63.70, 55.10, 83.39, 65.32, 22.70, -999
01/11/16 14, 2.35, 0.75, 4.92, 3.34, 3.37, 5.41, 4.39, 117.50, 1.00, 0.00, 0.00, 0.00, 0.00, 34.36, 1.00, 0.00, 0.00, 0.00, 0.00, 49.35, 1.00, 0.00, 0.00, 0.00, 0.00, 0.00, 0.00, 0.00, 0.00, 121.29, 1.00, 2.98, 23.19, 26.23, 89.42, 26.30, 84.89, 33.84, 63.05, 33.84, 56.39, 29.45, 28.55, -999
01/11/16 15, 1.85, 1.19, 5.23, 3.46, 2.73, 5.02, 2.51, 118.65, 1.00, 0.00, 0.00, 0.00, 0.00, 0.00, 0.00, 0.00, 0.00, 0.00, 0.00, 49.84, 1.00, 0.00, 0.00, 0.00, 0.00, 33.53, 1.00, 0.00, 0.00, 108.73, 1.00, 2.98, 22.53, 28.45, 72.91, 28.41, 86.06, 30.73, 61.80, 30.60, 68.30, 31.17, 30.27, -999
01/11/16 16, 1.58, 1.80, 4.86, 3.73, 1.99, 5.22, 2.60, 117.26, 1.00, 0.00, 0.00, 0.00, 0.00, 0.00, 0.00, 0.00, 0.00, 0.00, 0.00, 50.00, 1.00, 0.00, 0.00, 0.00, 0.00, 33.15, 1.00, 0.00, 0.00, 105.32, 1.00, 2.98, 23.33, 28.79, 73.48, 28.75, 86.08, 30.61, 61.83, 30.48, 69.59, 31.49, 30.59, -999
01/11/16 17, 1.90, 2.28, 4.52, 3.93, 1.61, 5.48, 3.00, 118.99, 1.00, 0.00, 0.00, 0.00, 0.00, 0.00, 0.00, 0.00, 0.00, 0.00, 0.00, 49.54, 1.00, 36.04, 1.00, 0.00, 0.00, 31.03, 1.00, 0.00, 0.00, 86.85, 1.00, 2.99, 22.33, 28.14, 71.80, 28.10, 86.33, 21.11, 81.27, 21.00, 67.61, 30.71, 29.81, -999
01/11/16 18, 1.15, 2.66, 4.12, 4.20, 1.96, 5.50, 3.18, 119.77, 1.00, 0.00, 0.00, 0.00, 0.00, 0.00, 0.00, 0.00, 0.00, 0.00, 0.00, 49.61, 1.00, 35.72, 1.00, 0.00, 0.00, 30.23, 1.00, 0.00, 0.00, 81.74, 1.00, 2.99, 21.88, 28.27, 72.93, 28.23, 86.33, 20.83, 81.55, 20.72, 69.97, 30.81, 29.91, -999
01/11/16 19, 1.02, 2.99, 3.79, 4.40, 2.32, 5.50, 3.49, 120.96, 1.00, 0.00, 0.00, 0.00, 0.00, 0.00, 0.00, 0.00, 0.00, 0.00, 0.00, 50.20, 1.00, 35.33, 1.00, 0.00, 0.00, 30.40, 1.00, 0.00, 0.00, 77.20, 1.00, 2.99, 21.19, 28.38, 69.85, 28.33, 85.28, 20.41, 81.81, 20.30, 68.99, 30.89, 29.99, -999
01/11/16 20, 1.06, 3.26, 3.35, 4.24, 2.72, 5.50, 3.54, 97.63, 1.00, 97.65, 1.00, 0.00, 0.00, 0.00, 0.00, 0.00, 0.00, 0.00, 0.00, 50.11, 1.00, 35.14, 1.00, 0.00, 0.00, 30.39, 1.00, 0.00, 0.00, 72.11, 1.00, 2.99, 34.24, 28.47, 70.58, 28.43, 85.56, 19.93, 81.66, 19.82, 68.56, 30.95, 30.05, -999
01/11/16 21, 0.82, 3.48, 2.95, 4.21, 3.07, 5.50, 3.48, 98.79, 1.00, 98.81, 1.00, 0.00, 0.00, 36.99, 1.00, 0.00, 0.00, 0.00, 0.00, 50.21, 1.00, 35.35, 1.00, 0.00, 0.00, 30.42, 1.00, 0.00, 0.00, 72.53, 1.00, 2.99, 33.62, 27.66, 86.26, 27.73, 84.67, 19.56, 80.93, 19.45, 68.10, 30.59, 29.69, -999
01/11/16 22, 0.92, 3.32, 3.36, 3.87, 3.25, 5.50, 3.33, 98.37, 1.00, 98.39, 1.00, 0.00, 0.00, 35.96, 1.00, 0.00, 0.00, 0.00, 0.00, 49.94, 1.00, 34.68, 1.00, 0.00, 0.00, 30.36, 1.00, 0.00, 0.00, 68.47, 1.00, 2.99, 33.85, 27.45, 87.88, 27.52, 84.97, 19.01, 81.53, 18.90, 67.75, 30.34, 29.44, -999
01/11/16 23, 0.55, 3.13, 3.81, 3.81, 3.56, 5.50, 3.14, 98.74, 1.00, 98.76, 1.00, 0.00, 0.00, 35.50, 1.00, 0.00, 0.00, 0.00, 0.00, 49.81, 1.00, 34.71, 1.00, 0.00, 0.00, 29.87, 1.00, 0.00, 0.00, 67.85, 1.00, 2.99, 33.65, 27.26, 88.50, 27.33, 85.05, 18.88, 81.35, 18.77, 69.19, 30.15, 29.25, -999
02/11/16 00, 0.75, 2.94, 4.27, 3.80, 3.81, 5.50, 3.35, 97.86, 1.00, 97.88, 1.00, 0.00, 0.00, 34.42, 1.00, 0.00, 0.00, 0.00, 0.00, 49.48, 1.00, 34.20, 1.00, 0.00, 0.00, 30.15, 1.00, 0.00, 0.00, 70.78, 1.00, 2.99, 34.12, 27.20, 90.29, 27.27, 85.62, 19.23, 82.56, 19.12, 68.63, 30.08, 29.18, -999
02/11/16 01, 1.02, 2.84, 4.78, 3.96, 3.63, 5.50, 3.45, 96.72, 1.00, 96.74, 1.00, 0.00, 0.00, 33.04, 1.00, 0.00, 0.00, 0.00, 0.00, 49.69, 1.00, 0.00, 0.00, 0.00, 0.00, 30.84, 1.00, 0.00, 0.00, 80.67, 1.00, 2.99, 34.74, 27.26, 92.61, 27.32, 85.25, 26.69, 64.03, 26.58, 73.84, 30.18, 29.28, -999
02/11/16 02, 1.23, 2.81, 5.33, 3.98, 3.12, 5.50, 4.27, 96.82, 1.00, 96.84, 1.00, 0.00, 0.00, 0.00, 0.00, 0.00, 0.00, 0.00, 0.00, 48.84, 1.00, 0.00, 0.00, 0.00, 0.00, 30.38, 1.00, 0.00, 0.00, 74.69, 1.00, 2.99, 34.68, 28.16, 74.92, 28.13, 87.69, 26.56, 63.31, 26.45, 75.20, 30.65, 29.75, -999
02/11/16 03, 1.19, 3.09, 5.04, 4.50, 2.56, 5.37, 4.20, 96.43, 1.00, 96.45, 1.00, 0.00, 0.00, 0.00, 0.00, 0.00, 0.00, 0.00, 0.00, 47.95, 1.00, 0.00, 0.00, 0.00, 0.00, 0.00, 0.00, 0.00, 0.00, 76.11, 1.00, 2.99, 34.89, 28.54, 75.37, 28.50, 89.71, 29.37, 63.13, 29.37, 60.73, 31.03, 30.13, -999
02/11/16 04, 1.27, 3.71, 4.78, 3.65, 2.08, 5.13, 3.25, 94.85, 1.00, 94.87, 1.00, 0.00, 0.00, 0.00, 0.00, 0.00, 0.00, 0.00, 0.00, 0.00, 0.00, 0.00, 0.00, 0.00, 0.00, 0.00, 0.00, 0.00, 0.00, 57.36, 1.00, 2.99, 35.74, 31.03, 75.39, 31.03, 67.87, 29.62, 63.19, 29.62, 59.67, 33.26, 32.36, -999
02/11/16 05, 1.67, 4.20, 4.54, 3.21, 1.73, 5.02, 2.74, 94.89, 1.00, 94.91, 1.00, 0.00, 0.00, 0.00, 0.00, 0.00, 0.00, 0.00, 0.00, 48.83, 1.00, 0.00, 0.00, 0.00, 0.00, 31.81, 1.00, 0.00, 0.00, 68.46, 1.00, 2.99, 35.71, 29.34, 76.00, 29.30, 88.89, 26.84, 62.33, 26.72, 70.65, 31.80, 30.90, -999
02/11/16 06, 1.93, 4.38, 4.35, 3.98, 1.83, 5.35, 3.46, 92.13, 1.00, 92.15, 1.00, 0.00, 0.00, 0.00, 0.00, 0.00, 0.00, 0.00, 0.00, 48.23, 1.00, 34.64, 1.00, 0.00, 0.00, 29.41, 1.00, 0.00, 0.00, 60.71, 1.00, 2.99, 37.18, 29.34, 73.99, 29.30, 90.01, 20.06, 82.64, 19.96, 71.82, 31.76, 30.86, -999
02/11/16 07, 2.17, 4.60, 4.05, 4.41, 2.43, 5.50, 4.77, 92.56, 1.00, 92.58, 1.00, 0.00, 0.00, 0.00, 0.00, 0.00, 0.00, 0.00, 0.00, 0.00, 0.00, 35.22, 1.00, 0.00, 0.00, 28.71, 1.00, 0.00, 0.00, 37.34, 1.00, 2.99, 36.95, 30.64, 73.73, 30.64, 65.52, 19.06, 80.65, 18.96, 72.97, 32.80, 31.90, -999
02/11/16 08, 2.35, 5.02, 3.76, 3.11, 2.74, 5.19, 3.39, 91.79, 1.00, 91.81, 1.00, 0.00, 0.00, 0.00, 0.00, 0.00, 0.00, 0.00, 0.00, 0.00, 0.00, 37.17, 1.00, 0.00, 0.00, 0.00, 0.00, 0.00, 0.00, 41.61, 1.00, 2.99, 37.36, 31.31, 74.42, 31.31, 57.30, 25.43, 83.47, 25.43, 54.53, 33.47, 32.57, -999
02/11/16 09, 2.79, 5.11, 3.52, 2.47, 3.07, 5.00, 2.21, 91.70, 1.00, 91.71, 1.00, 0.00, 0.00, 0.00, 0.00, 0.00, 0.00, 0.00, 0.00, 51.43, 1.00, 34.44, 1.00, 0.00, 0.00, 30.63, 1.00, 0.00, 0.00, 39.35, 1.00, 2.99, 37.41, 29.79, 68.63, 29.74, 84.24, 18.25, 81.18, 18.14, 66.09, 32.14, 31.24, -999
02/11/16 10, 3.31, 5.05, 3.05, 2.38, 3.39, 5.07, 1.98, 90.53, 1.00, 90.55, 1.00, 0.00, 0.00, 0.00, 0.00, 0.00, 0.00, 0.00, 0.00, 51.10, 1.00, 35.07, 1.00, 0.00, 0.00, 30.48, 1.00, 0.00, 0.00, 59.21, 1.00, 2.97, 38.02, 29.91, 69.58, 29.87, 85.03, 19.08, 80.92, 18.97, 67.41, 32.34, 31.44, -999
02/11/16 11, 3.53, 4.88, 3.30, 2.53, 3.55, 5.28, 2.27, 91.32, 1.00, 91.34, 1.00, 0.00, 0.00, 36.12, 1.00, 0.00, 0.00, 0.00, 0.00, 50.88, 1.00, 34.61, 1.00, 0.00, 0.00, 30.74, 1.00, 0.00, 0.00, 67.24, 1.00, 2.97, 37.60, 28.92, 89.06, 28.99, 84.59, 19.43, 82.06, 19.32, 66.89, 31.83, 30.93, -999
02/11/16 12, 3.79, 4.67, 3.78, 2.58, 3.90, 5.41, 2.29, 91.83, 1.00, 91.84, 1.00, 0.00, 0.00, 36.42, 1.00, 0.00, 0.00, 0.00, 0.00, 50.98, 1.00, 34.62, 1.00, 0.00, 0.00, 30.01, 1.00, 0.00, 0.00, 64.85, 1.00, 2.97, 37.34, 28.62, 88.23, 28.70, 84.09, 19.11, 81.73, 19.00, 68.97, 31.52, 30.62, -999
02/11/16 13, 4.39, 4.45, 4.23, 2.48, 3.46, 5.50, 3.21, 91.31, 1.00, 91.32, 1.00, 0.00, 0.00, 36.80, 1.00, 0.00, 0.00, 0.00, 0.00, 50.67, 1.00, 0.00, 0.00, 0.00, 0.00, 31.25, 1.00, 0.00, 0.00, 71.34, 1.00, 2.97, 37.61, 28.59, 87.51, 28.67, 84.68, 26.07, 64.11, 25.95, 71.82, 31.52, 30.62, -999
02/11/16 14, 4.46, 4.29, 4.64, 2.59, 2.99, 5.50, 3.74, 94.90, 1.00, 94.92, 1.00, 0.00, 0.00, 35.89, 1.00, 0.00, 0.00, 0.00, 0.00, 50.69, 1.00, 0.00, 0.00, 0.00, 0.00, 30.72, 1.00, 0.00, 0.00, 71.15, 1.00, 2.97, 35.71, 28.46, 89.01, 28.53, 84.50, 26.06, 62.00, 25.94, 73.58, 31.38, 30.48, -999
02/11/16 15, 4.02, 4.13, 5.08, 2.63, 2.25, 5.50, 4.50, 95.47, 1.00, 95.49, 1.00, 0.00, 0.00, 34.62, 1.00, 0.00, 0.00, 0.00, 0.00, 50.48, 1.00, 0.00, 0.00, 0.00, 0.00, 31.14, 1.00, 0.00, 0.00, 77.47, 1.00, 2.98, 35.40, 28.47, 91.21, 28.54, 84.94, 26.56, 60.73, 26.45, 72.67, 31.40, 30.50, -999
02/11/16 16, 1.24, 4.23, 5.17, 2.79, 1.54, 5.36, 4.15, 97.54, 1.00, 97.56, 1.00, 0.00, 0.00, 0.00, 0.00, 0.00, 0.00, 0.00, 0.00, 50.30, 1.00, 36.81, 1.00, 0.00, 0.00, 0.00, 0.00, 0.00, 0.00, 70.37, 1.00, 2.97, 34.29, 29.37, 72.66, 29.33, 86.08, 25.58, 84.27, 25.58, 58.55, 31.85, 30.95, -999
02/11/16 17, 1.31, 4.44, 4.78, 3.13, 2.14, 5.02, 2.63, 97.58, 1.00, 97.60, 1.00, 0.00, 0.00, 0.00, 0.00, 0.00, 0.00, 0.00, 0.00, 50.25, 1.00, 36.61, 1.00, 0.00, 0.00, 0.00, 0.00, 0.00, 0.00, 68.99, 1.00, 2.97, 34.27, 29.54, 73.50, 29.50, 86.35, 25.64, 84.69, 25.64, 57.95, 32.01, 31.11, -999
02/11/16 18, 1.29, 4.62, 4.45, 3.47, 2.70, 5.14, 2.71, 97.35, 1.00, 97.37, 1.00, 0.00, 0.00, 0.00, 0.00, 0.00, 0.00, 0.00, 0.00, 49.94, 1.00, 34.81, 1.00, 0.00, 0.00, 30.59, 1.00, 0.00, 0.00, 67.65, 1.00, 2.97, 34.40, 29.70, 72.60, 29.66, 87.12, 19.82, 82.12, 19.71, 67.77, 32.16, 31.26, -999
02/11/16 19, 1.28, 4.80, 4.09, 3.90, 3.13, 5.35, 2.93, 97.48, 1.00, 97.50, 1.00, 0.00, 0.00, 0.00, 0.00, 0.00, 0.00, 0.00, 0.00, 50.82, 1.00, 35.12, 1.00, 0.00, 0.00, 30.50, 1.00, 0.00, 0.00, 66.04, 1.00, 2.97, 34.33, 29.81, 69.02, 29.77, 85.49, 19.70, 81.47, 19.59, 67.96, 32.27, 31.37, -999
02/11/16 20, 1.26, 4.96, 3.61, 3.86, 3.41, 5.50, 3.21, 97.63, 1.00, 97.65, 1.00, 0.00, 0.00, 0.00, 0.00, 0.00, 0.00, 0.00, 0.00, 50.73, 1.00, 34.65, 1.00, 0.00, 0.00, 30.53, 1.00, 0.00, 0.00, 64.30, 1.00, 2.97, 34.25, 29.93, 69.34, 29.89, 85.78, 19.73, 82.31, 19.62, 67.89, 32.38, 31.48, -999
02/11/16 21, 1.23, 5.10, 3.16, 3.90, 3.80, 5.50, 3.06, 97.62, 1.00, 97.64, 1.00, 0.00, 0.00, 0.00, 0.00, 0.00, 0.00, 0.00, 0.00, 50.95, 1.00, 34.94, 1.00, 0.00, 0.00, 30.78, 1.00, 0.00, 0.00, 63.22, 1.00, 2.97, 34.25, 30.04, 69.09, 30.00, 85.45, 19.58, 81.66, 19.47, 66.91, 32.49, 31.59, -999
02/11/16 22, 1.19, 5.01, 3.29, 3.81, 4.03, 5.50, 2.70, 97.71, 1.00, 97.72, 1.00, 0.00, 0.00, 37.28, 1.00, 0.00, 0.00, 0.00, 0.00, 50.42, 1.00, 0.00, 0.00, 0.00, 0.00, 32.15, 1.00, 0.00, 0.00, 68.51, 1.00, 2.97, 34.20, 29.06, 87.11, 29.14, 85.66, 26.14, 61.30, 26.02, 68.78, 31.98, 31.08, -999
02/11/16 23, 1.28, 4.81, 3.71, 3.87, 3.06, 5.50, 2.70, 97.53, 1.00, 97.55, 1.00, 0.00, 0.00, 36.51, 1.00, 0.00, 0.00, 0.00, 0.00, 50.72, 1.00, 0.00, 0.00, 0.00, 0.00, 31.67, 1.00, 0.00, 0.00, 70.62, 1.00, 2.97, 34.30, 28.94, 88.39, 29.02, 84.94, 26.32, 61.65, 26.20, 70.62, 31.87, 30.97, -999
03/11/16 00, 1.37, 4.64, 4.16, 3.67, 2.25, 5.50, 3.09, 97.20, 1.00, 97.22, 1.00, 0.00, 0.00, 34.96, 1.00, 0.00, 0.00, 0.00, 0.00, 50.69, 1.00, 0.00, 0.00, 0.00, 0.00, 30.89, 1.00, 0.00, 0.00, 73.02, 1.00, 2.97, 34.48, 28.89, 91.07, 28.96, 84.94, 26.61, 61.82, 26.50, 73.56, 31.81, 30.91, -999
03/11/16 01, 1.47, 4.52, 4.69, 3.55, 1.59, 5.50, 3.92, 96.68, 1.00, 96.70, 1.00, 0.00, 0.00, 36.41, 1.00, 0.00, 0.00, 0.00, 0.00, 50.09, 1.00, 0.00, 0.00, 0.00, 0.00, 31.05, 1.00, 0.00, 0.00, 76.25, 1.00, 2.98, 34.75, 28.79, 88.42, 28.87, 86.04, 26.84, 60.87, 26.73, 73.27, 31.74, 30.84, -999
03/11/16 02, 1.47, 4.39, 5.11, 3.77, 1.88, 5.50, 4.46, 96.89, 1.00, 96.91, 1.00, 0.00, 0.00, 33.94, 1.00, 0.00, 0.00, 0.00, 0.00, 48.86, 1.00, 34.95, 1.00, 0.00, 0.00, 29.13, 1.00, 0.00, 0.00, 74.83, 1.00, 2.98, 34.64, 28.76, 92.64, 28.82, 88.35, 20.45, 82.50, 20.35, 73.08, 31.64, 30.74, -999
03/11/16 03, 1.54, 4.53, 5.12, 4.42, 2.47, 5.34, 4.04, 95.67, 1.00, 95.69, 1.00, 0.00, 0.00, 0.00, 0.00, 0.00, 0.00, 0.00, 0.00, 48.69, 1.00, 36.39, 1.00, 0.00, 0.00, 0.00, 0.00, 0.00, 0.00, 75.46, 1.00, 2.98, 35.30, 29.92, 75.78, 29.88, 89.73, 26.57, 86.02, 26.57, 60.03, 32.41, 31.51, -999
03/11/16 04, 1.77, 5.08, 4.88, 3.92, 3.19, 5.07, 2.92, 93.81, 1.00, 93.82, 1.00, 0.00, 0.00, 0.00, 0.00, 0.00, 0.00, 0.00, 0.00, 0.00, 0.00, 36.45, 1.00, 0.00, 0.00, 0.00, 0.00, 0.00, 0.00, 62.50, 1.00, 2.98, 36.29, 32.81, 76.50, 32.81, 69.84, 27.52, 86.88, 27.52, 59.54, 35.06, 34.16, -999
03/11/16 05, 2.05, 5.57, 4.70, 3.30, 3.88, 5.11, 2.91, 91.06, 1.00, 91.08, 1.00, 0.00, 0.00, 0.00, 0.00, 0.00, 0.00, 0.00, 0.00, 0.00, 0.00, 34.59, 1.00, 0.00, 0.00, 30.36, 1.00, 0.00, 0.00, 0.00, 0.00, 2.98, 37.74, 30.57, 76.31, 30.57, 68.01, 22.96, 85.64, 22.85, 71.70, 40.73, 31.76, -999
03/11/16 06, 2.52, 5.24, 4.52, 3.52, 3.65, 5.50, 4.10, 90.66, 1.00, 90.68, 1.00, 0.00, 0.00, 0.00, 0.00, 0.00, 0.00, 0.00, 0.00, 48.71, 1.00, 0.00, 0.00, 0.00, 0.00, 31.32, 1.00, 0.00, 0.00, 0.00, 0.00, 2.98, 37.95, 28.34, 73.86, 28.30, 88.11, 30.11, 64.17, 29.99, 75.62, 41.46, 29.71, -999
03/11/16 07, 2.97, 4.72, 4.22, 4.16, 3.16, 5.42, 4.42, 89.33, 1.00, 89.35, 1.00, 0.00, 0.00, 0.00, 0.00, 0.00, 0.00, 0.00, 0.00, 49.14, 1.00, 0.00, 0.00, 0.00, 0.00, 0.00, 0.00, 0.00, 0.00, 0.00, 0.00, 2.98, 38.65, 27.80, 72.03, 27.76, 86.76, 33.93, 63.58, 33.93, 59.14, 42.73, 29.17, -999
03/11/16 08, 3.49, 4.20, 3.84, 4.49, 2.65, 5.10, 2.98, 89.35, 1.00, 89.37, 1.00, 0.00, 0.00, 0.00, 0.00, 0.00, 0.00, 0.00, 0.00, 48.59, 1.00, 0.00, 0.00, 0.00, 0.00, 0.00, 0.00, 0.00, 0.00, 0.00, 0.00, 2.98, 38.64, 27.32, 71.13, 27.28, 87.32, 34.15, 61.34, 34.15, 54.50, 42.83, 28.68, -999
03/11/16 09, 3.88, 4.09, 3.45, 3.63, 1.85, 5.13, 2.51, 91.98, 1.00, 92.00, 1.00, 0.00, 0.00, 0.00, 0.00, 0.00, 0.00, 0.00, 0.00, 0.00, 0.00, 0.00, 0.00, 0.00, 0.00, 33.45, 1.00, 0.00, 0.00, 0.00, 0.00, 2.98, 37.26, 29.09, 69.99, 29.09, 60.39, 29.72, 60.00, 29.59, 67.58, 40.98, 30.28, -999
03/11/16 10, 4.07, 3.77, 3.03, 2.90, 1.69, 5.24, 2.31, 91.44, 1.00, 91.46, 1.00, 0.00, 0.00, 0.00, 0.00, 0.00, 0.00, 0.00, 0.00, 49.72, 1.00, 36.25, 1.00, 0.00, 0.00, 31.57, 1.00, 0.00, 0.00, 0.00, 0.00, 2.98, 37.54, 26.80, 69.89, 26.76, 84.64, 22.85, 82.63, 22.73, 67.48, 41.02, 28.18, -999
03/11/16 11, 4.29, 2.92, 3.40, 2.97, 2.16, 5.41, 2.42, 91.29, 1.00, 91.31, 1.00, 0.00, 0.00, 32.87, 1.00, 0.00, 0.00, 0.00, 0.00, 48.03, 1.00, 36.38, 1.00, 0.00, 0.00, 31.47, 1.00, 0.00, 0.00, 0.00, 0.00, 2.98, 37.62, 22.98, 88.60, 23.03, 84.11, 23.00, 82.54, 22.89, 68.00, 41.16, 24.71, -999
03/11/16 12, 4.50, 2.06, 3.89, 3.14, 2.56, 5.50, 2.78, 91.91, 1.00, 91.93, 1.00, 0.00, 0.00, 33.38, 1.00, 0.00, 0.00, 0.00, 0.00, 47.02, 1.00, 36.54, 1.00, 0.00, 0.00, 30.36, 1.00, 0.00, 0.00, 0.00, 0.00, 2.98, 37.29, 22.17, 86.97, 22.23, 85.13, 23.04, 82.28, 22.93, 71.76, 40.89, 23.91, -999
03/11/16 13, 4.41, 1.21, 4.30, 3.55, 2.85, 5.50, 3.42, 111.87, 1.00, 0.00, 0.00, 0.00, 0.00, 33.12, 1.00, 0.00, 0.00, 0.00, 0.00, 46.92, 1.00, 35.93, 1.00, 0.00, 0.00, 30.61, 1.00, 0.00, 0.00, 0.00, 0.00, 2.99, 26.40, 21.36, 86.59, 21.42, 84.49, 22.74, 83.09, 22.63, 70.65, 38.78, 23.09, -999
03/11/16 14, 4.30, 0.52, 4.70, 3.79, 3.27, 5.50, 3.77, 118.48, 1.00, 0.00, 0.00, 0.00, 0.00, 33.71, 1.00, 0.00, 0.00, 0.00, 0.00, 47.95, 1.00, 34.69, 1.00, 0.00, 0.00, 29.24, 1.00, 0.00, 0.00, 92.26, 1.00, 2.99, 22.63, 25.07, 89.33, 25.13, 86.34, 19.90, 82.40, 19.80, 72.21, 28.05, 27.15, -999
03/11/16 15, 3.80, 0.63, 5.17, 4.21, 3.69, 5.50, 4.43, 118.69, 1.00, 0.00, 0.00, 0.00, 0.00, 33.12, 1.00, 0.00, 0.00, 0.00, 0.00, 48.61, 1.00, 34.27, 1.00, 0.00, 0.00, 29.45, 1.00, 0.00, 0.00, 90.44, 1.00, 2.99, 22.51, 25.14, 90.36, 25.20, 85.20, 19.76, 82.98, 19.66, 71.40, 28.11, 27.21, -999
03/11/16 16, 3.38, 0.94, 5.07, 4.31, 3.88, 5.45, 4.55, 115.81, 1.00, 0.00, 0.00, 0.00, 0.00, 0.00, 0.00, 0.00, 0.00, 0.00, 0.00, 48.82, 1.00, 0.00, 0.00, 0.00, 0.00, 0.00, 0.00, 0.00, 0.00, 92.61, 1.00, 2.99, 24.16, 27.18, 73.48, 27.14, 86.74, 30.23, 63.02, 30.23, 57.44, 29.78, 28.88, -999
03/11/16 17, 3.22, 1.54, 4.72, 3.93, 3.15, 5.05, 2.72, 115.27, 1.00, 0.00, 0.00, 0.00, 0.00, 0.00, 0.00, 0.00, 0.00, 0.00, 0.00, 0.00, 0.00, 0.00, 0.00, 0.00, 0.00, 0.00, 0.00, 0.00, 0.00, 72.51, 1.00, 2.99, 24.47, 30.13, 72.99, 30.13, 64.69, 30.50, 62.61, 30.50, 56.46, 32.43, 31.53, -999
03/11/16 18, 3.00, 2.18, 4.36, 3.00, 2.47, 5.13, 2.55, 117.35, 1.00, 0.00, 0.00, 0.00, 0.00, 0.00, 0.00, 0.00, 0.00, 0.00, 0.00, 49.65, 1.00, 0.00, 0.00, 0.00, 0.00, 32.20, 1.00, 0.00, 0.00, 80.19, 1.00, 2.99, 23.28, 27.72, 72.22, 27.68, 85.71, 26.54, 61.27, 26.42, 68.98, 30.25, 29.35, -999
03/11/16 19, 2.70, 2.50, 3.99, 3.31, 1.70, 5.40, 2.95, 118.33, 1.00, 0.00, 0.00, 0.00, 0.00, 0.00, 0.00, 0.00, 0.00, 0.00, 0.00, 49.96, 1.00, 0.00, 0.00, 0.00, 0.00, 32.34, 1.00, 0.00, 0.00, 74.64, 1.00, 2.99, 22.71, 27.80, 71.72, 27.76, 85.18, 25.94, 61.49, 25.81, 67.87, 30.30, 29.40, -999
03/11/16 20, 2.32, 2.71, 3.61, 3.43, 1.63, 5.50, 2.90, 119.34, 1.00, 0.00, 0.00, 0.00, 0.00, 0.00, 0.00, 0.00, 0.00, 0.00, 0.00, 50.05, 1.00, 35.20, 1.00, 0.00, 0.00, 30.20, 1.00, 0.00, 0.00, 67.44, 1.00, 2.99, 22.13, 27.78, 69.30, 27.74, 84.98, 18.78, 80.41, 18.67, 68.03, 30.24, 29.34, -999
03/11/16 21, 1.93, 2.88, 3.16, 3.47, 1.96, 5.50, 2.89, 121.23, 1.00, 0.00, 0.00, 0.00, 0.00, 0.00, 0.00, 0.00, 0.00, 0.00, 0.00, 50.14, 1.00, 34.79, 1.00, 0.00, 0.00, 29.93, 1.00, 0.00, 0.00, 56.95, 1.00, 2.99, 21.03, 27.74, 68.43, 27.70, 84.77, 17.72, 80.04, 17.61, 67.85, 30.15, 29.25, -999
03/11/16 22, 1.47, 2.72, 3.27, 3.42, 2.23, 5.50, 2.86, 121.90, 1.00, 0.00, 0.00, 0.00, 0.00, 36.67, 1.00, 0.00, 0.00, 0.00, 0.00, 49.97, 1.00, 34.98, 1.00, 0.00, 0.00, 30.02, 1.00, 0.00, 0.00, 60.00, 1.00, 2.99, 20.64, 26.53, 85.68, 26.61, 84.00, 17.19, 79.20, 17.08, 67.01, 29.40, 28.50, -999
03/11/16 23, 1.02, 2.44, 3.65, 3.18, 2.32, 5.50, 2.64, 121.77, 1.00, 0.00, 0.00, 0.00, 0.00, 35.28, 1.00, 0.00, 0.00, 0.00, 0.00, 49.81, 1.00, 34.32, 1.00, 0.00, 0.00, 29.99, 1.00, 0.00, 0.00, 61.73, 1.00, 2.99, 20.72, 26.39, 88.00, 26.46, 84.17, 17.41, 80.55, 17.31, 67.33, 29.24, 28.34, -999
04/11/16 00, 0.86, 2.37, 4.10, 3.11, 2.68, 5.50, 2.58, 98.63, 1.00, 98.65, 1.00, 0.00, 0.00, 35.46, 1.00, 0.00, 0.00, 0.00, 0.00, 49.56, 1.00, 34.91, 1.00, 0.00, 0.00, 29.48, 1.00, 0.00, 0.00, 81.67, 1.00, 2.97, 33.71, 26.75, 88.05, 26.82, 85.02, 19.36, 81.48, 19.26, 70.92, 29.71, 28.81, -999
04/11/16 01, 0.76, 2.33, 4.54, 3.28, 3.04, 5.50, 3.21, 98.74, 1.00, 98.76, 1.00, 0.00, 0.00, 35.09, 1.00, 0.00, 0.00, 0.00, 0.00, 49.07, 1.00, 34.60, 1.00, 0.00, 0.00, 29.16, 1.00, 0.00, 0.00, 81.21, 1.00, 2.97, 33.64, 26.73, 88.67, 26.80, 85.93, 19.42, 82.07, 19.31, 71.95, 29.67, 28.77, -999
04/11/16 02, 0.67, 2.30, 4.98, 3.62, 3.45, 5.50, 3.93, 97.87, 1.00, 97.88, 1.00, 0.00, 0.00, 33.37, 1.00, 0.00, 0.00, 0.00, 0.00, 48.25, 1.00, 34.18, 1.00, 0.00, 0.00, 28.49, 1.00, 0.00, 0.00, 84.36, 1.00, 2.97, 34.12, 26.75, 91.57, 26.81, 87.48, 20.00, 83.37, 19.90, 74.57, 29.68, 28.78, -999
04/11/16 03, 0.67, 2.45, 5.19, 4.21, 4.00, 5.50, 4.96, 97.15, 1.00, 97.17, 1.00, 0.00, 0.00, 0.00, 0.00, 0.00, 0.00, 0.00, 0.00, 47.88, 1.00, 35.54, 1.00, 0.00, 0.00, 0.00, 0.00, 0.00, 0.00, 80.89, 1.00, 2.97, 34.51, 28.11, 75.77, 28.07, 89.42, 25.63, 86.61, 25.63, 61.26, 30.63, 29.73, -999
04/11/16 04, 0.95, 3.05, 4.94, 3.97, 3.83, 5.27, 3.92, 94.01, 1.00, 94.03, 1.00, 0.00, 0.00, 0.00, 0.00, 0.00, 0.00, 0.00, 0.00, 0.00, 0.00, 0.00, 0.00, 0.00, 0.00, 0.00, 0.00, 0.00, 0.00, 72.65, 1.00, 2.98, 36.18, 31.65, 76.54, 31.65, 68.32, 30.50, 64.49, 30.50, 60.37, 33.95, 33.05, -999
04/11/16 05, 1.35, 3.81, 4.76, 3.08, 3.37, 5.02, 2.94, 92.84, 1.00, 92.86, 1.00, 0.00, 0.00, 0.00, 0.00, 0.00, 0.00, 0.00, 0.00, 0.00, 0.00, 0.00, 0.00, 0.00, 0.00, 0.00, 0.00, 0.00, 0.00, 73.00, 1.00, 2.98, 36.80, 32.45, 74.92, 32.45, 67.45, 31.21, 64.11, 31.21, 57.97, 34.75, 33.85, -999
04/11/16 06, 1.66, 4.23, 4.50, 3.70, 2.93, 5.00, 2.55, 96.38, 1.00, 96.40, 1.00, 0.00, 0.00, 0.00, 0.00, 0.00, 0.00, 0.00, 0.00, 47.84, 1.00, 0.00, 0.00, 0.00, 0.00, 32.16, 1.00, 0.00, 0.00, 74.94, 1.00, 2.98, 34.92, 29.63, 72.06, 29.60, 91.02, 26.90, 62.50, 26.78, 69.48, 32.12, 31.22, -999
04/11/16 07, 1.81, 4.58, 4.11, 4.38, 2.27, 5.30, 3.08, 95.99, 1.00, 96.00, 1.00, 0.00, 0.00, 0.00, 0.00, 0.00, 0.00, 0.00, 0.00, 0.00, 0.00, 0.00, 0.00, 0.00, 0.00, 32.25, 1.00, 0.00, 0.00, 58.41, 1.00, 2.98, 35.13, 31.99, 72.58, 31.99, 64.33, 27.14, 61.20, 27.02, 69.43, 34.22, 33.32, -999
04/11/16 08, 1.97, 5.18, 3.77, 3.01, 1.51, 5.50, 3.55, 96.98, 1.00, 97.00, 1.00, 0.00, 0.00, 0.00, 0.00, 0.00, 0.00, 0.00, 0.00, 50.72, 1.00, 0.00, 0.00, 0.00, 0.00, 31.34, 1.00, 0.00, 0.00, 68.01, 1.00, 2.98, 34.60, 30.24, 73.86, 30.20, 86.12, 26.97, 59.74, 26.86, 72.43, 32.71, 31.81, -999
04/11/16 09, 1.90, 5.34, 3.49, 3.29, 1.80, 5.50, 3.98, 97.26, 1.00, 97.28, 1.00, 0.00, 0.00, 0.00, 0.00, 0.00, 0.00, 0.00, 0.00, 50.88, 1.00, 35.66, 1.00, 0.00, 0.00, 29.89, 1.00, 0.00, 0.00, 64.83, 1.00, 2.97, 34.45, 30.32, 69.67, 30.28, 85.88, 20.14, 80.97, 20.04, 70.37, 32.77, 31.87, -999
04/11/16 10, 1.84, 5.48, 3.06, 3.45, 2.13, 5.50, 4.25, 97.38, 1.00, 97.39, 1.00, 0.00, 0.00, 0.00, 0.00, 0.00, 0.00, 0.00, 0.00, 51.10, 1.00, 35.50, 1.00, 0.00, 0.00, 29.72, 1.00, 0.00, 0.00, 63.16, 1.00, 2.97, 34.38, 30.42, 69.46, 30.38, 85.53, 20.13, 81.24, 20.03, 70.93, 32.86, 31.96, -999
04/11/16 11, 2.00, 4.74, 3.37, 3.43, 2.47, 5.50, 4.60, 93.91, 1.00, 93.93, 1.00, 0.00, 0.00, 33.62, 1.00, 0.00, 0.00, 0.00, 0.00, 48.19, 1.00, 35.69, 1.00, 0.00, 0.00, 30.52, 1.00, 0.00, 0.00, 0.00, 0.00, 2.98, 36.24, 24.69, 89.11, 24.75, 85.52, 21.16, 81.93, 21.05, 69.36, 39.04, 26.44, -999
04/11/16 12, 2.22, 3.87, 3.86, 3.75, 2.83, 5.50, 4.47, 93.68, 1.00, 93.70, 1.00, 0.00, 0.00, 33.53, 1.00, 0.00, 0.00, 0.00, 0.00, 47.67, 1.00, 35.27, 1.00, 0.00, 0.00, 30.08, 1.00, 0.00, 0.00, 0.00, 0.00, 2.98, 36.36, 23.89, 88.45, 23.95, 85.67, 21.59, 83.10, 21.48, 71.21, 39.24, 25.64, -999
04/11/16 13, 2.44, 3.01, 4.33, 4.09, 3.32, 5.50, 4.79, 93.65, 1.00, 93.67, 1.00, 0.00, 0.00, 32.69, 1.00, 0.00, 0.00, 0.00, 0.00, 47.02, 1.00, 35.15, 1.00, 0.00, 0.00, 30.46, 1.00, 0.00, 0.00, 0.00, 0.00, 2.98, 36.38, 23.20, 89.11, 23.26, 86.14, 21.63, 83.35, 21.52, 70.03, 39.32, 24.93, -999
04/11/16 14, 2.65, 2.18, 4.80, 4.48, 3.79, 5.50, 4.78, 92.97, 1.00, 92.99, 1.00, 0.00, 0.00, 33.95, 1.00, 0.00, 0.00, 0.00, 0.00, 0.00, 0.00, 35.25, 1.00, 0.00, 0.00, 29.75, 1.00, 0.00, 0.00, 0.00, 0.00, 2.98, 36.73, 26.11, 89.98, 26.21, 62.56, 22.21, 83.76, 22.11, 72.90, 39.77, 27.49, -999
04/11/16 15, 3.09, 1.82, 5.28, 2.86, 3.59, 5.16, 3.23, 87.98, 1.00, 87.99, 1.00, 0.00, 0.00, 33.33, 1.00, 0.00, 0.00, 0.00, 0.00, 47.52, 1.00, 0.00, 0.00, 0.00, 0.00, 0.00, 0.00, 0.00, 0.00, 0.00, 0.00, 2.98, 39.35, 21.88, 86.76, 21.94, 83.94, 34.61, 62.54, 34.61, 57.29, 43.59, 23.62, -999
04/11/16 16, 3.57, 1.22, 5.04, 3.10, 2.83, 5.15, 2.75, 90.45, 1.00, 90.47, 1.00, 0.00, 0.00, 0.00, 0.00, 0.00, 0.00, 0.00, 0.00, 48.56, 1.00, 0.00, 0.00, 0.00, 0.00, 33.27, 1.00, 0.00, 0.00, 0.00, 0.00, 2.98, 38.06, 24.34, 72.63, 24.30, 84.38, 30.34, 61.21, 30.21, 68.89, 41.81, 25.70, -999
04/11/16 17, 3.95, 0.71, 4.66, 3.24, 2.00, 5.38, 2.98, 89.03, 1.00, 89.05, 1.00, 0.00, 0.00, 0.00, 0.00, 0.00, 0.00, 0.00, 0.00, 47.91, 1.00, 0.00, 0.00, 0.00, 0.00, 33.29, 1.00, 0.00, 0.00, 0.00, 0.00, 2.98, 38.80, 23.87, 73.00, 23.83, 85.12, 31.19, 60.97, 31.06, 69.67, 42.75, 25.23, -999
04/11/16 18, 4.06, 0.84, 4.31, 3.59, 1.64, 5.50, 3.44, 95.50, 1.00, 95.51, 1.00, 0.00, 0.00, 0.00, 0.00, 0.00, 0.00, 0.00, 0.00, 49.57, 1.00, 36.19, 1.00, 0.00, 0.00, 30.03, 1.00, 0.00, 0.00, 99.41, 1.00, 2.98, 35.39, 27.45, 71.17, 27.41, 85.58, 21.85, 81.73, 21.74, 71.63, 30.10, 29.20, -999
04/11/16 19, 3.88, 1.35, 3.90, 3.78, 2.02, 5.50, 4.00, 96.59, 1.00, 96.61, 1.00, 0.00, 0.00, 0.00, 0.00, 0.00, 0.00, 0.00, 0.00, 49.49, 1.00, 35.23, 1.00, 0.00, 0.00, 30.36, 1.00, 0.00, 0.00, 93.72, 1.00, 2.98, 34.81, 27.61, 70.91, 27.57, 85.89, 21.31, 82.89, 21.20, 70.04, 30.22, 29.32, -999
04/11/16 20, 3.64, 1.81, 3.49, 3.99, 2.58, 5.50, 4.16, 96.68, 1.00, 96.70, 1.00, 0.00, 0.00, 0.00, 0.00, 0.00, 0.00, 0.00, 0.00, 49.93, 1.00, 35.64, 1.00, 0.00, 0.00, 30.94, 1.00, 0.00, 0.00, 90.95, 1.00, 2.98, 34.76, 27.88, 71.55, 27.83, 85.31, 20.93, 81.78, 20.81, 67.73, 30.47, 29.57, -999
04/11/16 21, 3.43, 2.23, 3.13, 3.99, 2.91, 5.50, 3.71, 96.17, 1.00, 96.19, 1.00, 0.00, 0.00, 0.00, 0.00, 0.00, 0.00, 0.00, 0.00, 50.20, 1.00, 36.03, 1.00, 0.00, 0.00, 30.67, 1.00, 0.00, 0.00, 90.02, 1.00, 2.98, 35.03, 28.23, 67.13, 28.19, 85.13, 21.11, 81.27, 21.00, 68.80, 30.82, 29.92, -999
04/11/16 22, 3.25, 2.49, 3.07, 3.89, 3.08, 5.50, 3.64, 97.17, 1.00, 97.19, 1.00, 0.00, 0.00, 35.79, 1.00, 0.00, 0.00, 0.00, 0.00, 49.67, 1.00, 35.51, 1.00, 0.00, 0.00, 30.61, 1.00, 0.00, 0.00, 91.87, 1.00, 2.97, 34.49, 26.92, 87.64, 26.99, 84.96, 20.63, 81.71, 20.52, 68.55, 29.95, 29.05, -999
04/11/16 23, 3.03, 2.55, 3.53, 3.85, 3.35, 5.50, 3.54, 97.46, 1.00, 97.48, 1.00, 0.00, 0.00, 35.86, 1.00, 0.00, 0.00, 0.00, 0.00, 49.70, 1.00, 35.10, 1.00, 0.00, 0.00, 30.27, 1.00, 0.00, 0.00, 89.98, 1.00, 2.97, 34.34, 26.96, 87.57, 27.03, 84.95, 20.58, 82.38, 20.48, 69.59, 29.98, 29.08, -999
05/11/16 00, 2.81, 2.59, 3.97, 3.82, 3.72, 5.50, 3.71, 97.07, 1.00, 97.09, 1.00, 0.00, 0.00, 35.52, 1.00, 0.00, 0.00, 0.00, 0.00, 49.43, 1.00, 34.98, 1.00, 0.00, 0.00, 29.86, 1.00, 0.00, 0.00, 90.75, 1.00, 2.97, 34.55, 27.02, 88.23, 27.09, 85.54, 20.87, 82.88, 20.76, 71.22, 30.04, 29.14, -999
05/11/16 01, 2.67, 2.66, 4.41, 3.96, 3.79, 5.50, 4.21, 95.77, 1.00, 95.78, 1.00, 0.00, 0.00, 33.61, 1.00, 0.00, 0.00, 0.00, 0.00, 48.40, 1.00, 0.00, 0.00, 0.00, 0.00, 30.74, 1.00, 0.00, 0.00, 94.89, 1.00, 2.98, 35.25, 27.24, 91.67, 27.30, 87.70, 27.90, 64.38, 27.78, 75.35, 30.24, 29.34, -999
05/11/16 02, 2.79, 2.80, 4.96, 4.52, 3.32, 5.39, 4.27, 94.49, 1.00, 94.51, 1.00, 0.00, 0.00, 34.33, 1.00, 0.00, 0.00, 0.00, 0.00, 0.00, 0.00, 0.00, 0.00, 0.00, 0.00, 0.00, 0.00, 0.00, 0.00, 87.50, 1.00, 2.98, 35.93, 29.63, 92.87, 29.73, 68.46, 31.12, 63.78, 31.12, 59.50, 32.21, 31.31, -999
05/11/16 03, 3.04, 3.42, 5.30, 3.57, 2.82, 5.08, 2.95, 93.46, 1.00, 93.48, 1.00, 0.00, 0.00, 0.00, 0.00, 0.00, 0.00, 0.00, 0.00, 0.00, 0.00, 0.00, 0.00, 0.00, 0.00, 0.00, 0.00, 0.00, 0.00, 74.67, 1.00, 2.98, 36.47, 32.21, 75.62, 32.21, 67.39, 31.74, 63.20, 31.74, 58.87, 34.52, 33.62, -999
05/11/16 04, 3.26, 4.10, 5.04, 3.01, 2.30, 5.11, 2.78, 94.27, 1.00, 94.29, 1.00, 0.00, 0.00, 0.00, 0.00, 0.00, 0.00, 0.00, 0.00, 48.82, 1.00, 0.00, 0.00, 0.00, 0.00, 32.07, 1.00, 0.00, 0.00, 85.66, 1.00, 2.98, 36.05, 29.94, 76.35, 29.91, 89.51, 28.61, 63.19, 28.49, 71.50, 32.50, 31.60, -999
05/11/16 05, 3.40, 4.48, 4.85, 3.87, 1.89, 5.48, 3.68, 94.27, 1.00, 94.29, 1.00, 0.00, 0.00, 0.00, 0.00, 0.00, 0.00, 0.00, 0.00, 49.55, 1.00, 0.00, 0.00, 0.00, 0.00, 31.97, 1.00, 0.00, 0.00, 83.97, 1.00, 2.98, 36.05, 30.20, 75.34, 30.17, 88.38, 28.70, 62.72, 28.58, 71.96, 32.75, 31.85, -999
05/11/16 06, 3.54, 4.85, 4.60, 4.45, 1.47, 5.48, 4.71, 94.29, 1.00, 94.31, 1.00, 0.00, 0.00, 0.00, 0.00, 0.00, 0.00, 0.00, 0.00, 49.66, 1.00, 37.48, 1.00, 0.00, 0.00, 0.00, 0.00, 0.00, 0.00, 81.97, 1.00, 2.98, 36.03, 30.47, 74.70, 30.43, 88.43, 28.00, 85.49, 28.00, 59.73, 33.01, 32.11, -999
05/11/16 07, 3.69, 5.46, 4.33, 3.69, 2.14, 5.18, 3.35, 93.22, 1.00, 93.24, 1.00, 0.00, 0.00, 0.00, 0.00, 0.00, 0.00, 0.00, 0.00, 0.00, 0.00, 37.53, 1.00, 0.00, 0.00, 0.00, 0.00, 0.00, 0.00, 64.91, 1.00, 2.98, 36.60, 33.38, 73.20, 33.38, 65.65, 28.51, 85.89, 28.51, 58.37, 35.64, 34.74, -999
05/11/16 08, 4.02, 5.42, 4.00, 3.14, 2.78, 5.00, 2.45, 91.21, 1.00, 91.23, 1.00, 0.00, 0.00, 0.00, 0.00, 0.00, 0.00, 0.00, 0.00, 49.78, 1.00, 35.92, 1.00, 0.00, 0.00, 31.34, 1.00, 0.00, 0.00, 0.00, 0.00, 2.98, 37.66, 28.45, 72.93, 28.41, 86.19, 23.09, 83.46, 22.97, 68.53, 41.13, 29.83, -999
05/11/16 09, 4.25, 4.90, 3.67, 3.48, 3.25, 5.25, 2.86, 91.22, 1.00, 91.24, 1.00, 0.00, 0.00, 0.00, 0.00, 0.00, 0.00, 0.00, 0.00, 50.03, 1.00, 36.02, 1.00, 0.00, 0.00, 31.51, 1.00, 0.00, 0.00, 0.00, 0.00, 2.98, 37.66, 27.91, 71.45, 27.87, 85.16, 23.11, 83.30, 22.99, 67.97, 41.19, 29.28, -999
05/11/16 10, 4.47, 4.37, 3.29, 3.55, 3.65, 5.45, 2.99, 91.44, 1.00, 91.46, 1.00, 0.00, 0.00, 0.00, 0.00, 0.00, 0.00, 0.00, 0.00, 49.75, 1.00, 36.18, 1.00, 0.00, 0.00, 31.58, 1.00, 0.00, 0.00, 0.00, 0.00, 2.98, 37.54, 27.40, 69.31, 27.36, 85.18, 23.03, 82.93, 22.92, 67.65, 41.13, 28.77, -999
05/11/16 11, 4.39, 3.75, 3.07, 3.63, 3.92, 5.50, 3.07, 112.89, 1.00, 0.00, 0.00, 0.00, 0.00, 34.05, 1.00, 0.00, 0.00, 0.00, 0.00, 48.09, 1.00, 35.37, 1.00, 0.00, 0.00, 30.98, 1.00, 0.00, 0.00, 0.00, 0.00, 2.99, 25.82, 23.67, 87.37, 23.73, 84.69, 22.32, 83.67, 22.21, 68.99, 38.34, 25.42, -999
05/11/16 12, 4.39, 2.88, 3.52, 3.77, 3.41, 5.50, 3.26, 112.49, 1.00, 0.00, 0.00, 0.00, 0.00, 33.52, 1.00, 0.00, 0.00, 0.00, 0.00, 47.82, 1.00, 0.00, 0.00, 0.00, 0.00, 32.19, 1.00, 0.00, 0.00, 0.00, 0.00, 2.99, 26.05, 22.89, 87.46, 22.95, 84.40, 29.19, 62.03, 29.07, 71.67, 38.63, 24.63, -999
05/11/16 13, 4.42, 2.02, 3.96, 3.85, 2.61, 5.50, 3.68, 112.07, 1.00, 0.00, 0.00, 0.00, 0.00, 33.45, 1.00, 0.00, 0.00, 0.00, 0.00, 47.61, 1.00, 0.00, 0.00, 0.00, 0.00, 32.00, 1.00, 0.00, 0.00, 0.00, 0.00, 2.99, 26.29, 22.06, 86.74, 22.12, 83.95, 29.37, 61.29, 29.25, 72.53, 38.81, 23.80, -999
05/11/16 14, 4.48, 1.16, 4.37, 3.83, 1.81, 5.50, 4.19, 111.57, 1.00, 0.00, 0.00, 0.00, 0.00, 32.51, 1.00, 0.00, 0.00, 0.00, 0.00, 47.09, 1.00, 0.00, 0.00, 0.00, 0.00, 31.76, 1.00, 0.00, 0.00, 0.00, 0.00, 2.99, 26.57, 21.37, 87.56, 21.43, 84.18, 29.61, 61.87, 29.49, 73.62, 39.05, 23.09, -999
05/11/16 15, 4.50, 0.32, 4.80, 3.93, 1.77, 5.50, 4.74, 117.42, 1.00, 0.00, 0.00, 0.00, 0.00, 33.25, 1.00, 0.00, 0.00, 0.00, 0.00, 48.14, 1.00, 35.15, 1.00, 0.00, 0.00, 29.41, 1.00, 0.00, 0.00, 97.43, 1.00, 2.99, 23.24, 24.99, 90.01, 25.05, 85.91, 20.42, 82.12, 20.31, 72.18, 28.00, 27.10, -999
05/11/16 16, 4.10, 0.53, 5.29, 4.25, 2.33, 5.23, 3.61, 116.20, 1.00, 0.00, 0.00, 0.00, 0.00, 33.72, 1.00, 0.00, 0.00, 0.00, 0.00, 48.85, 1.00, 37.19, 1.00, 0.00, 0.00, 0.00, 0.00, 0.00, 0.00, 101.21, 1.00, 2.99, 23.94, 25.25, 89.49, 25.31, 84.85, 26.65, 84.65, 26.65, 56.07, 28.30, 27.40, -999
05/11/16 17, 3.73, 0.96, 4.95, 4.22, 2.83, 5.06, 2.52, 118.06, 1.00, 0.00, 0.00, 0.00, 0.00, 0.00, 0.00, 0.00, 0.00, 0.00, 0.00, 48.88, 1.00, 34.68, 1.00, 0.00, 0.00, 30.63, 1.00, 0.00, 0.00, 84.06, 1.00, 2.99, 22.87, 26.72, 72.63, 26.69, 86.17, 19.73, 82.25, 19.62, 67.56, 29.27, 28.37, -999
05/11/16 18, 3.29, 1.32, 4.57, 4.47, 3.28, 5.26, 2.72, 118.17, 1.00, 0.00, 0.00, 0.00, 0.00, 0.00, 0.00, 0.00, 0.00, 0.00, 0.00, 48.70, 1.00, 34.46, 1.00, 0.00, 0.00, 30.48, 1.00, 0.00, 0.00, 81.31, 1.00, 2.99, 22.81, 26.96, 73.21, 26.92, 86.76, 19.72, 82.60, 19.61, 68.06, 29.49, 28.59, -999
05/11/16 19, 2.93, 1.98, 4.23, 3.30, 3.74, 5.48, 3.02, 118.06, 1.00, 0.00, 0.00, 0.00, 0.00, 0.00, 0.00, 0.00, 0.00, 0.00, 0.00, 0.00, 0.00, 34.57, 1.00, 0.00, 0.00, 30.69, 1.00, 0.00, 0.00, 60.39, 1.00, 2.99, 22.87, 29.53, 71.78, 29.53, 62.60, 19.66, 82.37, 19.55, 67.31, 31.77, 30.87, -999
05/11/16 20, 2.56, 2.33, 3.84, 3.07, 3.82, 5.50, 3.15, 118.43, 1.00, 0.00, 0.00, 0.00, 0.00, 0.00, 0.00, 0.00, 0.00, 0.00, 0.00, 50.38, 1.00, 0.00, 0.00, 0.00, 0.00, 31.43, 1.00, 0.00, 0.00, 75.30, 1.00, 2.99, 22.66, 27.64, 70.02, 27.60, 84.19, 25.99, 62.16, 25.87, 71.13, 30.15, 29.25, -999
05/11/16 21, 2.24, 2.58, 3.41, 2.95, 2.98, 5.50, 3.56, 119.14, 1.00, 0.00, 0.00, 0.00, 0.00, 0.00, 0.00, 0.00, 0.00, 0.00, 0.00, 50.46, 1.00, 0.00, 0.00, 0.00, 0.00, 31.48, 1.00, 0.00, 0.00, 70.65, 1.00, 2.99, 22.24, 27.73, 67.09, 27.69, 84.12, 25.54, 60.03, 25.42, 70.49, 30.21, 29.31, -999
05/11/16 22, 1.91, 2.71, 3.08, 2.83, 1.99, 5.50, 3.79, 120.02, 1.00, 0.00, 0.00, 0.00, 0.00, 36.44, 1.00, 0.00, 0.00, 0.00, 0.00, 50.44, 1.00, 0.00, 0.00, 0.00, 0.00, 31.94, 1.00, 0.00, 0.00, 69.78, 1.00, 2.99, 21.74, 26.84, 86.40, 26.91, 83.39, 24.92, 59.06, 24.80, 68.30, 29.75, 28.85, -999
05/11/16 23, 1.49, 2.49, 3.49, 2.49, 1.57, 5.50, 3.38, 121.28, 1.00, 0.00, 0.00, 0.00, 0.00, 35.53, 1.00, 0.00, 0.00, 0.00, 0.00, 50.05, 1.00, 34.99, 1.00, 0.00, 0.00, 30.07, 1.00, 0.00, 0.00, 63.95, 1.00, 2.99, 21.00, 26.50, 87.69, 26.57, 83.81, 17.57, 79.56, 17.47, 67.24, 29.36, 28.46, -999
06/11/16 00, 1.07, 2.26, 3.93, 2.47, 1.81, 5.50, 3.09, 120.23, 1.00, 0.00, 0.00, 0.00, 0.00, 34.48, 1.00, 0.00, 0.00, 0.00, 0.00, 48.99, 1.00, 34.61, 1.00, 0.00, 0.00, 28.97, 1.00, 0.00, 0.00, 69.12, 1.00, 2.99, 21.62, 26.50, 89.48, 26.56, 85.83, 18.56, 81.19, 18.46, 71.68, 29.36, 28.46, -999
06/11/16 01, 0.95, 2.24, 4.42, 2.93, 2.27, 5.50, 3.81, 97.58, 1.00, 97.60, 1.00, 0.00, 0.00, 33.21, 1.00, 0.00, 0.00, 0.00, 0.00, 48.44, 1.00, 34.44, 1.00, 0.00, 0.00, 28.76, 1.00, 0.00, 0.00, 86.59, 1.00, 2.97, 34.27, 26.71, 91.79, 26.77, 87.07, 20.16, 83.07, 20.06, 73.93, 29.65, 28.75, -999
06/11/16 02, 0.93, 2.29, 4.97, 3.53, 2.88, 5.50, 4.75, 97.43, 1.00, 97.45, 1.00, 0.00, 0.00, 32.69, 1.00, 0.00, 0.00, 0.00, 0.00, 47.99, 1.00, 34.11, 1.00, 0.00, 0.00, 28.48, 1.00, 0.00, 0.00, 86.62, 1.00, 2.97, 34.35, 26.79, 92.70, 26.84, 87.97, 20.34, 83.83, 20.24, 74.95, 29.71, 28.81, -999
06/11/16 03, 1.02, 2.49, 5.20, 4.21, 3.58, 5.30, 4.08, 96.05, 1.00, 96.07, 1.00, 0.00, 0.00, 0.00, 0.00, 0.00, 0.00, 0.00, 0.00, 47.83, 1.00, 35.65, 1.00, 0.00, 0.00, 0.00, 0.00, 0.00, 0.00, 84.82, 1.00, 2.98, 35.10, 28.35, 76.33, 28.31, 89.74, 26.25, 87.04, 26.25, 60.43, 30.89, 29.99, -999
06/11/16 04, 1.31, 3.13, 4.99, 3.98, 3.82, 5.05, 3.08, 93.97, 1.00, 93.99, 1.00, 0.00, 0.00, 0.00, 0.00, 0.00, 0.00, 0.00, 0.00, 0.00, 0.00, 0.00, 0.00, 0.00, 0.00, 0.00, 0.00, 0.00, 0.00, 72.77, 1.00, 2.98, 36.20, 31.74, 76.54, 31.74, 69.43, 30.69, 64.95, 30.69, 60.07, 34.04, 33.14, -999
06/11/16 05, 1.66, 3.88, 4.81, 3.27, 3.48, 4.97, 2.76, 94.24, 1.00, 94.25, 1.00, 0.00, 0.00, 0.00, 0.00, 0.00, 0.00, 0.00, 0.00, 0.00, 0.00, 0.00, 0.00, 0.00, 0.00, 31.71, 1.00, 0.00, 0.00, 67.36, 1.00, 2.98, 36.06, 32.01, 76.09, 32.01, 68.14, 27.92, 64.47, 27.80, 72.10, 34.29, 33.39, -999
06/11/16 06, 1.90, 4.41, 4.61, 3.29, 3.09, 5.38, 3.81, 95.42, 1.00, 95.44, 1.00, 0.00, 0.00, 0.00, 0.00, 0.00, 0.00, 0.00, 0.00, 49.18, 1.00, 0.00, 0.00, 0.00, 0.00, 31.56, 1.00, 0.00, 0.00, 78.02, 1.00, 2.98, 35.43, 29.88, 75.53, 29.84, 88.76, 27.51, 63.84, 27.40, 72.21, 32.39, 31.49, -999
06/11/16 07, 2.08, 4.71, 4.38, 4.01, 2.65, 5.50, 4.99, 94.81, 1.00, 94.83, 1.00, 0.00, 0.00, 0.00, 0.00, 0.00, 0.00, 0.00, 0.00, 49.24, 1.00, 0.00, 0.00, 0.00, 0.00, 0.00, 0.00, 0.00, 0.00, 80.12, 1.00, 2.98, 35.76, 30.27, 74.19, 30.23, 89.03, 30.67, 63.11, 30.67, 60.27, 32.79, 31.89, -999
06/11/16 08, 2.37, 5.13, 4.10, 4.24, 2.15, 5.21, 3.66, 94.06, 1.00, 94.08, 1.00, 0.00, 0.00, 0.00, 0.00, 0.00, 0.00, 0.00, 0.00, 0.00, 0.00, 0.00, 0.00, 0.00, 0.00, 0.00, 0.00, 0.00, 0.00, 63.82, 1.00, 2.98, 36.16, 32.97, 73.08, 32.97, 65.80, 31.23, 62.23, 31.23, 57.94, 35.22, 34.32, -999
06/11/16 09, 2.77, 5.50, 3.77, 2.98, 1.58, 5.02, 2.61, 91.03, 1.00, 91.05, 1.00, 0.00, 0.00, 0.00, 0.00, 0.00, 0.00, 0.00, 0.00, 50.17, 1.00, 0.00, 0.00, 0.00, 0.00, 32.94, 1.00, 0.00, 0.00, 0.00, 0.00, 2.98, 37.76, 28.50, 72.67, 28.46, 85.48, 29.78, 60.81, 29.65, 69.53, 41.28, 29.88, -999
06/11/16 10, 3.05, 4.97, 3.45, 3.20, 1.74, 5.27, 2.99, 92.66, 1.00, 92.68, 1.00, 0.00, 0.00, 0.00, 0.00, 0.00, 0.00, 0.00, 0.00, 50.12, 1.00, 36.20, 1.00, 0.00, 0.00, 31.23, 1.00, 0.00, 0.00, 0.00, 0.00, 2.98, 36.90, 27.97, 70.52, 27.93, 85.04, 21.91, 81.79, 21.80, 67.73, 40.04, 29.35, -999
06/11/16 11, 3.26, 4.44, 3.04, 3.29, 2.12, 5.45, 3.05, 92.88, 1.00, 92.90, 1.00, 0.00, 0.00, 0.00, 0.00, 0.00, 0.00, 0.00, 0.00, 49.84, 1.00, 36.17, 1.00, 0.00, 0.00, 31.25, 1.00, 0.00, 0.00, 0.00, 0.00, 2.98, 36.78, 27.46, 70.18, 27.42, 85.06, 21.90, 81.81, 21.78, 67.63, 39.98, 28.84, -999
06/11/16 12, 3.46, 3.60, 3.39, 3.36, 2.46, 5.50, 3.16, 92.68, 1.00, 92.70, 1.00, 0.00, 0.00, 35.08, 1.00, 0.00, 0.00, 0.00, 0.00, 48.40, 1.00, 36.28, 1.00, 0.00, 0.00, 30.72, 1.00, 0.00, 0.00, 0.00, 0.00, 2.98, 36.89, 23.35, 85.31, 23.42, 83.81, 22.19, 81.90, 22.08, 69.74, 40.15, 25.13, -999
06/11/16 13, 3.65, 2.71, 3.76, 3.33, 2.75, 5.50, 3.40, 92.58, 1.00, 92.60, 1.00, 0.00, 0.00, 33.88, 1.00, 0.00, 0.00, 0.00, 0.00, 48.23, 1.00, 36.02, 1.00, 0.00, 0.00, 31.08, 1.00, 0.00, 0.00, 0.00, 0.00, 2.98, 36.94, 22.63, 86.62, 22.69, 83.40, 22.29, 82.48, 22.18, 68.61, 40.26, 24.39, -999
06/11/16 14, 3.83, 1.84, 4.17, 3.20, 3.11, 5.50, 3.32, 92.05, 1.00, 92.06, 1.00, 0.00, 0.00, 33.35, 1.00, 0.00, 0.00, 0.00, 0.00, 47.78, 1.00, 35.92, 1.00, 0.00, 0.00, 30.82, 1.00, 0.00, 0.00, 0.00, 0.00, 2.98, 37.22, 21.88, 86.73, 21.94, 83.46, 22.73, 83.09, 22.62, 69.92, 40.62, 23.62, -999
06/11/16 15, 4.03, 0.99, 4.57, 3.20, 3.50, 5.50, 3.55, 92.39, 1.00, 92.41, 1.00, 0.00, 0.00, 33.10, 1.00, 0.00, 0.00, 0.00, 0.00, 47.60, 1.00, 36.00, 1.00, 0.00, 0.00, 31.07, 1.00, 0.00, 0.00, 0.00, 0.00, 2.98, 37.04, 21.07, 86.32, 21.13, 82.97, 22.56, 82.78, 22.45, 68.93, 40.49, 22.80, -999
06/11/16 16, 4.08, 0.41, 4.96, 3.10, 3.80, 5.50, 3.50, 96.77, 1.00, 96.79, 1.00, 0.00, 0.00, 35.34, 1.00, 0.00, 0.00, 0.00, 0.00, 49.37, 1.00, 35.63, 1.00, 0.00, 0.00, 30.79, 1.00, 0.00, 0.00, 106.35, 1.00, 2.98, 34.71, 25.19, 86.71, 25.26, 83.81, 21.03, 81.91, 20.92, 68.33, 28.31, 27.41, -999
06/11/16 17, 3.80, 0.63, 5.32, 2.99, 3.99, 5.50, 3.36, 96.33, 1.00, 96.35, 1.00, 0.00, 0.00, 0.00, 0.00, 0.00, 0.00, 0.00, 0.00, 50.31, 1.00, 35.37, 1.00, 0.00, 0.00, 30.76, 1.00, 0.00, 0.00, 98.03, 1.00, 2.98, 34.94, 27.09, 71.17, 27.05, 83.77, 21.30, 82.63, 21.19, 68.69, 29.73, 28.83, -999
06/11/16 18, 3.69, 1.14, 4.88, 2.77, 3.42, 5.50, 3.45, 96.44, 1.00, 96.46, 1.00, 0.00, 0.00, 0.00, 0.00, 0.00, 0.00, 0.00, 0.00, 50.48, 1.00, 0.00, 0.00, 0.00, 0.00, 32.49, 1.00, 0.00, 0.00, 96.25, 1.00, 2.98, 34.88, 27.48, 69.67, 27.44, 83.84, 28.02, 61.34, 27.90, 69.44, 30.12, 29.22, -999
06/11/16 19, 3.57, 1.62, 4.40, 2.61, 2.53, 5.50, 3.40, 96.42, 1.00, 96.43, 1.00, 0.00, 0.00, 0.00, 0.00, 0.00, 0.00, 0.00, 0.00, 50.57, 1.00, 0.00, 0.00, 0.00, 0.00, 32.38, 1.00, 0.00, 0.00, 93.85, 1.00, 2.98, 34.90, 27.81, 70.57, 27.76, 83.98, 28.00, 60.46, 27.87, 69.80, 30.43, 29.53, -999
06/11/16 20, 3.46, 2.06, 3.96, 2.53, 1.64, 5.50, 3.45, 96.08, 1.00, 96.10, 1.00, 0.00, 0.00, 0.00, 0.00, 0.00, 0.00, 0.00, 0.00, 50.18, 1.00, 0.00, 0.00, 0.00, 0.00, 32.22, 1.00, 0.00, 0.00, 92.15, 1.00, 2.98, 35.08, 28.18, 69.93, 28.14, 85.13, 28.10, 58.81, 27.98, 70.48, 30.79, 29.89, -999
06/11/16 21, 3.28, 2.48, 3.52, 2.77, 1.67, 5.50, 3.50, 96.91, 1.00, 96.93, 1.00, 0.00, 0.00, 0.00, 0.00, 0.00, 0.00, 0.00, 0.00, 50.63, 1.00, 35.98, 1.00, 0.00, 0.00, 30.72, 1.00, 0.00, 0.00, 86.47, 1.00, 2.98, 34.63, 28.26, 69.85, 28.22, 84.32, 20.64, 80.90, 20.53, 68.18, 30.83, 29.93, -999
06/11/16 22, 3.08, 2.84, 3.09, 2.74, 1.97, 5.50, 3.34, 96.40, 1.00, 96.41, 1.00, 0.00, 0.00, 0.00, 0.00, 0.00, 0.00, 0.00, 0.00, 50.56, 1.00, 35.87, 1.00, 0.00, 0.00, 30.96, 1.00, 0.00, 0.00, 85.70, 1.00, 2.98, 34.91, 28.59, 70.37, 28.55, 84.79, 20.82, 81.28, 20.71, 67.56, 31.16, 30.26, -999
06/11/16 23, 2.92, 2.97, 3.36, 2.82, 2.29, 5.50, 3.04, 96.65, 1.00, 96.67, 1.00, 0.00, 0.00, 35.06, 1.00, 0.00, 0.00, 0.00, 0.00, 49.84, 1.00, 35.31, 1.00, 0.00, 0.00, 30.50, 1.00, 0.00, 0.00, 90.02, 1.00, 2.98, 34.77, 27.39, 89.39, 27.46, 85.10, 20.89, 82.33, 20.78, 69.17, 30.40, 29.50, -999
07/11/16 00, 2.77, 3.02, 3.86, 3.03, 2.75, 5.50, 3.21, 96.70, 1.00, 96.72, 1.00, 0.00, 0.00, 35.10, 1.00, 0.00, 0.00, 0.00, 0.00, 49.58, 1.00, 35.04, 1.00, 0.00, 0.00, 29.99, 1.00, 0.00, 0.00, 89.18, 1.00, 2.98, 34.75, 27.44, 89.37, 27.51, 85.66, 21.00, 82.91, 20.90, 70.92, 30.44, 29.54, -999
07/11/16 01, 2.63, 3.06, 4.35, 3.33, 3.25, 5.50, 3.70, 96.46, 1.00, 96.47, 1.00, 0.00, 0.00, 34.63, 1.00, 0.00, 0.00, 0.00, 0.00, 49.45, 1.00, 34.93, 1.00, 0.00, 0.00, 30.13, 1.00, 0.00, 0.00, 89.41, 1.00, 2.98, 34.88, 27.50, 90.24, 27.57, 85.98, 21.06, 83.15, 20.95, 70.51, 30.49, 29.59, -999
07/11/16 02, 2.52, 3.12, 4.85, 3.64, 3.73, 5.50, 4.02, 95.76, 1.00, 95.77, 1.00, 0.00, 0.00, 34.00, 1.00, 0.00, 0.00, 0.00, 0.00, 48.66, 1.00, 34.69, 1.00, 0.00, 0.00, 29.31, 1.00, 0.00, 0.00, 91.14, 1.00, 2.98, 35.25, 27.61, 91.40, 27.68, 87.58, 21.58, 84.07, 21.47, 73.67, 30.60, 29.70, -999
07/11/16 03, 2.52, 3.25, 5.26, 4.21, 3.99, 5.50, 4.89, 94.62, 1.00, 94.64, 1.00, 0.00, 0.00, 0.00, 0.00, 0.00, 0.00, 0.00, 0.00, 48.65, 1.00, 0.00, 0.00, 0.00, 0.00, 0.00, 0.00, 0.00, 0.00, 89.05, 1.00, 2.98, 35.86, 29.29, 75.66, 29.25, 89.16, 30.92, 64.57, 30.92, 60.51, 31.86, 30.96, -999
07/11/16 04, 2.81, 3.88, 5.00, 3.95, 3.51, 5.23, 3.64, 93.01, 1.00, 93.03, 1.00, 0.00, 0.00, 0.00, 0.00, 0.00, 0.00, 0.00, 0.00, 0.00, 0.00, 0.00, 0.00, 0.00, 0.00, 0.00, 0.00, 0.00, 0.00, 73.62, 1.00, 2.98, 36.71, 32.57, 76.21, 32.57, 68.58, 31.82, 63.73, 31.82, 60.45, 34.88, 33.98, -999
07/11/16 05, 3.15, 4.66, 4.80, 3.10, 2.96, 4.99, 2.78, 93.41, 1.00, 93.43, 1.00, 0.00, 0.00, 0.00, 0.00, 0.00, 0.00, 0.00, 0.00, 0.00, 0.00, 0.00, 0.00, 0.00, 0.00, 0.00, 0.00, 0.00, 0.00, 69.13, 1.00, 2.98, 36.50, 32.94, 74.55, 32.94, 65.62, 31.85, 64.34, 31.85, 59.99, 35.22, 34.32, -999
07/11/16 06, 3.33, 5.08, 4.51, 3.23, 2.69, 5.08, 3.03, 94.24, 1.00, 94.26, 1.00, 0.00, 0.00, 0.00, 0.00, 0.00, 0.00, 0.00, 0.00, 50.11, 1.00, 0.00, 0.00, 0.00, 0.00, 32.40, 1.00, 0.00, 0.00, 80.69, 1.00, 2.98, 36.06, 30.62, 74.92, 30.58, 87.70, 28.61, 63.11, 28.49, 70.32, 33.16, 32.26, -999
07/11/16 07, 3.47, 5.41, 4.25, 3.76, 2.18, 5.40, 3.63, 94.42, 1.00, 94.44, 1.00, 0.00, 0.00, 0.00, 0.00, 0.00, 0.00, 0.00, 0.00, 50.86, 1.00, 0.00, 0.00, 0.00, 0.00, 32.46, 1.00, 0.00, 0.00, 78.67, 1.00, 2.98, 35.96, 30.82, 73.49, 30.78, 86.41, 28.61, 61.05, 28.49, 70.13, 33.35, 32.45, -999
07/11/16 08, 3.78, 5.15, 3.94, 3.92, 1.55, 5.50, 4.28, 90.95, 1.00, 90.96, 1.00, 0.00, 0.00, 0.00, 0.00, 0.00, 0.00, 0.00, 0.00, 49.74, 1.00, 36.22, 1.00, 0.00, 0.00, 30.48, 1.00, 0.00, 0.00, 0.00, 0.00, 2.98, 37.80, 28.18, 71.59, 28.14, 85.99, 23.27, 83.08, 23.16, 71.61, 41.22, 29.56, -999
07/11/16 09, 4.04, 4.63, 3.56, 4.10, 2.08, 5.50, 4.67, 92.71, 1.00, 92.73, 1.00, 0.00, 0.00, 0.00, 0.00, 0.00, 0.00, 0.00, 0.00, 50.03, 1.00, 36.55, 1.00, 0.00, 0.00, 31.16, 1.00, 0.00, 0.00, 0.00, 0.00, 2.98, 36.87, 27.64, 71.13, 27.60, 84.87, 22.25, 81.48, 22.13, 68.30, 40.31, 29.01, -999
07/11/16 10, 4.19, 4.10, 3.18, 3.92, 2.34, 5.50, 4.22, 91.11, 1.00, 91.13, 1.00, 0.00, 0.00, 0.00, 0.00, 0.00, 0.00, 0.00, 0.00, 49.11, 1.00, 36.49, 1.00, 0.00, 0.00, 30.31, 1.00, 0.00, 0.00, 0.00, 0.00, 2.98, 37.71, 27.17, 70.11, 27.13, 86.19, 23.33, 82.67, 23.22, 72.22, 41.24, 28.54, -999
07/11/16 11, 4.41, 3.40, 3.19, 4.18, 2.72, 5.50, 4.73, 91.58, 1.00, 91.60, 1.00, 0.00, 0.00, 33.49, 1.00, 0.00, 0.00, 0.00, 0.00, 47.74, 1.00, 35.85, 1.00, 0.00, 0.00, 30.53, 1.00, 0.00, 0.00, 0.00, 0.00, 2.98, 37.47, 23.42, 88.03, 23.48, 85.07, 23.30, 83.79, 23.19, 71.46, 41.05, 25.16, -999
07/11/16 12, 4.53, 2.54, 3.66, 4.33, 3.29, 5.20, 3.36, 112.19, 1.00, 0.00, 0.00, 0.00, 0.00, 33.81, 1.00, 0.00, 0.00, 0.00, 0.00, 46.84, 1.00, 37.34, 1.00, 0.00, 0.00, 0.00, 0.00, 0.00, 0.00, 0.00, 0.00, 2.99, 26.22, 22.62, 86.73, 22.69, 85.90, 28.66, 86.39, 28.66, 58.18, 38.78, 24.36, -999
07/11/16 13, 4.50, 1.93, 4.10, 3.90, 3.86, 5.10, 2.71, 112.75, 1.00, 0.00, 0.00, 0.00, 0.00, 33.96, 1.00, 0.00, 0.00, 0.00, 0.00, 0.00, 0.00, 35.56, 1.00, 0.00, 0.00, 31.40, 1.00, 0.00, 0.00, 0.00, 0.00, 2.99, 25.90, 25.86, 89.71, 25.96, 53.94, 22.27, 83.27, 22.15, 67.50, 38.43, 27.24, -999
07/11/16 14, 4.47, 1.27, 4.57, 2.63, 3.52, 5.30, 2.81, 112.48, 1.00, 0.00, 0.00, 0.00, 0.00, 33.97, 1.00, 0.00, 0.00, 0.00, 0.00, 47.24, 1.00, 0.00, 0.00, 0.00, 0.00, 32.94, 1.00, 0.00, 0.00, 0.00, 0.00, 2.99, 26.06, 21.29, 85.13, 21.35, 83.85, 29.13, 62.20, 29.00, 68.89, 38.66, 23.03, -999
07/11/16 15, 4.48, 0.41, 4.89, 2.89, 2.73, 5.50, 3.09, 116.11, 1.00, 0.00, 0.00, 0.00, 0.00, 33.36, 1.00, 0.00, 0.00, 0.00, 0.00, 49.12, 1.00, 0.00, 0.00, 0.00, 0.00, 31.60, 1.00, 0.00, 0.00, 102.55, 1.00, 2.99, 23.99, 25.18, 90.01, 25.23, 84.27, 27.55, 62.09, 27.44, 72.12, 28.23, 27.33, -999
07/11/16 16, 4.11, 0.66, 5.25, 3.00, 2.03, 5.50, 3.66, 116.31, 1.00, 0.00, 0.00, 0.00, 0.00, 0.00, 0.00, 0.00, 0.00, 0.00, 0.00, 49.26, 1.00, 0.00, 0.00, 0.00, 0.00, 31.31, 1.00, 0.00, 0.00, 92.51, 1.00, 2.99, 23.87, 26.85, 72.61, 26.82, 85.58, 27.43, 61.39, 27.31, 72.98, 29.46, 28.56, -999
07/11/16 17, 3.74, 1.09, 4.86, 3.32, 1.60, 5.50, 4.25, 118.29, 1.00, 0.00, 0.00, 0.00, 0.00, 0.00, 0.00, 0.00, 0.00, 0.00, 0.00, 49.65, 1.00, 35.20, 1.00, 0.00, 0.00, 29.12, 1.00, 0.00, 0.00, 82.85, 1.00, 2.99, 22.73, 26.75, 73.89, 26.71, 84.73, 19.84, 81.46, 19.74, 72.51, 29.29, 28.39, -999
07/11/16 18, 3.30, 1.43, 4.54, 3.38, 2.06, 5.45, 4.57, 117.81, 1.00, 0.00, 0.00, 0.00, 0.00, 0.00, 0.00, 0.00, 0.00, 0.00, 0.00, 49.42, 1.00, 37.03, 1.00, 0.00, 0.00, 0.00, 0.00, 0.00, 0.00, 83.04, 1.00, 2.99, 23.01, 27.12, 72.36, 27.08, 85.54, 25.66, 83.95, 25.66, 57.88, 29.66, 28.76, -999
07/11/16 19, 2.94, 1.78, 4.16, 3.61, 2.56, 5.07, 2.82, 117.14, 1.00, 0.00, 0.00, 0.00, 0.00, 0.00, 0.00, 0.00, 0.00, 0.00, 0.00, 49.78, 1.00, 37.45, 1.00, 0.00, 0.00, 0.00, 0.00, 0.00, 0.00, 83.03, 1.00, 2.99, 23.40, 27.44, 71.43, 27.40, 85.16, 25.90, 83.41, 25.90, 53.63, 29.99, 29.09, -999
07/11/16 20, 2.57, 2.08, 3.77, 3.68, 2.85, 5.01, 2.08, 119.98, 1.00, 0.00, 0.00, 0.00, 0.00, 0.00, 0.00, 0.00, 0.00, 0.00, 0.00, 49.77, 1.00, 34.43, 1.00, 0.00, 0.00, 30.77, 1.00, 0.00, 0.00, 69.52, 1.00, 2.99, 21.76, 27.22, 70.80, 27.18, 84.97, 18.45, 81.41, 18.34, 65.81, 29.68, 28.78, -999
07/11/16 21, 2.13, 2.27, 3.36, 3.68, 3.22, 5.02, 1.72, 121.03, 1.00, 0.00, 0.00, 0.00, 0.00, 0.00, 0.00, 0.00, 0.00, 0.00, 0.00, 49.94, 1.00, 34.30, 1.00, 0.00, 0.00, 30.64, 1.00, 0.00, 0.00, 63.20, 1.00, 2.99, 21.15, 27.24, 67.34, 27.20, 84.66, 17.81, 80.98, 17.70, 65.63, 29.68, 28.78, -999
07/11/16 22, 1.67, 2.30, 3.11, 3.58, 3.51, 5.01, 1.39, 121.44, 1.00, 0.00, 0.00, 0.00, 0.00, 36.18, 1.00, 0.00, 0.00, 0.00, 0.00, 49.72, 1.00, 34.30, 1.00, 0.00, 0.00, 30.52, 1.00, 0.00, 0.00, 64.91, 1.00, 2.99, 20.91, 26.32, 86.37, 26.40, 84.27, 17.55, 80.72, 17.44, 65.76, 29.20, 28.30, -999
07/11/16 23, 1.23, 2.08, 3.52, 3.42, 3.72, 5.07, 1.27, 121.37, 1.00, 0.00, 0.00, 0.00, 0.00, 35.77, 1.00, 0.00, 0.00, 0.00, 0.00, 49.83, 1.00, 34.09, 1.00, 0.00, 0.00, 30.54, 1.00, 0.00, 0.00, 66.28, 1.00, 2.99, 20.95, 26.15, 86.91, 26.22, 83.90, 17.60, 81.13, 17.49, 65.75, 29.03, 28.13, -999
08/11/16 00, 0.94, 1.95, 3.94, 3.17, 3.99, 5.13, 1.17, 98.69, 1.00, 98.71, 1.00, 0.00, 0.00, 34.94, 1.00, 0.00, 0.00, 0.00, 0.00, 49.50, 1.00, 34.01, 1.00, 0.00, 0.00, 30.91, 1.00, 0.00, 0.00, 84.60, 1.00, 2.97, 33.67, 26.36, 88.55, 26.42, 84.73, 19.24, 82.89, 19.12, 66.12, 29.32, 28.42, -999
08/11/16 01, 0.95, 1.97, 4.40, 3.28, 3.37, 5.27, 1.27, 98.11, 1.00, 98.13, 1.00, 0.00, 0.00, 33.16, 1.00, 0.00, 0.00, 0.00, 0.00, 48.80, 1.00, 0.00, 0.00, 0.00, 0.00, 32.28, 1.00, 0.00, 0.00, 87.28, 1.00, 2.97, 33.99, 26.44, 91.60, 26.50, 86.15, 25.83, 63.34, 25.71, 68.00, 29.39, 28.49, -999
08/11/16 02, 1.00, 2.03, 4.94, 3.68, 2.78, 5.48, 1.66, 97.69, 1.00, 97.71, 1.00, 0.00, 0.00, 33.09, 1.00, 0.00, 0.00, 0.00, 0.00, 47.84, 1.00, 0.00, 0.00, 0.00, 0.00, 31.80, 1.00, 0.00, 0.00, 88.43, 1.00, 2.97, 34.21, 26.54, 91.81, 26.60, 88.01, 26.08, 63.13, 25.96, 69.94, 29.48, 28.58, -999
08/11/16 03, 1.09, 2.19, 5.27, 4.36, 2.25, 5.50, 2.75, 96.64, 1.00, 96.66, 1.00, 0.00, 0.00, 0.00, 0.00, 0.00, 0.00, 0.00, 0.00, 48.04, 1.00, 0.00, 0.00, 0.00, 0.00, 30.17, 1.00, 0.00, 0.00, 84.88, 1.00, 2.98, 34.78, 28.04, 76.35, 28.00, 89.04, 26.78, 62.95, 26.67, 76.13, 30.58, 29.68, -999
08/11/16 04, 1.29, 2.83, 5.06, 3.84, 1.80, 5.50, 4.01, 95.06, 1.00, 95.07, 1.00, 0.00, 0.00, 0.00, 0.00, 0.00, 0.00, 0.00, 0.00, 0.00, 0.00, 0.00, 0.00, 0.00, 0.00, 29.75, 1.00, 0.00, 0.00, 69.64, 1.00, 2.98, 35.63, 31.16, 76.54, 31.16, 69.03, 27.65, 62.81, 27.55, 78.36, 33.45, 32.55, -999
08/11/16 05, 1.60, 3.58, 4.87, 3.09, 1.42, 5.41, 4.38, 95.02, 1.00, 95.04, 1.00, 0.00, 0.00, 0.00, 0.00, 0.00, 0.00, 0.00, 0.00, 0.00, 0.00, 36.83, 1.00, 0.00, 0.00, 0.00, 0.00, 0.00, 0.00, 66.12, 1.00, 2.98, 35.64, 31.61, 76.23, 31.61, 67.77, 26.82, 85.50, 26.82, 60.06, 33.88, 32.98, -999
08/11/16 06, 1.76, 3.95, 4.68, 3.72, 2.15, 5.13, 3.18, 96.23, 1.00, 96.25, 1.00, 0.00, 0.00, 0.00, 0.00, 0.00, 0.00, 0.00, 0.00, 48.98, 1.00, 36.37, 1.00, 0.00, 0.00, 0.00, 0.00, 0.00, 0.00, 77.41, 1.00, 2.98, 35.00, 29.41, 73.48, 29.37, 88.67, 26.45, 85.95, 26.45, 59.45, 31.92, 31.02, -999
08/11/16 07, 1.84, 4.25, 4.34, 4.39, 2.86, 5.07, 2.79, 96.70, 1.00, 96.72, 1.00, 0.00, 0.00, 0.00, 0.00, 0.00, 0.00, 0.00, 0.00, 48.84, 1.00, 35.12, 1.00, 0.00, 0.00, 30.58, 1.00, 0.00, 0.00, 73.53, 1.00, 2.98, 34.75, 29.56, 71.58, 29.52, 89.08, 20.34, 82.09, 20.22, 68.33, 32.04, 31.14, -999
08/11/16 08, 1.87, 4.77, 3.95, 3.81, 3.25, 5.31, 3.15, 97.43, 1.00, 97.45, 1.00, 0.00, 0.00, 0.00, 0.00, 0.00, 0.00, 0.00, 0.00, 0.00, 0.00, 34.85, 1.00, 0.00, 0.00, 30.39, 1.00, 0.00, 0.00, 52.32, 1.00, 2.97, 34.35, 31.73, 71.54, 31.73, 65.14, 20.07, 82.30, 19.96, 68.70, 33.93, 33.03, -999
08/11/16 09, 1.79, 5.17, 3.56, 3.16, 3.64, 5.50, 3.60, 96.92, 1.00, 96.94, 1.00, 0.00, 0.00, 0.00, 0.00, 0.00, 0.00, 0.00, 0.00, 50.76, 1.00, 34.94, 1.00, 0.00, 0.00, 30.47, 1.00, 0.00, 0.00, 66.93, 1.00, 2.98, 34.63, 30.20, 71.52, 30.16, 86.00, 20.26, 82.34, 20.16, 68.64, 32.66, 31.76, -999
08/11/16 10, 1.77, 5.33, 3.20, 3.38, 3.98, 5.50, 3.54, 96.93, 1.00, 96.95, 1.00, 0.00, 0.00, 0.00, 0.00, 0.00, 0.00, 0.00, 0.00, 50.73, 1.00, 34.26, 1.00, 0.00, 0.00, 30.64, 1.00, 0.00, 0.00, 65.62, 1.00, 2.98, 34.62, 30.33, 70.07, 30.29, 86.19, 20.36, 83.60, 20.25, 68.18, 32.79, 31.89, -999
08/11/16 11, 1.87, 5.33, 3.25, 3.60, 3.42, 5.50, 3.51, 96.91, 1.00, 96.93, 1.00, 0.00, 0.00, 35.71, 1.00, 0.00, 0.00, 0.00, 0.00, 50.75, 1.00, 0.00, 0.00, 0.00, 0.00, 31.69, 1.00, 0.00, 0.00, 70.66, 1.00, 2.98, 34.63, 29.50, 90.37, 29.56, 85.42, 26.89, 61.76, 26.77, 71.13, 32.41, 31.51, -999
08/11/16 12, 1.95, 5.17, 3.78, 3.62, 2.58, 5.50, 3.84, 95.74, 1.00, 95.76, 1.00, 0.00, 0.00, 35.39, 1.00, 0.00, 0.00, 0.00, 0.00, 50.96, 1.00, 0.00, 0.00, 0.00, 0.00, 31.22, 1.00, 0.00, 0.00, 76.48, 1.00, 2.98, 35.26, 29.46, 90.89, 29.53, 84.97, 27.46, 62.83, 27.34, 73.32, 32.40, 31.50, -999
08/11/16 13, 2.10, 5.07, 4.31, 3.47, 2.04, 5.50, 4.51, 96.65, 1.00, 96.67, 1.00, 0.00, 0.00, 34.88, 1.00, 0.00, 0.00, 0.00, 0.00, 50.28, 1.00, 0.00, 0.00, 0.00, 0.00, 31.39, 1.00, 0.00, 0.00, 73.82, 1.00, 2.98, 34.77, 29.35, 91.65, 29.42, 86.20, 27.16, 62.88, 27.05, 72.45, 32.26, 31.36, -999
08/11/16 14, 2.21, 4.97, 4.84, 3.73, 1.62, 5.40, 4.35, 95.99, 1.00, 96.01, 1.00, 0.00, 0.00, 35.14, 1.00, 0.00, 0.00, 0.00, 0.00, 50.71, 1.00, 0.00, 0.00, 0.00, 0.00, 0.00, 0.00, 0.00, 0.00, 78.92, 1.00, 2.98, 35.13, 29.31, 91.16, 29.37, 85.30, 30.29, 61.06, 30.29, 56.74, 32.26, 31.36, -999
08/11/16 15, 2.28, 4.90, 5.26, 3.69, 1.93, 5.01, 2.50, 96.17, 1.00, 96.19, 1.00, 0.00, 0.00, 0.00, 0.00, 0.00, 0.00, 0.00, 0.00, 50.14, 1.00, 35.66, 1.00, 0.00, 0.00, 30.89, 1.00, 0.00, 0.00, 72.44, 1.00, 2.98, 35.03, 30.12, 72.65, 30.07, 87.15, 20.57, 81.40, 20.46, 67.54, 32.60, 31.70, -999
08/11/16 16, 2.26, 5.13, 4.87, 4.07, 2.30, 5.20, 2.68, 96.44, 1.00, 96.46, 1.00, 0.00, 0.00, 0.00, 0.00, 0.00, 0.00, 0.00, 0.00, 50.84, 1.00, 35.15, 1.00, 0.00, 0.00, 30.82, 1.00, 0.00, 0.00, 70.15, 1.00, 2.98, 34.88, 30.25, 74.26, 30.20, 85.89, 20.59, 82.31, 20.48, 67.80, 32.73, 31.83, -999
08/11/16 17, 2.22, 5.33, 4.57, 4.08, 2.77, 5.41, 2.88, 96.57, 1.00, 96.59, 1.00, 0.00, 0.00, 0.00, 0.00, 0.00, 0.00, 0.00, 0.00, 50.62, 1.00, 35.02, 1.00, 0.00, 0.00, 30.68, 1.00, 0.00, 0.00, 68.20, 1.00, 2.98, 34.81, 30.40, 71.34, 30.36, 86.47, 20.57, 82.51, 20.46, 68.22, 32.87, 31.97, -999
08/11/16 18, 2.19, 5.48, 4.16, 4.24, 3.22, 5.50, 3.30, 93.32, 1.00, 93.33, 1.00, 0.00, 0.00, 0.00, 0.00, 0.00, 0.00, 0.00, 0.00, 49.68, 1.00, 35.28, 1.00, 0.00, 0.00, 30.20, 1.00, 0.00, 0.00, 0.00, 0.00, 2.98, 36.55, 28.51, 72.92, 28.47, 86.43, 21.72, 83.21, 21.62, 70.97, 39.44, 29.89, -999
08/11/16 19, 2.43, 4.95, 3.81, 4.47, 3.68, 5.50, 3.77, 93.33, 1.00, 93.35, 1.00, 0.00, 0.00, 0.00, 0.00, 0.00, 0.00, 0.00, 0.00, 49.31, 1.00, 35.37, 1.00, 0.00, 0.00, 30.42, 1.00, 0.00, 0.00, 0.00, 0.00, 2.98, 36.54, 28.01, 71.23, 27.97, 86.65, 21.74, 83.08, 21.63, 70.28, 39.50, 29.38, -999
08/11/16 20, 2.68, 4.82, 3.43, 3.47, 3.87, 5.50, 4.04, 92.67, 1.00, 92.68, 1.00, 0.00, 0.00, 0.00, 0.00, 0.00, 0.00, 0.00, 0.00, 0.00, 0.00, 0.00, 0.00, 0.00, 0.00, 32.29, 1.00, 0.00, 0.00, 0.00, 0.00, 2.98, 36.90, 29.82, 69.03, 29.82, 58.75, 29.05, 62.98, 28.93, 71.19, 40.28, 31.01, -999
08/11/16 21, 3.00, 4.42, 2.97, 2.89, 3.14, 5.50, 4.24, 93.24, 1.00, 93.26, 1.00, 0.00, 0.00, 36.00, 1.00, 0.00, 0.00, 0.00, 0.00, 49.10, 1.00, 0.00, 0.00, 0.00, 0.00, 32.64, 1.00, 0.00, 0.00, 0.00, 0.00, 2.98, 36.59, 24.00, 85.03, 24.07, 83.14, 28.86, 61.64, 28.74, 69.72, 40.03, 25.79, -999
08/11/16 22, 3.28, 3.52, 3.35, 2.68, 2.32, 5.50, 4.07, 91.61, 1.00, 91.63, 1.00, 0.00, 0.00, 34.76, 1.00, 0.00, 0.00, 0.00, 0.00, 49.06, 1.00, 0.00, 0.00, 0.00, 0.00, 32.69, 1.00, 0.00, 0.00, 0.00, 0.00, 2.98, 37.45, 23.24, 85.76, 23.31, 82.46, 29.75, 60.90, 29.63, 70.45, 41.06, 25.02, -999
08/11/16 23, 3.62, 2.63, 3.74, 2.28, 1.52, 5.50, 4.09, 92.22, 1.00, 92.24, 1.00, 0.00, 0.00, 33.69, 1.00, 0.00, 0.00, 0.00, 0.00, 48.28, 1.00, 0.00, 0.00, 0.00, 0.00, 32.79, 1.00, 0.00, 0.00, 0.00, 0.00, 2.98, 37.13, 22.57, 86.87, 22.63, 83.25, 29.60, 59.56, 29.47, 69.92, 40.78, 24.32, -999
09/11/16 00, 3.80, 1.77, 4.15, 2.39, 1.53, 5.50, 3.86, 91.05, 1.00, 91.07, 1.00, 0.00, 0.00, 32.92, 1.00, 0.00, 0.00, 0.00, 0.00, 47.93, 1.00, 36.33, 1.00, 0.00, 0.00, 30.81, 1.00, 0.00, 0.00, 0.00, 0.00, 2.98, 37.75, 21.83, 87.37, 21.89, 83.13, 23.11, 82.75, 23.00, 70.35, 41.16, 23.57, -999
09/11/16 01, 4.05, 0.91, 4.58, 2.49, 2.02, 5.50, 4.07, 90.05, 1.00, 90.07, 1.00, 0.00, 0.00, 31.91, 1.00, 0.00, 0.00, 0.00, 0.00, 47.18, 1.00, 35.46, 1.00, 0.00, 0.00, 29.54, 1.00, 0.00, 0.00, 0.00, 0.00, 2.98, 38.27, 21.18, 88.30, 21.23, 83.83, 24.26, 85.44, 24.16, 75.61, 41.83, 22.89, -999
09/11/16 02, 4.14, 0.65, 5.05, 2.81, 2.81, 5.42, 4.42, 94.82, 1.00, 94.83, 1.00, 0.00, 0.00, 33.04, 1.00, 0.00, 0.00, 0.00, 0.00, 48.77, 1.00, 36.92, 1.00, 0.00, 0.00, 0.00, 0.00, 0.00, 0.00, 111.34, 1.00, 2.98, 35.75, 25.77, 91.12, 25.83, 85.53, 28.30, 86.80, 28.30, 59.56, 28.89, 27.99, -999
09/11/16 03, 4.09, 1.09, 5.16, 3.20, 3.52, 5.12, 3.08, 93.96, 1.00, 93.98, 1.00, 0.00, 0.00, 0.00, 0.00, 0.00, 0.00, 0.00, 0.00, 48.61, 1.00, 36.45, 1.00, 0.00, 0.00, 0.00, 0.00, 0.00, 0.00, 102.36, 1.00, 2.98, 36.21, 27.97, 75.97, 27.93, 87.93, 28.60, 87.95, 28.60, 58.72, 30.64, 29.74, -999
09/11/16 04, 4.11, 1.64, 4.93, 3.87, 4.00, 5.12, 2.82, 93.44, 1.00, 93.46, 1.00, 0.00, 0.00, 0.00, 0.00, 0.00, 0.00, 0.00, 0.00, 47.91, 1.00, 0.00, 0.00, 0.00, 0.00, 32.11, 1.00, 0.00, 0.00, 100.98, 1.00, 2.98, 36.48, 28.49, 76.12, 28.45, 89.73, 29.36, 64.99, 29.24, 72.12, 31.14, 30.24, -999
09/11/16 05, 4.23, 2.29, 4.72, 4.30, 3.62, 5.50, 3.85, 93.57, 1.00, 93.59, 1.00, 0.00, 0.00, 0.00, 0.00, 0.00, 0.00, 0.00, 0.00, 0.00, 0.00, 0.00, 0.00, 0.00, 0.00, 30.75, 1.00, 0.00, 0.00, 79.91, 1.00, 2.98, 36.42, 31.58, 74.57, 31.58, 66.96, 29.60, 63.53, 29.49, 77.03, 33.92, 33.02, -999
09/11/16 06, 4.37, 3.13, 4.44, 3.17, 3.01, 5.45, 4.55, 92.90, 1.00, 92.92, 1.00, 0.00, 0.00, 0.00, 0.00, 0.00, 0.00, 0.00, 0.00, 0.00, 0.00, 0.00, 0.00, 0.00, 0.00, 0.00, 0.00, 0.00, 0.00, 79.01, 1.00, 2.98, 36.77, 32.33, 73.07, 32.33, 67.23, 32.63, 63.10, 32.63, 59.51, 34.67, 33.77, -999
09/11/16 07, 4.45, 3.67, 4.10, 3.48, 2.44, 5.14, 3.17, 114.28, 1.00, 0.00, 0.00, 0.00, 0.00, 0.00, 0.00, 0.00, 0.00, 0.00, 0.00, 49.36, 1.00, 0.00, 0.00, 0.00, 0.00, 0.00, 0.00, 0.00, 0.00, 83.72, 1.00, 2.99, 25.03, 29.39, 72.98, 29.35, 87.93, 31.31, 62.18, 31.31, 58.66, 31.94, 31.04, -999
09/11/16 08, 4.20, 4.00, 3.77, 4.06, 1.80, 5.13, 2.84, 117.70, 1.00, 0.00, 0.00, 0.00, 0.00, 0.00, 0.00, 0.00, 0.00, 0.00, 0.00, 50.17, 1.00, 0.00, 0.00, 0.00, 0.00, 31.88, 1.00, 0.00, 0.00, 68.41, 1.00, 2.99, 23.08, 29.09, 68.85, 29.05, 86.05, 26.63, 62.09, 26.51, 70.18, 31.56, 30.66, -999
09/11/16 09, 3.75, 4.14, 3.30, 4.18, 1.75, 5.43, 3.44, 117.62, 1.00, 0.00, 0.00, 0.00, 0.00, 0.00, 0.00, 0.00, 0.00, 0.00, 0.00, 50.39, 1.00, 35.56, 1.00, 0.00, 0.00, 30.56, 1.00, 0.00, 0.00, 65.75, 1.00, 2.99, 23.12, 29.16, 67.60, 29.11, 85.68, 19.80, 80.79, 19.69, 67.86, 31.61, 30.71, -999
09/11/16 10, 3.34, 4.20, 3.03, 4.16, 2.07, 5.50, 3.62, 117.94, 1.00, 0.00, 0.00, 0.00, 0.00, 35.78, 1.00, 0.00, 0.00, 0.00, 0.00, 50.11, 1.00, 35.16, 1.00, 0.00, 0.00, 30.24, 1.00, 0.00, 0.00, 67.44, 1.00, 2.99, 22.94, 28.30, 89.05, 28.37, 85.49, 19.74, 81.43, 19.63, 68.85, 31.19, 30.29, -999
09/11/16 11, 2.94, 4.00, 3.53, 4.13, 2.47, 5.50, 3.63, 118.83, 1.00, 0.00, 0.00, 0.00, 0.00, 35.44, 1.00, 0.00, 0.00, 0.00, 0.00, 50.19, 1.00, 34.84, 1.00, 0.00, 0.00, 29.54, 1.00, 0.00, 0.00, 64.78, 1.00, 2.99, 22.42, 28.04, 89.38, 28.10, 85.07, 19.40, 81.65, 19.30, 70.75, 30.91, 30.01, -999
09/11/16 12, 2.53, 3.78, 4.02, 3.98, 2.87, 5.50, 4.05, 120.14, 1.00, 0.00, 0.00, 0.00, 0.00, 36.22, 1.00, 0.00, 0.00, 0.00, 0.00, 50.25, 1.00, 34.38, 1.00, 0.00, 0.00, 29.89, 1.00, 0.00, 0.00, 60.81, 1.00, 2.99, 21.67, 27.63, 87.61, 27.70, 84.56, 18.58, 81.61, 18.47, 68.83, 30.50, 29.60, -999
09/11/16 13, 2.09, 3.51, 4.44, 3.69, 3.27, 5.50, 3.99, 120.59, 1.00, 0.00, 0.00, 0.00, 0.00, 35.89, 1.00, 0.00, 0.00, 0.00, 0.00, 49.53, 1.00, 34.43, 1.00, 0.00, 0.00, 28.53, 1.00, 0.00, 0.00, 60.22, 1.00, 2.99, 21.40, 27.39, 87.94, 27.46, 85.71, 18.57, 81.51, 18.48, 73.03, 30.24, 29.34, -999
09/11/16 14, 1.66, 3.24, 4.86, 3.88, 3.60, 5.50, 4.80, 119.77, 1.00, 0.00, 0.00, 0.00, 0.00, 35.05, 1.00, 0.00, 0.00, 0.00, 0.00, 49.34, 1.00, 34.01, 1.00, 0.00, 0.00, 29.82, 1.00, 0.00, 0.00, 64.72, 1.00, 2.99, 21.88, 27.32, 89.34, 27.39, 85.99, 18.84, 82.49, 18.73, 69.32, 30.18, 29.28, -999
09/11/16 15, 1.32, 3.03, 5.31, 4.11, 3.92, 5.50, 4.70, 119.26, 1.00, 0.00, 0.00, 0.00, 0.00, 0.00, 0.00, 0.00, 0.00, 0.00, 0.00, 49.10, 1.00, 0.00, 0.00, 0.00, 0.00, 30.52, 1.00, 0.00, 0.00, 65.52, 1.00, 2.99, 22.18, 28.08, 74.47, 28.05, 87.11, 25.46, 63.73, 25.35, 73.65, 30.53, 29.63, -999
09/11/16 16, 1.16, 3.24, 5.00, 4.47, 3.30, 5.24, 3.64, 118.05, 1.00, 0.00, 0.00, 0.00, 0.00, 0.00, 0.00, 0.00, 0.00, 0.00, 0.00, 0.00, 0.00, 0.00, 0.00, 0.00, 0.00, 0.00, 0.00, 0.00, 0.00, 52.59, 1.00, 2.99, 22.88, 30.22, 72.08, 30.22, 64.48, 28.59, 62.23, 28.59, 57.12, 32.43, 31.53, -999
09/11/16 17, 1.10, 3.78, 4.60, 3.05, 2.54, 5.06, 2.60, 118.43, 1.00, 0.00, 0.00, 0.00, 0.00, 0.00, 0.00, 0.00, 0.00, 0.00, 0.00, 0.00, 0.00, 0.00, 0.00, 0.00, 0.00, 31.88, 1.00, 0.00, 0.00, 47.09, 1.00, 2.99, 22.66, 30.39, 73.32, 30.39, 61.48, 25.66, 61.40, 25.54, 69.23, 32.58, 31.68, -999
09/11/16 18, 1.04, 4.02, 4.26, 2.75, 1.77, 5.34, 3.09, 97.67, 1.00, 97.69, 1.00, 0.00, 0.00, 0.00, 0.00, 0.00, 0.00, 0.00, 0.00, 50.61, 1.00, 0.00, 0.00, 0.00, 0.00, 32.13, 1.00, 0.00, 0.00, 71.07, 1.00, 2.97, 34.23, 29.18, 73.97, 29.13, 85.27, 26.07, 60.71, 25.95, 68.76, 31.66, 30.76, -999
09/11/16 19, 1.07, 4.23, 3.97, 2.93, 1.59, 5.50, 3.34, 98.77, 1.00, 98.79, 1.00, 0.00, 0.00, 0.00, 0.00, 0.00, 0.00, 0.00, 0.00, 50.30, 1.00, 35.27, 1.00, 0.00, 0.00, 30.49, 1.00, 0.00, 0.00, 64.88, 1.00, 2.97, 33.63, 29.22, 72.33, 29.18, 85.94, 18.99, 80.50, 18.88, 67.31, 31.67, 30.77, -999
09/11/16 20, 0.96, 4.37, 3.62, 3.23, 1.92, 5.50, 3.03, 98.97, 1.00, 98.99, 1.00, 0.00, 0.00, 0.00, 0.00, 0.00, 0.00, 0.00, 0.00, 50.51, 1.00, 35.39, 1.00, 0.00, 0.00, 30.19, 1.00, 0.00, 0.00, 62.73, 1.00, 2.97, 33.52, 29.32, 68.36, 29.28, 85.62, 18.88, 80.17, 18.77, 68.16, 31.76, 30.86, -999
09/11/16 21, 0.85, 4.50, 3.14, 3.40, 2.15, 5.50, 3.02, 98.50, 1.00, 98.52, 1.00, 0.00, 0.00, 0.00, 0.00, 0.00, 0.00, 0.00, 0.00, 50.86, 1.00, 35.04, 1.00, 0.00, 0.00, 30.50, 1.00, 0.00, 0.00, 63.36, 1.00, 2.97, 33.78, 29.44, 70.24, 29.40, 85.04, 19.06, 80.96, 18.95, 67.33, 31.89, 30.99, -999
09/11/16 22, 0.78, 4.45, 3.18, 3.35, 2.50, 5.50, 2.79, 98.98, 1.00, 99.00, 1.00, 0.00, 0.00, 36.50, 1.00, 0.00, 0.00, 0.00, 0.00, 50.49, 1.00, 35.01, 1.00, 0.00, 0.00, 30.71, 1.00, 0.00, 0.00, 65.80, 1.00, 2.97, 33.51, 28.46, 87.92, 28.53, 84.91, 18.77, 80.72, 18.66, 66.33, 31.35, 30.45, -999
09/11/16 23, 0.68, 4.23, 3.63, 3.33, 2.77, 5.49, 2.37, 98.83, 1.00, 98.84, 1.00, 0.00, 0.00, 36.60, 1.00, 0.00, 0.00, 0.00, 0.00, 50.63, 1.00, 34.70, 1.00, 0.00, 0.00, 30.48, 1.00, 0.00, 0.00, 67.66, 1.00, 2.97, 33.60, 28.28, 87.57, 28.36, 84.45, 18.94, 81.42, 18.83, 67.25, 31.19, 30.29, -999
10/11/16 00, 0.60, 4.03, 4.06, 3.16, 3.13, 5.50, 2.68, 98.48, 1.00, 98.50, 1.00, 0.00, 0.00, 35.27, 1.00, 0.00, 0.00, 0.00, 0.00, 49.87, 1.00, 34.71, 1.00, 0.00, 0.00, 30.02, 1.00, 0.00, 0.00, 69.64, 1.00, 2.97, 33.79, 28.22, 89.85, 28.29, 85.89, 19.16, 81.63, 19.06, 68.99, 31.11, 30.21, -999
10/11/16 01, 0.55, 3.87, 4.55, 3.46, 3.47, 5.50, 2.92, 97.35, 1.00, 97.37, 1.00, 0.00, 0.00, 33.56, 1.00, 0.00, 0.00, 0.00, 0.00, 49.82, 1.00, 34.51, 1.00, 0.00, 0.00, 29.72, 1.00, 0.00, 0.00, 74.34, 1.00, 2.97, 34.40, 28.22, 92.73, 28.28, 85.96, 19.71, 82.52, 19.60, 70.49, 31.11, 30.21, -999
10/11/16 02, 0.61, 3.78, 5.12, 3.71, 3.89, 5.50, 3.41, 97.70, 1.00, 97.71, 1.00, 0.00, 0.00, 34.19, 1.00, 0.00, 0.00, 0.00, 0.00, 49.12, 1.00, 33.75, 1.00, 0.00, 0.00, 28.91, 1.00, 0.00, 0.00, 73.90, 1.00, 2.97, 34.21, 28.12, 91.59, 28.18, 87.21, 19.98, 84.06, 19.88, 73.30, 31.01, 30.11, -999
10/11/16 03, 0.75, 3.92, 5.10, 4.19, 3.60, 5.50, 4.41, 96.19, 1.00, 96.21, 1.00, 0.00, 0.00, 0.00, 0.00, 0.00, 0.00, 0.00, 0.00, 48.15, 1.00, 0.00, 0.00, 0.00, 0.00, 29.65, 1.00, 0.00, 0.00, 76.15, 1.00, 2.98, 35.02, 29.36, 75.86, 29.33, 90.18, 26.89, 64.24, 26.79, 77.92, 31.86, 30.96, -999
10/11/16 04, 1.08, 4.47, 4.86, 4.01, 3.14, 5.36, 4.24, 92.88, 1.00, 92.90, 1.00, 0.00, 0.00, 0.00, 0.00, 0.00, 0.00, 0.00, 0.00, 0.00, 0.00, 0.00, 0.00, 0.00, 0.00, 0.00, 0.00, 0.00, 0.00, 69.48, 1.00, 2.98, 36.78, 32.79, 76.54, 32.79, 69.54, 31.09, 63.94, 31.09, 60.51, 35.07, 34.17, -999
10/11/16 05, 1.52, 5.20, 4.69, 3.32, 2.71, 5.11, 3.21, 93.10, 1.00, 93.12, 1.00, 0.00, 0.00, 0.00, 0.00, 0.00, 0.00, 0.00, 0.00, 0.00, 0.00, 0.00, 0.00, 0.00, 0.00, 0.00, 0.00, 0.00, 0.00, 65.61, 1.00, 2.98, 36.66, 33.19, 75.28, 33.19, 67.76, 31.22, 63.97, 31.22, 58.75, 35.45, 34.55, -999
10/11/16 06, 2.01, 5.24, 4.45, 3.49, 2.40, 4.96, 2.46, 90.54, 1.00, 90.55, 1.00, 0.00, 0.00, 0.00, 0.00, 0.00, 0.00, 0.00, 0.00, 49.11, 1.00, 0.00, 0.00, 0.00, 0.00, 32.34, 1.00, 0.00, 0.00, 0.00, 0.00, 2.98, 38.02, 28.32, 74.32, 28.28, 87.33, 29.79, 62.69, 29.67, 71.73, 41.41, 29.69, -999
10/11/16 07, 2.46, 4.73, 4.16, 4.01, 1.86, 5.35, 3.44, 91.90, 1.00, 91.92, 1.00, 0.00, 0.00, 0.00, 0.00, 0.00, 0.00, 0.00, 0.00, 48.81, 1.00, 0.00, 0.00, 0.00, 0.00, 32.84, 1.00, 0.00, 0.00, 0.00, 0.00, 2.98, 37.30, 27.82, 72.93, 27.79, 87.40, 29.24, 62.12, 29.11, 69.39, 40.68, 29.19, -999
10/11/16 08, 2.79, 4.21, 3.83, 4.48, 1.61, 5.50, 3.76, 92.97, 1.00, 92.99, 1.00, 0.00, 0.00, 0.00, 0.00, 0.00, 0.00, 0.00, 0.00, 49.03, 1.00, 36.52, 1.00, 0.00, 0.00, 30.51, 1.00, 0.00, 0.00, 0.00, 0.00, 2.98, 36.73, 27.29, 72.55, 27.25, 86.45, 21.76, 81.05, 21.65, 69.99, 39.79, 28.66, -999
10/11/16 09, 3.01, 4.08, 3.49, 3.47, 1.88, 5.50, 3.95, 92.95, 1.00, 92.97, 1.00, 0.00, 0.00, 0.00, 0.00, 0.00, 0.00, 0.00, 0.00, 0.00, 0.00, 35.60, 1.00, 0.00, 0.00, 31.12, 1.00, 0.00, 0.00, 0.00, 0.00, 2.98, 36.75, 29.08, 70.22, 29.08, 63.05, 21.94, 82.86, 21.82, 68.13, 39.87, 30.27, -999
10/11/16 10, 3.22, 3.81, 3.08, 2.85, 2.41, 5.50, 3.63, 93.37, 1.00, 93.39, 1.00, 0.00, 0.00, 0.00, 0.00, 0.00, 0.00, 0.00, 0.00, 49.62, 1.00, 36.17, 1.00, 0.00, 0.00, 30.40, 1.00, 0.00, 0.00, 0.00, 0.00, 2.98, 36.52, 26.86, 68.90, 26.82, 84.90, 21.86, 81.77, 21.75, 70.44, 39.70, 28.23, -999
10/11/16 11, 3.38, 3.02, 3.27, 3.00, 2.71, 5.50, 3.94, 91.94, 1.00, 91.96, 1.00, 0.00, 0.00, 34.04, 1.00, 0.00, 0.00, 0.00, 0.00, 47.90, 1.00, 35.58, 1.00, 0.00, 0.00, 30.35, 1.00, 0.00, 0.00, 0.00, 0.00, 2.98, 37.28, 22.96, 86.68, 23.02, 84.32, 22.80, 83.77, 22.69, 71.57, 40.55, 24.71, -999
10/11/16 12, 3.62, 2.15, 3.69, 3.22, 3.25, 5.50, 4.39, 92.75, 1.00, 92.77, 1.00, 0.00, 0.00, 32.95, 1.00, 0.00, 0.00, 0.00, 0.00, 47.98, 1.00, 35.18, 1.00, 0.00, 0.00, 30.15, 1.00, 0.00, 0.00, 0.00, 0.00, 2.98, 36.85, 22.21, 87.70, 22.27, 83.42, 22.66, 84.32, 22.55, 72.05, 40.18, 23.95, -999
10/11/16 13, 3.80, 1.30, 4.14, 3.17, 3.83, 5.50, 4.86, 91.21, 1.00, 91.23, 1.00, 0.00, 0.00, 31.79, 1.00, 0.00, 0.00, 0.00, 0.00, 46.87, 1.00, 38.38, 1.00, 0.00, 0.00, 0.00, 0.00, 0.00, 0.00, 0.00, 0.00, 2.98, 37.66, 21.61, 88.93, 21.66, 84.81, 29.31, 85.06, 29.31, 57.56, 41.36, 23.32, -999
10/11/16 14, 4.16, 0.47, 4.62, 3.54, 3.82, 5.09, 2.93, 95.31, 1.00, 95.32, 1.00, 0.00, 0.00, 33.70, 1.00, 0.00, 0.00, 0.00, 0.00, 48.77, 1.00, 0.00, 0.00, 0.00, 0.00, 0.00, 0.00, 0.00, 0.00, 111.72, 1.00, 2.98, 35.49, 25.57, 89.84, 25.63, 85.33, 31.60, 62.82, 31.60, 57.12, 28.70, 27.80, -999
10/11/16 15, 4.10, 0.77, 5.11, 3.76, 3.07, 5.03, 2.36, 95.33, 1.00, 95.35, 1.00, 0.00, 0.00, 33.43, 1.00, 0.00, 0.00, 0.00, 0.00, 49.06, 1.00, 0.00, 0.00, 0.00, 0.00, 32.89, 1.00, 0.00, 0.00, 109.56, 1.00, 2.98, 35.48, 25.78, 90.49, 25.84, 84.98, 28.62, 62.77, 28.49, 68.57, 28.89, 27.99, -999
10/11/16 16, 4.02, 1.18, 5.19, 3.85, 2.43, 5.27, 2.64, 95.56, 1.00, 95.58, 1.00, 0.00, 0.00, 0.00, 0.00, 0.00, 0.00, 0.00, 0.00, 49.75, 1.00, 0.00, 0.00, 0.00, 0.00, 33.03, 1.00, 0.00, 0.00, 98.60, 1.00, 2.98, 35.36, 27.72, 73.93, 27.68, 85.50, 28.48, 61.74, 28.35, 67.91, 30.37, 29.47, -999
10/11/16 17, 3.93, 1.68, 4.86, 3.95, 1.73, 5.43, 2.62, 95.28, 1.00, 95.29, 1.00, 0.00, 0.00, 0.00, 0.00, 0.00, 0.00, 0.00, 0.00, 49.76, 1.00, 0.00, 0.00, 0.00, 0.00, 32.50, 1.00, 0.00, 0.00, 96.73, 1.00, 2.98, 35.51, 28.11, 72.21, 28.07, 85.88, 28.62, 61.28, 28.49, 69.98, 30.74, 29.84, -999
10/11/16 18, 3.82, 2.16, 4.47, 4.10, 1.64, 5.50, 3.37, 95.42, 1.00, 95.44, 1.00, 0.00, 0.00, 0.00, 0.00, 0.00, 0.00, 0.00, 0.00, 49.66, 1.00, 35.89, 1.00, 0.00, 0.00, 30.39, 1.00, 0.00, 0.00, 92.99, 1.00, 2.98, 35.43, 28.36, 72.25, 28.32, 86.33, 21.78, 82.19, 21.67, 70.40, 30.97, 30.07, -999
10/11/16 19, 3.67, 2.61, 4.09, 4.32, 2.11, 5.50, 3.71, 96.05, 1.00, 96.07, 1.00, 0.00, 0.00, 0.00, 0.00, 0.00, 0.00, 0.00, 0.00, 50.31, 1.00, 35.92, 1.00, 0.00, 0.00, 30.42, 1.00, 0.00, 0.00, 88.91, 1.00, 2.98, 35.10, 28.54, 71.67, 28.50, 85.23, 21.36, 81.72, 21.25, 69.90, 31.13, 30.23, -999
10/11/16 20, 3.50, 3.01, 3.71, 4.15, 2.46, 5.50, 3.89, 96.58, 1.00, 96.60, 1.00, 0.00, 0.00, 0.00, 0.00, 0.00, 0.00, 0.00, 0.00, 49.66, 1.00, 35.60, 1.00, 0.00, 0.00, 30.36, 1.00, 0.00, 0.00, 84.75, 1.00, 2.98, 34.81, 28.76, 69.59, 28.72, 86.73, 21.10, 82.03, 20.99, 69.81, 31.32, 30.42, -999
10/11/16 21, 3.31, 3.37, 3.26, 4.44, 2.84, 5.50, 4.03, 96.80, 1.00, 96.82, 1.00, 0.00, 0.00, 0.00, 0.00, 0.00, 0.00, 0.00, 0.00, 50.53, 1.00, 35.82, 1.00, 0.00, 0.00, 30.86, 1.00, 0.00, 0.00, 81.95, 1.00, 2.98, 34.69, 28.95, 69.46, 28.90, 85.20, 20.72, 81.25, 20.60, 67.79, 31.49, 30.59, -999
10/11/16 22, 3.12, 3.56, 3.18, 4.18, 3.04, 5.50, 3.63, 96.66, 1.00, 96.68, 1.00, 0.00, 0.00, 36.30, 1.00, 0.00, 0.00, 0.00, 0.00, 49.84, 1.00, 35.76, 1.00, 0.00, 0.00, 30.89, 1.00, 0.00, 0.00, 86.28, 1.00, 2.98, 34.77, 27.94, 87.76, 28.02, 85.67, 20.74, 81.38, 20.62, 67.69, 30.95, 30.05, -999
10/11/16 23, 2.95, 3.56, 3.63, 4.23, 3.25, 5.50, 3.31, 96.24, 1.00, 96.26, 1.00, 0.00, 0.00, 35.84, 1.00, 0.00, 0.00, 0.00, 0.00, 50.16, 1.00, 35.18, 1.00, 0.00, 0.00, 30.71, 1.00, 0.00, 0.00, 87.62, 1.00, 2.98, 34.99, 27.95, 88.59, 28.02, 85.05, 21.09, 82.76, 20.98, 68.66, 30.96, 30.06, -999
11/11/16 00, 2.83, 3.58, 4.09, 4.05, 3.66, 5.50, 3.30, 96.88, 1.00, 96.90, 1.00, 0.00, 0.00, 35.46, 1.00, 0.00, 0.00, 0.00, 0.00, 49.73, 1.00, 35.26, 1.00, 0.00, 0.00, 30.15, 1.00, 0.00, 0.00, 84.69, 1.00, 2.98, 34.65, 27.97, 89.28, 28.04, 85.90, 20.83, 82.34, 20.72, 70.25, 30.95, 30.05, -999
11/11/16 01, 2.67, 3.57, 4.57, 4.19, 3.96, 5.50, 3.64, 95.93, 1.00, 95.95, 1.00, 0.00, 0.00, 34.73, 1.00, 0.00, 0.00, 0.00, 0.00, 48.57, 1.00, 34.43, 1.00, 0.00, 0.00, 30.03, 1.00, 0.00, 0.00, 87.94, 1.00, 2.98, 35.16, 28.01, 90.58, 28.08, 88.16, 21.46, 84.41, 21.35, 71.24, 30.98, 30.08, -999
11/11/16 02, 2.73, 3.82, 5.08, 4.01, 3.71, 5.50, 4.21, 95.57, 1.00, 95.59, 1.00, 0.00, 0.00, 34.55, 1.00, 0.00, 0.00, 0.00, 0.00, 0.00, 0.00, 0.00, 0.00, 0.00, 0.00, 31.13, 1.00, 0.00, 0.00, 78.12, 1.00, 2.98, 35.35, 30.02, 92.89, 30.12, 66.66, 27.96, 63.82, 27.84, 74.11, 32.55, 31.65, -999
11/11/16 03, 2.88, 4.39, 5.13, 3.06, 3.14, 5.43, 4.49, 94.09, 1.00, 94.11, 1.00, 0.00, 0.00, 0.00, 0.00, 0.00, 0.00, 0.00, 0.00, 49.35, 1.00, 0.00, 0.00, 0.00, 0.00, 0.00, 0.00, 0.00, 0.00, 85.46, 1.00, 2.98, 36.14, 30.20, 75.93, 30.16, 88.76, 31.34, 64.16, 31.34, 60.10, 32.75, 31.85, -999
11/11/16 04, 3.14, 4.77, 4.90, 3.79, 2.76, 5.16, 3.27, 93.34, 1.00, 93.36, 1.00, 0.00, 0.00, 0.00, 0.00, 0.00, 0.00, 0.00, 0.00, 49.03, 1.00, 0.00, 0.00, 0.00, 0.00, 0.00, 0.00, 0.00, 0.00, 86.20, 1.00, 2.98, 36.54, 30.63, 76.70, 30.59, 89.80, 31.77, 63.33, 31.77, 59.77, 33.19, 32.29, -999
11/11/16 05, 3.42, 5.20, 4.73, 4.41, 2.28, 4.96, 2.51, 92.60, 1.00, 92.61, 1.00, 0.00, 0.00, 0.00, 0.00, 0.00, 0.00, 0.00, 0.00, 0.00, 0.00, 0.00, 0.00, 0.00, 0.00, 32.35, 1.00, 0.00, 0.00, 67.97, 1.00, 2.98, 36.93, 33.38, 75.00, 33.38, 69.14, 29.39, 63.49, 29.27, 71.28, 35.66, 34.76, -999
11/11/16 06, 3.80, 5.56, 4.47, 3.58, 1.96, 5.34, 3.42, 88.64, 1.00, 88.65, 1.00, 0.00, 0.00, 0.00, 0.00, 0.00, 0.00, 0.00, 0.00, 0.00, 0.00, 0.00, 0.00, 0.00, 0.00, 33.04, 1.00, 0.00, 0.00, 0.00, 0.00, 2.98, 39.01, 30.56, 74.77, 30.56, 67.50, 31.36, 62.51, 31.23, 70.77, 42.95, 31.75, -999
11/11/16 07, 4.23, 5.43, 4.21, 3.03, 1.53, 5.50, 4.14, 91.09, 1.00, 91.11, 1.00, 0.00, 0.00, 0.00, 0.00, 0.00, 0.00, 0.00, 0.00, 49.29, 1.00, 36.26, 1.00, 0.00, 0.00, 29.76, 1.00, 0.00, 0.00, 0.00, 0.00, 2.98, 37.73, 28.49, 74.15, 28.45, 87.17, 23.56, 83.32, 23.46, 74.24, 41.27, 29.86, -999
11/11/16 08, 4.48, 4.91, 3.93, 3.58, 2.11, 5.43, 4.46, 91.41, 1.00, 91.43, 1.00, 0.00, 0.00, 0.00, 0.00, 0.00, 0.00, 0.00, 0.00, 49.58, 1.00, 38.35, 1.00, 0.00, 0.00, 0.00, 0.00, 0.00, 0.00, 0.00, 0.00, 2.98, 37.56, 27.95, 71.84, 27.91, 86.05, 29.51, 85.34, 29.51, 59.17, 41.42, 29.32, -999
11/11/16 09, 4.51, 4.38, 3.56, 3.85, 2.62, 5.11, 3.02, 112.76, 1.00, 0.00, 0.00, 0.00, 0.00, 0.00, 0.00, 0.00, 0.00, 0.00, 0.00, 49.54, 1.00, 38.18, 1.00, 0.00, 0.00, 0.00, 0.00, 0.00, 0.00, 0.00, 0.00, 2.99, 25.90, 27.43, 70.08, 27.39, 85.61, 28.33, 84.48, 28.33, 55.31, 38.56, 28.80, -999
11/11/16 10, 4.37, 3.86, 3.14, 3.99, 2.95, 5.11, 2.51, 112.57, 1.00, 0.00, 0.00, 0.00, 0.00, 0.00, 0.00, 0.00, 0.00, 0.00, 0.00, 49.38, 1.00, 35.53, 1.00, 0.00, 0.00, 31.61, 1.00, 0.00, 0.00, 0.00, 0.00, 2.99, 26.01, 26.91, 70.40, 26.87, 85.41, 22.27, 83.33, 22.15, 66.77, 38.47, 28.28, -999
11/11/16 11, 4.27, 3.11, 3.28, 4.04, 3.43, 5.21, 2.32, 113.46, 1.00, 0.00, 0.00, 0.00, 0.00, 34.05, 1.00, 0.00, 0.00, 0.00, 0.00, 47.78, 1.00, 35.17, 1.00, 0.00, 0.00, 31.50, 1.00, 0.00, 0.00, 0.00, 0.00, 2.99, 25.50, 23.06, 86.76, 23.12, 84.64, 21.93, 83.60, 21.81, 66.84, 38.05, 24.81, -999
11/11/16 12, 4.11, 2.24, 3.71, 4.12, 3.91, 5.33, 2.21, 112.49, 1.00, 0.00, 0.00, 0.00, 0.00, 32.36, 1.00, 0.00, 0.00, 0.00, 0.00, 48.06, 1.00, 35.01, 1.00, 0.00, 0.00, 30.89, 1.00, 0.00, 0.00, 0.00, 0.00, 2.99, 26.05, 22.36, 88.78, 22.41, 83.42, 22.53, 84.48, 22.41, 69.51, 38.42, 24.08, -999
11/11/16 13, 4.18, 1.39, 4.19, 3.71, 3.61, 5.50, 3.14, 112.86, 1.00, 0.00, 0.00, 0.00, 0.00, 31.13, 1.00, 0.00, 0.00, 0.00, 0.00, 46.25, 1.00, 0.00, 0.00, 0.00, 0.00, 31.41, 1.00, 0.00, 0.00, 0.00, 0.00, 2.99, 25.84, 21.84, 90.16, 21.89, 86.13, 29.07, 63.01, 28.96, 74.26, 38.40, 23.53, -999
11/11/16 14, 4.20, 0.57, 4.71, 4.23, 2.92, 5.50, 4.02, 112.62, 1.00, 0.00, 0.00, 0.00, 0.00, 32.68, 1.00, 0.00, 0.00, 0.00, 0.00, 47.00, 1.00, 0.00, 0.00, 0.00, 0.00, 31.92, 1.00, 0.00, 0.00, 0.00, 0.00, 2.99, 25.98, 20.77, 86.68, 20.82, 83.75, 29.09, 61.17, 28.97, 72.54, 38.50, 22.49, -999
11/11/16 15, 3.85, 0.65, 5.14, 4.18, 2.07, 5.50, 4.44, 117.68, 1.00, 0.00, 0.00, 0.00, 0.00, 34.24, 1.00, 0.00, 0.00, 0.00, 0.00, 48.22, 1.00, 0.00, 0.00, 0.00, 0.00, 31.38, 1.00, 0.00, 0.00, 95.37, 1.00, 2.99, 23.09, 25.22, 88.61, 25.29, 86.01, 26.63, 60.11, 26.51, 71.94, 28.23, 27.33, -999
11/11/16 16, 3.42, 0.90, 5.15, 4.48, 1.60, 5.50, 4.72, 118.74, 1.00, 0.00, 0.00, 0.00, 0.00, 0.00, 0.00, 0.00, 0.00, 0.00, 0.00, 48.83, 1.00, 35.12, 1.00, 0.00, 0.00, 29.55, 1.00, 0.00, 0.00, 81.98, 1.00, 2.99, 22.48, 26.56, 73.05, 26.52, 86.11, 19.45, 81.21, 19.34, 70.79, 29.09, 28.19, -999
11/11/16 17, 3.10, 1.58, 4.78, 3.21, 2.08, 5.23, 3.50, 116.75, 1.00, 0.00, 0.00, 0.00, 0.00, 0.00, 0.00, 0.00, 0.00, 0.00, 0.00, 0.00, 0.00, 37.63, 1.00, 0.00, 0.00, 0.00, 0.00, 0.00, 0.00, 67.41, 1.00, 2.99, 23.62, 29.72, 73.09, 29.72, 64.17, 26.16, 83.33, 26.16, 57.58, 31.99, 31.09, -999
11/11/16 18, 2.74, 1.99, 4.43, 3.14, 2.42, 5.08, 2.62, 118.73, 1.00, 0.00, 0.00, 0.00, 0.00, 0.00, 0.00, 0.00, 0.00, 0.00, 0.00, 49.72, 1.00, 34.69, 1.00, 0.00, 0.00, 30.50, 1.00, 0.00, 0.00, 75.08, 1.00, 2.99, 22.48, 27.32, 72.43, 27.28, 85.15, 19.25, 81.75, 19.15, 67.53, 29.82, 28.92, -999
11/11/16 19, 2.35, 2.24, 4.06, 3.32, 2.86, 5.28, 2.80, 120.36, 1.00, 0.00, 0.00, 0.00, 0.00, 0.00, 0.00, 0.00, 0.00, 0.00, 0.00, 50.20, 1.00, 34.29, 1.00, 0.00, 0.00, 30.58, 1.00, 0.00, 0.00, 66.64, 1.00, 2.99, 21.54, 27.29, 68.68, 27.25, 84.19, 18.28, 81.47, 18.17, 66.29, 29.74, 28.84, -999
11/11/16 20, 1.91, 2.41, 3.57, 3.15, 3.25, 5.32, 2.44, 120.97, 1.00, 0.00, 0.00, 0.00, 0.00, 0.00, 0.00, 0.00, 0.00, 0.00, 0.00, 50.33, 1.00, 34.33, 1.00, 0.00, 0.00, 30.52, 1.00, 0.00, 0.00, 62.23, 1.00, 2.99, 21.18, 27.34, 69.64, 27.30, 84.00, 17.86, 80.97, 17.75, 66.07, 29.78, 28.88, -999
11/11/16 21, 1.47, 2.52, 3.14, 2.94, 3.53, 5.33, 2.08, 120.65, 1.00, 0.00, 0.00, 0.00, 0.00, 0.00, 0.00, 0.00, 0.00, 0.00, 0.00, 50.56, 1.00, 34.53, 1.00, 0.00, 0.00, 30.31, 1.00, 0.00, 0.00, 62.30, 1.00, 2.99, 21.37, 27.45, 68.99, 27.41, 83.64, 18.02, 80.79, 17.91, 66.91, 29.89, 28.99, -999
11/11/16 22, 1.08, 2.40, 3.30, 2.62, 3.72, 5.48, 2.21, 121.62, 1.00, 0.00, 0.00, 0.00, 0.00, 36.47, 1.00, 0.00, 0.00, 0.00, 0.00, 50.02, 1.00, 34.04, 1.00, 0.00, 0.00, 30.16, 1.00, 0.00, 0.00, 63.02, 1.00, 2.99, 20.80, 26.33, 85.85, 26.40, 83.69, 17.54, 81.14, 17.43, 66.91, 29.21, 28.31, -999
11/11/16 23, 0.89, 2.30, 3.69, 2.54, 4.00, 5.50, 2.46, 99.00, 1.00, 99.02, 1.00, 0.00, 0.00, 35.17, 1.00, 0.00, 0.00, 0.00, 0.00, 49.74, 1.00, 0.00, 0.00, 0.00, 0.00, 32.26, 1.00, 0.00, 0.00, 81.82, 1.00, 2.97, 33.50, 26.69, 88.50, 26.75, 84.61, 25.52, 62.35, 25.40, 67.75, 29.64, 28.74, -999
12/11/16 00, 0.86, 2.27, 4.15, 2.72, 3.16, 5.50, 2.28, 98.55, 1.00, 98.57, 1.00, 0.00, 0.00, 35.11, 1.00, 0.00, 0.00, 0.00, 0.00, 49.36, 1.00, 0.00, 0.00, 0.00, 0.00, 31.43, 1.00, 0.00, 0.00, 83.47, 1.00, 2.97, 33.75, 26.67, 88.58, 26.74, 85.31, 25.75, 62.31, 25.64, 70.90, 29.63, 28.73, -999
12/11/16 01, 0.89, 2.26, 4.60, 3.03, 2.44, 5.50, 2.80, 97.51, 1.00, 97.53, 1.00, 0.00, 0.00, 33.70, 1.00, 0.00, 0.00, 0.00, 0.00, 48.57, 1.00, 0.00, 0.00, 0.00, 0.00, 30.37, 1.00, 0.00, 0.00, 87.49, 1.00, 2.97, 34.31, 26.72, 91.01, 26.78, 86.85, 26.29, 62.82, 26.18, 74.97, 29.68, 28.78, -999
12/11/16 02, 1.00, 2.32, 5.12, 3.59, 1.92, 5.50, 3.89, 97.25, 1.00, 97.27, 1.00, 0.00, 0.00, 33.04, 1.00, 0.00, 0.00, 0.00, 0.00, 48.31, 1.00, 0.00, 0.00, 0.00, 0.00, 29.70, 1.00, 0.00, 0.00, 88.26, 1.00, 2.97, 34.45, 26.81, 92.16, 26.87, 87.42, 26.54, 62.28, 26.43, 77.39, 29.76, 28.86, -999
12/11/16 03, 1.14, 2.59, 5.12, 4.17, 1.63, 5.43, 4.48, 96.90, 1.00, 96.92, 1.00, 0.00, 0.00, 0.00, 0.00, 0.00, 0.00, 0.00, 0.00, 48.59, 1.00, 36.50, 1.00, 0.00, 0.00, 0.00, 0.00, 0.00, 0.00, 81.85, 1.00, 2.98, 34.64, 28.26, 75.57, 28.22, 88.26, 25.82, 85.07, 25.82, 60.12, 30.79, 29.89, -999
12/11/16 04, 1.27, 3.03, 4.87, 4.35, 2.33, 5.15, 3.26, 95.18, 1.00, 95.20, 1.00, 0.00, 0.00, 0.00, 0.00, 0.00, 0.00, 0.00, 0.00, 0.00, 0.00, 36.19, 1.00, 0.00, 0.00, 0.00, 0.00, 0.00, 0.00, 68.04, 1.00, 2.98, 35.56, 31.21, 76.18, 31.21, 68.86, 26.70, 86.52, 26.70, 59.41, 33.49, 32.59, -999
12/11/16 05, 1.47, 3.73, 4.67, 3.48, 3.10, 5.05, 2.74, 96.07, 1.00, 96.08, 1.00, 0.00, 0.00, 0.00, 0.00, 0.00, 0.00, 0.00, 0.00, 0.00, 0.00, 34.39, 1.00, 0.00, 0.00, 30.39, 1.00, 0.00, 0.00, 61.04, 1.00, 2.98, 35.09, 31.34, 74.41, 31.34, 66.72, 20.54, 83.55, 20.44, 69.17, 33.58, 32.68, -999
12/11/16 06, 1.53, 4.18, 4.38, 3.27, 3.68, 5.35, 3.33, 96.90, 1.00, 96.92, 1.00, 0.00, 0.00, 0.00, 0.00, 0.00, 0.00, 0.00, 0.00, 49.73, 1.00, 34.34, 1.00, 0.00, 0.00, 30.19, 1.00, 0.00, 0.00, 72.68, 1.00, 2.98, 34.64, 29.43, 74.31, 29.39, 87.25, 20.36, 83.45, 20.25, 69.63, 31.91, 31.01, -999
12/11/16 07, 1.59, 4.43, 4.10, 3.76, 3.77, 5.50, 4.12, 96.48, 1.00, 96.50, 1.00, 0.00, 0.00, 0.00, 0.00, 0.00, 0.00, 0.00, 0.00, 49.68, 1.00, 0.00, 0.00, 0.00, 0.00, 31.00, 1.00, 0.00, 0.00, 73.66, 1.00, 2.98, 34.86, 29.71, 73.63, 29.67, 87.63, 27.00, 63.45, 26.88, 73.58, 32.20, 31.30, -999
12/11/16 08, 1.73, 4.68, 3.80, 4.24, 3.13, 5.50, 4.80, 96.84, 1.00, 96.85, 1.00, 0.00, 0.00, 0.00, 0.00, 0.00, 0.00, 0.00, 0.00, 50.08, 1.00, 0.00, 0.00, 0.00, 0.00, 30.84, 1.00, 0.00, 0.00, 71.17, 1.00, 2.98, 34.67, 29.86, 71.53, 29.82, 87.01, 26.96, 62.83, 26.84, 74.08, 32.34, 31.44, -999
12/11/16 09, 1.92, 4.93, 3.43, 4.52, 2.49, 5.24, 3.74, 95.81, 1.00, 95.83, 1.00, 0.00, 0.00, 0.00, 0.00, 0.00, 0.00, 0.00, 0.00, 0.00, 0.00, 0.00, 0.00, 0.00, 0.00, 0.00, 0.00, 0.00, 0.00, 58.62, 1.00, 2.98, 35.22, 32.35, 70.72, 32.35, 62.47, 30.31, 60.80, 30.31, 57.62, 34.59, 33.69, -999
12/11/16 10, 2.16, 5.50, 3.03, 2.90, 1.65, 5.03, 2.60, 93.07, 1.00, 93.08, 1.00, 0.00, 0.00, 0.00, 0.00, 0.00, 0.00, 0.00, 0.00, 50.68, 1.00, 0.00, 0.00, 0.00, 0.00, 33.07, 1.00, 0.00, 0.00, 0.00, 0.00, 2.98, 36.68, 28.46, 69.34, 28.42, 84.47, 28.51, 59.72, 28.38, 67.81, 39.91, 29.84, -999
12/11/16 11, 2.38, 4.63, 3.39, 2.81, 1.65, 5.16, 2.50, 93.67, 1.00, 93.69, 1.00, 0.00, 0.00, 34.05, 1.00, 0.00, 0.00, 0.00, 0.00, 48.85, 1.00, 35.85, 1.00, 0.00, 0.00, 31.11, 1.00, 0.00, 0.00, 0.00, 0.00, 2.98, 36.36, 24.46, 88.16, 24.52, 84.07, 21.25, 81.73, 21.13, 67.47, 39.28, 26.22, -999
12/11/16 12, 2.59, 3.75, 3.86, 2.92, 2.07, 5.34, 2.62, 92.46, 1.00, 92.48, 1.00, 0.00, 0.00, 33.93, 1.00, 0.00, 0.00, 0.00, 0.00, 48.38, 1.00, 36.01, 1.00, 0.00, 0.00, 31.23, 1.00, 0.00, 0.00, 0.00, 0.00, 2.98, 37.00, 23.65, 87.55, 23.71, 84.13, 21.87, 82.08, 21.75, 67.69, 40.02, 25.41, -999
12/11/16 13, 2.84, 2.88, 4.29, 3.07, 2.46, 5.50, 2.78, 92.60, 1.00, 92.62, 1.00, 0.00, 0.00, 33.03, 1.00, 0.00, 0.00, 0.00, 0.00, 48.05, 1.00, 35.90, 1.00, 0.00, 0.00, 30.57, 1.00, 0.00, 0.00, 0.00, 0.00, 2.98, 36.93, 22.92, 88.29, 22.98, 84.00, 22.10, 82.51, 21.99, 70.13, 40.02, 24.66, -999
12/11/16 14, 3.08, 2.03, 4.74, 3.19, 2.86, 5.50, 3.16, 92.06, 1.00, 92.08, 1.00, 0.00, 0.00, 32.42, 1.00, 0.00, 0.00, 0.00, 0.00, 47.50, 1.00, 35.52, 1.00, 0.00, 0.00, 30.41, 1.00, 0.00, 0.00, 0.00, 0.00, 2.98, 37.22, 22.20, 88.54, 22.25, 84.29, 22.61, 83.67, 22.50, 71.17, 40.40, 23.92, -999
12/11/16 15, 3.33, 1.18, 5.19, 3.40, 3.39, 5.50, 3.67, 91.83, 1.00, 91.85, 1.00, 0.00, 0.00, 32.13, 1.00, 0.00, 0.00, 0.00, 0.00, 46.93, 1.00, 35.43, 1.00, 0.00, 0.00, 30.38, 1.00, 0.00, 0.00, 0.00, 0.00, 2.98, 37.34, 21.45, 88.23, 21.50, 84.54, 22.86, 84.09, 22.75, 71.52, 40.60, 23.16, -999
12/11/16 16, 3.57, 0.57, 5.10, 3.73, 3.91, 5.50, 4.15, 91.90, 1.00, 91.92, 1.00, 0.00, 0.00, 0.00, 0.00, 0.00, 0.00, 0.00, 0.00, 47.77, 1.00, 35.47, 1.00, 0.00, 0.00, 30.49, 1.00, 0.00, 0.00, 0.00, 0.00, 2.98, 37.30, 23.74, 73.58, 23.70, 85.24, 22.89, 84.04, 22.78, 71.18, 40.63, 25.10, -999
12/11/16 17, 3.55, 0.97, 4.75, 4.03, 3.50, 5.50, 4.56, 95.59, 1.00, 95.60, 1.00, 0.00, 0.00, 0.00, 0.00, 0.00, 0.00, 0.00, 0.00, 49.26, 1.00, 0.00, 0.00, 0.00, 0.00, 31.52, 1.00, 0.00, 0.00, 98.51, 1.00, 2.98, 35.34, 27.54, 73.40, 27.50, 86.27, 28.42, 63.20, 28.30, 73.25, 30.18, 29.28, -999
12/11/16 18, 3.59, 1.49, 4.41, 4.30, 2.86, 5.30, 3.82, 95.16, 1.00, 95.18, 1.00, 0.00, 0.00, 0.00, 0.00, 0.00, 0.00, 0.00, 0.00, 49.36, 1.00, 0.00, 0.00, 0.00, 0.00, 0.00, 0.00, 0.00, 0.00, 97.73, 1.00, 2.98, 35.57, 28.00, 72.11, 27.96, 86.54, 31.29, 62.28, 31.29, 57.39, 30.64, 29.74, -999
12/11/16 19, 3.69, 1.99, 4.03, 4.54, 2.17, 5.03, 2.48, 95.07, 1.00, 95.09, 1.00, 0.00, 0.00, 0.00, 0.00, 0.00, 0.00, 0.00, 0.00, 0.00, 0.00, 0.00, 0.00, 0.00, 0.00, 32.90, 1.00, 0.00, 0.00, 76.82, 1.00, 2.98, 35.62, 30.98, 71.37, 30.98, 62.68, 28.43, 60.94, 28.31, 68.34, 33.31, 32.41, -999
12/11/16 20, 3.73, 2.78, 3.64, 3.00, 1.44, 5.24, 2.67, 96.38, 1.00, 96.40, 1.00, 0.00, 0.00, 0.00, 0.00, 0.00, 0.00, 0.00, 0.00, 50.66, 1.00, 36.10, 1.00, 0.00, 0.00, 31.15, 1.00, 0.00, 0.00, 87.19, 1.00, 2.98, 34.92, 28.59, 70.78, 28.55, 84.60, 20.95, 81.01, 20.84, 67.04, 31.17, 30.27, -999
12/11/16 21, 3.53, 3.15, 3.24, 2.97, 1.77, 5.37, 2.58, 96.87, 1.00, 96.89, 1.00, 0.00, 0.00, 0.00, 0.00, 0.00, 0.00, 0.00, 0.00, 51.00, 1.00, 35.86, 1.00, 0.00, 0.00, 31.22, 1.00, 0.00, 0.00, 83.42, 1.00, 2.98, 34.66, 28.77, 67.85, 28.73, 84.09, 20.65, 81.13, 20.54, 66.52, 31.33, 30.43, -999
12/11/16 22, 3.30, 3.32, 3.21, 2.74, 2.09, 5.43, 2.28, 97.66, 1.00, 97.68, 1.00, 0.00, 0.00, 37.11, 1.00, 0.00, 0.00, 0.00, 0.00, 50.82, 1.00, 36.06, 1.00, 0.00, 0.00, 31.05, 1.00, 0.00, 0.00, 84.35, 1.00, 2.97, 34.23, 27.66, 86.02, 27.73, 83.45, 20.09, 80.21, 19.98, 66.51, 30.67, 29.77, -999
12/11/16 23, 3.05, 3.27, 3.60, 2.38, 2.23, 5.49, 2.09, 97.08, 1.00, 97.10, 1.00, 0.00, 0.00, 35.78, 1.00, 0.00, 0.00, 0.00, 0.00, 50.38, 1.00, 35.74, 1.00, 0.00, 0.00, 31.07, 1.00, 0.00, 0.00, 86.50, 1.00, 2.97, 34.54, 27.65, 88.40, 27.72, 84.32, 20.44, 81.11, 20.32, 66.79, 30.66, 29.76, -999
13/11/16 00, 2.86, 3.27, 4.06, 2.47, 2.51, 5.50, 2.16, 96.12, 1.00, 96.14, 1.00, 0.00, 0.00, 34.01, 1.00, 0.00, 0.00, 0.00, 0.00, 49.51, 1.00, 35.17, 1.00, 0.00, 0.00, 29.72, 1.00, 0.00, 0.00, 89.72, 1.00, 2.98, 35.06, 27.73, 91.50, 27.79, 86.08, 21.36, 83.04, 21.26, 72.15, 30.71, 29.81, -999
13/11/16 01, 2.75, 3.34, 4.61, 2.93, 3.03, 5.50, 3.01, 95.75, 1.00, 95.77, 1.00, 0.00, 0.00, 33.48, 1.00, 0.00, 0.00, 0.00, 0.00, 48.89, 1.00, 34.65, 1.00, 0.00, 0.00, 29.41, 1.00, 0.00, 0.00, 90.27, 1.00, 2.98, 35.25, 27.83, 92.47, 27.89, 87.36, 21.69, 84.26, 21.58, 73.46, 30.80, 29.90, -999
13/11/16 02, 2.70, 3.42, 5.16, 3.54, 3.67, 5.50, 3.95, 95.61, 1.00, 95.63, 1.00, 0.00, 0.00, 33.20, 1.00, 0.00, 0.00, 0.00, 0.00, 48.41, 1.00, 34.39, 1.00, 0.00, 0.00, 29.06, 1.00, 0.00, 0.00, 90.01, 1.00, 2.98, 35.33, 27.93, 93.03, 27.99, 88.35, 21.86, 84.87, 21.76, 74.72, 30.89, 29.99, -999
13/11/16 03, 2.77, 3.73, 5.12, 4.24, 3.77, 5.45, 4.56, 93.31, 1.00, 93.33, 1.00, 0.00, 0.00, 0.00, 0.00, 0.00, 0.00, 0.00, 0.00, 48.15, 1.00, 0.00, 0.00, 0.00, 0.00, 0.00, 0.00, 0.00, 0.00, 90.92, 1.00, 2.98, 36.55, 29.91, 76.56, 29.87, 90.72, 31.56, 64.68, 31.56, 61.31, 32.50, 31.60, -999
13/11/16 04, 3.11, 4.36, 4.93, 4.33, 3.37, 5.24, 3.70, 92.24, 1.00, 92.26, 1.00, 0.00, 0.00, 0.00, 0.00, 0.00, 0.00, 0.00, 0.00, 0.00, 0.00, 0.00, 0.00, 0.00, 0.00, 0.00, 0.00, 0.00, 0.00, 73.99, 1.00, 2.98, 37.12, 33.09, 76.53, 33.09, 69.75, 32.29, 64.48, 32.29, 60.60, 35.39, 34.49, -999
13/11/16 05, 3.46, 5.14, 4.75, 3.61, 3.02, 5.01, 2.88, 91.97, 1.00, 91.98, 1.00, 0.00, 0.00, 0.00, 0.00, 0.00, 0.00, 0.00, 0.00, 0.00, 0.00, 0.00, 0.00, 0.00, 0.00, 0.00, 0.00, 0.00, 0.00, 71.51, 1.00, 2.98, 37.27, 33.64, 76.17, 33.64, 68.90, 32.59, 64.17, 32.59, 59.64, 35.93, 35.03, -999
13/11/16 06, 3.88, 5.50, 4.56, 2.92, 2.68, 5.10, 3.03, 87.57, 1.00, 87.59, 1.00, 0.00, 0.00, 0.00, 0.00, 0.00, 0.00, 0.00, 0.00, 48.65, 1.00, 0.00, 0.00, 0.00, 0.00, 32.87, 1.00, 0.00, 0.00, 0.00, 0.00, 2.98, 39.56, 28.61, 75.01, 28.58, 88.50, 31.93, 63.18, 31.80, 71.94, 43.62, 29.98, -999
13/11/16 07, 4.35, 4.99, 4.31, 3.68, 2.19, 5.49, 3.91, 87.36, 1.00, 87.37, 1.00, 0.00, 0.00, 0.00, 0.00, 0.00, 0.00, 0.00, 0.00, 48.73, 1.00, 0.00, 0.00, 0.00, 0.00, 32.89, 1.00, 0.00, 0.00, 0.00, 0.00, 2.98, 39.67, 28.09, 74.05, 28.06, 87.83, 32.23, 62.84, 32.10, 72.19, 43.85, 29.46, -999
13/11/16 08, 4.62, 4.47, 4.02, 4.27, 1.72, 5.49, 4.96, 110.68, 1.00, 0.00, 0.00, 0.00, 0.00, 0.00, 0.00, 0.00, 0.00, 0.00, 0.00, 48.85, 1.00, 0.00, 0.00, 0.00, 0.00, 0.00, 0.00, 0.00, 0.00, 0.00, 0.00, 2.99, 27.08, 27.57, 72.95, 27.53, 87.08, 32.80, 61.51, 32.80, 58.40, 39.70, 28.94, -999
13/11/16 09, 4.75, 4.09, 3.69, 4.24, 1.71, 5.13, 3.25, 112.51, 1.00, 0.00, 0.00, 0.00, 0.00, 0.00, 0.00, 0.00, 0.00, 0.00, 0.00, 0.00, 0.00, 37.91, 1.00, 0.00, 0.00, 0.00, 0.00, 0.00, 0.00, 0.00, 0.00, 2.99, 26.04, 29.09, 71.37, 29.09, 63.24, 28.58, 85.23, 28.58, 56.33, 38.76, 30.28, -999
13/11/16 10, 4.63, 4.09, 3.31, 2.72, 2.26, 5.02, 2.43, 112.55, 1.00, 0.00, 0.00, 0.00, 0.00, 0.00, 0.00, 0.00, 0.00, 0.00, 0.00, 50.04, 1.00, 36.06, 1.00, 0.00, 0.00, 31.49, 1.00, 0.00, 0.00, 0.00, 0.00, 2.99, 26.02, 27.10, 70.34, 27.06, 84.37, 22.25, 82.37, 22.14, 67.18, 38.56, 28.47, -999
13/11/16 11, 4.50, 3.56, 2.91, 2.78, 2.66, 5.18, 2.43, 113.15, 1.00, 0.00, 0.00, 0.00, 0.00, 34.43, 1.00, 0.00, 0.00, 0.00, 0.00, 48.74, 1.00, 35.88, 1.00, 0.00, 0.00, 31.40, 1.00, 0.00, 0.00, 0.00, 0.00, 2.99, 25.67, 23.35, 86.43, 23.42, 83.16, 21.99, 82.42, 21.87, 67.21, 38.25, 25.12, -999
13/11/16 12, 4.34, 2.68, 3.34, 2.67, 3.03, 5.33, 2.44, 113.37, 1.00, 0.00, 0.00, 0.00, 0.00, 34.59, 1.00, 0.00, 0.00, 0.00, 0.00, 48.33, 1.00, 35.56, 1.00, 0.00, 0.00, 31.50, 1.00, 0.00, 0.00, 0.00, 0.00, 2.99, 25.55, 22.50, 85.29, 22.57, 83.09, 21.89, 82.90, 21.78, 66.77, 38.11, 24.27, -999
13/11/16 13, 4.19, 1.80, 3.71, 2.64, 3.45, 5.42, 2.26, 113.59, 1.00, 0.00, 0.00, 0.00, 0.00, 33.72, 1.00, 0.00, 0.00, 0.00, 0.00, 48.04, 1.00, 35.54, 1.00, 0.00, 0.00, 31.44, 1.00, 0.00, 0.00, 0.00, 0.00, 2.99, 25.43, 21.76, 86.01, 21.82, 82.86, 21.76, 82.81, 21.65, 66.87, 37.96, 23.51, -999
13/11/16 14, 4.03, 0.93, 4.10, 2.59, 3.81, 5.50, 2.20, 113.73, 1.00, 0.00, 0.00, 0.00, 0.00, 33.46, 1.00, 0.00, 0.00, 0.00, 0.00, 47.73, 1.00, 35.22, 1.00, 0.00, 0.00, 31.09, 1.00, 0.00, 0.00, 0.00, 0.00, 2.99, 25.35, 20.96, 85.64, 21.02, 82.63, 21.82, 83.41, 21.71, 68.11, 37.85, 22.70, -999
13/11/16 15, 3.76, 0.56, 4.49, 2.56, 3.60, 5.50, 2.32, 118.60, 1.00, 0.00, 0.00, 0.00, 0.00, 34.52, 1.00, 0.00, 0.00, 0.00, 0.00, 49.38, 1.00, 0.00, 0.00, 0.00, 0.00, 32.14, 1.00, 0.00, 0.00, 92.52, 1.00, 2.99, 22.55, 25.04, 87.96, 25.11, 83.66, 25.99, 61.83, 25.87, 68.65, 28.05, 27.15, -999
13/11/16 16, 3.33, 0.64, 4.91, 2.57, 2.75, 5.50, 2.38, 118.45, 1.00, 0.00, 0.00, 0.00, 0.00, 34.94, 1.00, 0.00, 0.00, 0.00, 0.00, 49.61, 1.00, 0.00, 0.00, 0.00, 0.00, 32.02, 1.00, 0.00, 0.00, 92.33, 1.00, 2.99, 22.64, 25.10, 87.31, 25.17, 83.26, 26.01, 60.70, 25.89, 69.10, 28.12, 27.22, -999
13/11/16 17, 2.93, 0.72, 5.30, 2.43, 1.86, 5.50, 2.52, 119.08, 1.00, 0.00, 0.00, 0.00, 0.00, 0.00, 0.00, 0.00, 0.00, 0.00, 0.00, 50.10, 1.00, 0.00, 0.00, 0.00, 0.00, 32.19, 1.00, 0.00, 0.00, 82.94, 1.00, 2.99, 22.28, 26.36, 70.84, 26.32, 83.47, 25.57, 60.30, 25.45, 68.03, 28.91, 28.01, -999
13/11/16 18, 2.47, 1.01, 4.84, 2.32, 1.67, 5.50, 2.31, 120.84, 1.00, 0.00, 0.00, 0.00, 0.00, 0.00, 0.00, 0.00, 0.00, 0.00, 0.00, 50.32, 1.00, 34.98, 1.00, 0.00, 0.00, 30.21, 1.00, 0.00, 0.00, 73.35, 1.00, 2.99, 21.26, 26.25, 71.26, 26.21, 82.92, 17.91, 79.91, 17.80, 67.12, 28.75, 27.85, -999
13/11/16 19, 2.00, 1.24, 4.41, 2.03, 1.95, 5.50, 2.22, 121.20, 1.00, 0.00, 0.00, 0.00, 0.00, 0.00, 0.00, 0.00, 0.00, 0.00, 0.00, 50.22, 1.00, 34.81, 1.00, 0.00, 0.00, 30.23, 1.00, 0.00, 0.00, 69.91, 1.00, 2.99, 21.05, 26.38, 70.97, 26.34, 83.24, 17.68, 79.98, 17.57, 66.83, 28.85, 27.95, -999
13/11/16 20, 1.54, 1.32, 3.99, 2.35, 2.21, 5.50, 2.09, 121.87, 1.00, 0.00, 0.00, 0.00, 0.00, 0.00, 0.00, 0.00, 0.00, 36.92, 1.00, 36.90, 1.00, 34.46, 1.00, 0.00, 0.00, 30.28, 1.00, 0.00, 0.00, 68.34, 1.00, 2.99, 20.66, 25.91, 68.09, 25.83, 103.69, 17.29, 80.19, 17.18, 66.27, 28.57, 27.67, -999
13/11/16 21, 1.08, 1.26, 3.49, 3.04, 2.51, 5.50, 1.85, 121.82, 1.00, 0.00, 0.00, 0.00, 0.00, 0.00, 0.00, 0.00, 0.00, 36.54, 1.00, 36.52, 1.00, 34.42, 1.00, 0.00, 0.00, 30.06, 1.00, 0.00, 0.00, 68.50, 1.00, 2.99, 20.69, 25.86, 70.69, 25.78, 104.11, 17.34, 80.31, 17.24, 67.05, 28.52, 27.62, -999
13/11/16 22, 0.86, 1.42, 3.09, 3.48, 2.80, 5.50, 1.89, 98.77, 1.00, 98.79, 1.00, 0.00, 0.00, 0.00, 0.00, 0.00, 0.00, 0.00, 0.00, 49.20, 1.00, 35.19, 1.00, 0.00, 0.00, 30.09, 1.00, 0.00, 0.00, 81.88, 1.00, 2.97, 33.63, 27.06, 69.42, 27.03, 85.91, 19.07, 80.70, 18.96, 68.67, 29.60, 28.70, -999
13/11/16 23, 0.73, 1.52, 3.32, 3.77, 3.01, 5.50, 2.21, 98.56, 1.00, 98.58, 1.00, 0.00, 0.00, 34.68, 1.00, 0.00, 0.00, 0.00, 0.00, 49.07, 1.00, 34.64, 1.00, 0.00, 0.00, 30.25, 1.00, 0.00, 0.00, 87.57, 1.00, 2.97, 33.74, 25.95, 88.59, 26.02, 85.14, 19.22, 81.81, 19.11, 68.29, 28.93, 28.03, -999
14/11/16 00, 0.64, 1.56, 3.80, 3.88, 3.39, 5.50, 2.39, 98.40, 1.00, 98.42, 1.00, 0.00, 0.00, 34.77, 1.00, 0.00, 0.00, 0.00, 0.00, 48.67, 1.00, 34.38, 1.00, 0.00, 0.00, 30.04, 1.00, 0.00, 0.00, 87.66, 1.00, 2.97, 33.83, 26.00, 88.48, 26.06, 85.94, 19.37, 82.39, 19.26, 69.14, 28.97, 28.07, -999
14/11/16 01, 0.57, 1.60, 4.26, 4.16, 3.82, 5.50, 2.71, 98.52, 1.00, 98.54, 1.00, 0.00, 0.00, 34.13, 1.00, 0.00, 0.00, 0.00, 0.00, 48.38, 1.00, 33.77, 1.00, 0.00, 0.00, 29.34, 1.00, 0.00, 0.00, 86.75, 1.00, 2.97, 33.76, 26.05, 89.62, 26.12, 86.54, 19.59, 83.63, 19.49, 71.58, 29.01, 28.11, -999
14/11/16 02, 0.59, 1.69, 4.75, 4.42, 3.73, 5.50, 3.51, 97.56, 1.00, 97.58, 1.00, 0.00, 0.00, 33.71, 1.00, 0.00, 0.00, 0.00, 0.00, 0.00, 0.00, 0.00, 0.00, 0.00, 0.00, 30.55, 1.00, 0.00, 0.00, 79.60, 1.00, 2.97, 34.28, 28.03, 92.30, 28.13, 67.78, 26.09, 63.67, 25.98, 74.20, 30.56, 29.66, -999
14/11/16 03, 0.74, 2.17, 5.30, 3.38, 3.13, 5.50, 4.39, 96.61, 1.00, 96.63, 1.00, 0.00, 0.00, 33.31, 1.00, 0.00, 0.00, 0.00, 0.00, 0.00, 0.00, 0.00, 0.00, 0.00, 0.00, 30.05, 1.00, 0.00, 0.00, 80.12, 1.00, 2.98, 34.79, 28.58, 93.50, 28.67, 67.09, 26.63, 63.80, 26.52, 76.35, 31.11, 30.21, -999
14/11/16 04, 1.00, 2.68, 5.26, 3.22, 2.67, 5.34, 4.06, 96.04, 1.00, 96.06, 1.00, 0.00, 0.00, 0.00, 0.00, 0.00, 0.00, 0.00, 0.00, 47.99, 1.00, 0.00, 0.00, 0.00, 0.00, 0.00, 0.00, 0.00, 0.00, 85.27, 1.00, 2.98, 35.10, 28.55, 76.74, 28.52, 89.66, 29.58, 63.79, 29.58, 61.16, 31.10, 30.20, -999
14/11/16 05, 1.28, 3.07, 5.07, 4.13, 2.32, 5.13, 3.32, 96.14, 1.00, 96.16, 1.00, 0.00, 0.00, 0.00, 0.00, 0.00, 0.00, 0.00, 0.00, 48.30, 1.00, 0.00, 0.00, 0.00, 0.00, 0.00, 0.00, 0.00, 0.00, 83.27, 1.00, 2.98, 35.04, 28.83, 76.27, 28.79, 89.36, 29.70, 63.24, 29.70, 60.01, 31.36, 30.46, -999
14/11/16 06, 1.55, 3.62, 4.87, 4.06, 1.92, 4.93, 2.60, 95.06, 1.00, 95.08, 1.00, 0.00, 0.00, 0.00, 0.00, 0.00, 0.00, 0.00, 0.00, 0.00, 0.00, 0.00, 0.00, 0.00, 0.00, 32.25, 1.00, 0.00, 0.00, 65.97, 1.00, 2.98, 35.62, 31.63, 76.00, 31.63, 67.26, 27.42, 62.58, 27.29, 69.67, 33.90, 33.00, -999
14/11/16 07, 1.79, 4.31, 4.66, 3.00, 1.46, 5.24, 3.16, 95.43, 1.00, 95.45, 1.00, 0.00, 0.00, 0.00, 0.00, 0.00, 0.00, 0.00, 0.00, 0.00, 0.00, 35.49, 1.00, 0.00, 0.00, 30.13, 1.00, 0.00, 0.00, 60.32, 1.00, 2.98, 35.42, 31.86, 73.43, 31.86, 62.28, 20.78, 81.98, 20.67, 70.24, 34.10, 33.20, -999
14/11/16 08, 1.85, 4.66, 4.32, 2.79, 1.96, 5.50, 3.99, 97.11, 1.00, 97.13, 1.00, 0.00, 0.00, 0.00, 0.00, 0.00, 0.00, 0.00, 0.00, 50.30, 1.00, 35.26, 1.00, 0.00, 0.00, 30.08, 1.00, 0.00, 0.00, 69.90, 1.00, 2.97, 34.52, 29.79, 70.49, 29.75, 86.49, 20.25, 81.78, 20.14, 69.91, 32.26, 31.36, -999
14/11/16 09, 1.79, 4.86, 3.89, 3.20, 2.40, 5.50, 4.15, 97.29, 1.00, 97.31, 1.00, 0.00, 0.00, 0.00, 0.00, 0.00, 0.00, 0.00, 0.00, 50.86, 1.00, 35.56, 1.00, 0.00, 0.00, 30.25, 1.00, 0.00, 0.00, 67.86, 1.00, 2.97, 34.43, 29.91, 70.72, 29.87, 85.51, 20.02, 81.02, 19.91, 69.10, 32.38, 31.48, -999
14/11/16 10, 1.73, 5.03, 3.48, 3.32, 2.67, 5.50, 4.09, 96.49, 1.00, 96.51, 1.00, 0.00, 0.00, 0.00, 0.00, 0.00, 0.00, 0.00, 0.00, 50.84, 1.00, 35.36, 1.00, 0.00, 0.00, 30.01, 1.00, 0.00, 0.00, 69.08, 1.00, 2.98, 34.86, 30.12, 69.26, 30.08, 85.75, 20.40, 81.75, 20.30, 70.28, 32.59, 31.69, -999
14/11/16 11, 1.75, 5.22, 3.03, 3.46, 3.01, 5.50, 4.31, 97.90, 1.00, 97.92, 1.00, 0.00, 0.00, 0.00, 0.00, 0.00, 0.00, 0.00, 0.00, 50.59, 1.00, 34.70, 1.00, 0.00, 0.00, 30.01, 1.00, 0.00, 0.00, 62.79, 1.00, 2.97, 34.10, 30.16, 70.14, 30.12, 86.30, 19.97, 82.46, 19.87, 69.85, 32.61, 31.71, -999
14/11/16 12, 1.63, 5.03, 3.45, 3.69, 3.46, 5.50, 4.41, 97.66, 1.00, 97.68, 1.00, 0.00, 0.00, 36.53, 1.00, 0.00, 0.00, 0.00, 0.00, 50.08, 1.00, 34.76, 1.00, 0.00, 0.00, 30.19, 1.00, 0.00, 0.00, 68.66, 1.00, 2.97, 34.23, 29.13, 88.54, 29.21, 86.40, 19.99, 82.37, 19.88, 69.26, 32.04, 31.14, -999
14/11/16 13, 1.55, 4.85, 3.92, 3.95, 3.84, 5.50, 4.33, 96.62, 1.00, 96.63, 1.00, 0.00, 0.00, 34.98, 1.00, 0.00, 0.00, 0.00, 0.00, 50.11, 1.00, 34.78, 1.00, 0.00, 0.00, 29.47, 1.00, 0.00, 0.00, 73.01, 1.00, 2.98, 34.79, 29.11, 91.25, 29.18, 86.31, 20.55, 82.90, 20.44, 72.13, 32.02, 31.12, -999
14/11/16 14, 1.64, 4.74, 4.45, 4.15, 3.68, 5.50, 4.95, 96.14, 1.00, 96.15, 1.00, 0.00, 0.00, 35.40, 1.00, 0.00, 0.00, 0.00, 0.00, 50.04, 1.00, 0.00, 0.00, 0.00, 0.00, 0.00, 0.00, 0.00, 0.00, 78.76, 1.00, 2.98, 35.05, 29.09, 90.50, 29.16, 86.41, 29.92, 62.96, 29.92, 58.16, 32.03, 31.13, -999
14/11/16 15, 1.87, 4.68, 4.95, 4.34, 2.97, 5.11, 3.12, 95.79, 1.00, 95.81, 1.00, 0.00, 0.00, 34.42, 1.00, 0.00, 0.00, 0.00, 0.00, 50.39, 1.00, 0.00, 0.00, 0.00, 0.00, 0.00, 0.00, 0.00, 0.00, 81.10, 1.00, 2.98, 35.23, 29.07, 92.15, 29.13, 85.70, 30.17, 62.68, 30.17, 55.53, 32.01, 31.11, -999
14/11/16 16, 2.02, 4.69, 5.28, 4.29, 2.33, 5.11, 2.58, 96.13, 1.00, 96.15, 1.00, 0.00, 0.00, 0.00, 0.00, 0.00, 0.00, 0.00, 0.00, 49.81, 1.00, 0.00, 0.00, 0.00, 0.00, 32.62, 1.00, 0.00, 0.00, 74.11, 1.00, 2.98, 35.05, 29.98, 72.12, 29.94, 87.65, 27.13, 61.61, 27.01, 68.08, 32.48, 31.58, -999
14/11/16 17, 2.17, 5.12, 4.87, 3.90, 1.63, 5.31, 2.70, 95.24, 1.00, 95.26, 1.00, 0.00, 0.00, 0.00, 0.00, 0.00, 0.00, 0.00, 0.00, 0.00, 0.00, 0.00, 0.00, 0.00, 0.00, 32.46, 1.00, 0.00, 0.00, 58.37, 1.00, 2.98, 35.53, 32.53, 71.22, 32.53, 62.76, 27.61, 61.48, 27.49, 69.11, 34.76, 33.86, -999
14/11/16 18, 2.31, 5.39, 4.44, 2.99, 1.87, 5.50, 3.04, 93.42, 1.00, 93.44, 1.00, 0.00, 0.00, 0.00, 0.00, 0.00, 0.00, 0.00, 0.00, 50.16, 1.00, 35.52, 1.00, 0.00, 0.00, 30.38, 1.00, 0.00, 0.00, 0.00, 0.00, 2.98, 36.49, 28.39, 72.59, 28.35, 85.37, 21.61, 82.67, 21.50, 70.27, 39.41, 29.77, -999
14/11/16 19, 2.53, 4.86, 4.08, 3.19, 2.39, 5.50, 3.42, 93.95, 1.00, 93.97, 1.00, 0.00, 0.00, 0.00, 0.00, 0.00, 0.00, 0.00, 0.00, 49.96, 1.00, 36.13, 1.00, 0.00, 0.00, 29.60, 1.00, 0.00, 0.00, 0.00, 0.00, 2.98, 36.22, 27.87, 72.95, 27.83, 85.25, 21.50, 81.48, 21.39, 72.66, 39.18, 29.25, -999
14/11/16 20, 2.72, 4.33, 3.75, 3.34, 2.66, 5.50, 4.17, 94.55, 1.00, 94.57, 1.00, 0.00, 0.00, 0.00, 0.00, 0.00, 0.00, 0.00, 0.00, 50.11, 1.00, 35.74, 1.00, 0.00, 0.00, 30.50, 1.00, 0.00, 0.00, 0.00, 0.00, 2.98, 35.90, 27.33, 71.34, 27.29, 84.41, 21.16, 81.84, 21.05, 69.42, 38.91, 28.71, -999
14/11/16 21, 2.85, 3.80, 3.37, 3.24, 2.98, 5.50, 4.16, 94.00, 1.00, 94.02, 1.00, 0.00, 0.00, 0.00, 0.00, 0.00, 0.00, 0.00, 0.00, 50.17, 1.00, 36.02, 1.00, 0.00, 0.00, 30.37, 1.00, 0.00, 0.00, 0.00, 0.00, 2.98, 36.19, 26.80, 68.17, 26.76, 83.75, 21.45, 81.63, 21.34, 70.15, 39.25, 28.17, -999
14/11/16 22, 3.01, 3.18, 3.09, 2.93, 3.20, 5.50, 4.31, 94.24, 1.00, 94.26, 1.00, 0.00, 0.00, 35.02, 1.00, 0.00, 0.00, 0.00, 0.00, 48.80, 1.00, 35.46, 1.00, 0.00, 0.00, 30.49, 1.00, 0.00, 0.00, 0.00, 0.00, 2.98, 36.06, 22.90, 84.96, 22.97, 82.60, 21.51, 82.68, 21.40, 69.81, 39.17, 24.68, -999
14/11/16 23, 3.15, 2.29, 3.45, 2.53, 3.58, 5.50, 4.35, 93.38, 1.00, 93.40, 1.00, 0.00, 0.00, 33.19, 1.00, 0.00, 0.00, 0.00, 0.00, 48.43, 1.00, 35.36, 1.00, 0.00, 0.00, 30.47, 1.00, 0.00, 0.00, 0.00, 0.00, 2.98, 36.52, 22.27, 87.38, 22.33, 82.66, 22.02, 83.37, 21.91, 70.38, 39.68, 24.02, -999
15/11/16 00, 3.32, 1.43, 3.90, 2.40, 4.01, 5.50, 4.51, 92.45, 1.00, 92.47, 1.00, 0.00, 0.00, 32.34, 1.00, 0.00, 0.00, 0.00, 0.00, 47.21, 1.00, 0.00, 0.00, 0.00, 0.00, 31.87, 1.00, 0.00, 0.00, 0.00, 0.00, 2.98, 37.01, 21.64, 88.10, 21.70, 84.24, 29.50, 63.66, 29.38, 73.12, 40.58, 23.36, -999
15/11/16 01, 3.65, 0.59, 4.36, 2.77, 3.36, 5.40, 4.41, 88.61, 1.00, 88.63, 1.00, 0.00, 0.00, 31.89, 1.00, 0.00, 0.00, 0.00, 0.00, 46.19, 1.00, 0.00, 0.00, 0.00, 0.00, 0.00, 0.00, 0.00, 0.00, 0.00, 0.00, 2.98, 39.02, 20.96, 88.11, 21.02, 85.35, 34.56, 63.27, 34.56, 59.28, 43.32, 22.66, -999
15/11/16 02, 3.83, 0.62, 4.84, 3.37, 2.76, 5.09, 3.00, 94.64, 1.00, 94.66, 1.00, 0.00, 0.00, 33.45, 1.00, 0.00, 0.00, 0.00, 0.00, 48.73, 1.00, 0.00, 0.00, 0.00, 0.00, 0.00, 0.00, 0.00, 0.00, 112.04, 1.00, 2.98, 35.85, 25.75, 90.44, 25.81, 85.58, 31.52, 62.92, 31.52, 58.27, 28.87, 27.97, -999
15/11/16 03, 3.86, 0.92, 5.34, 3.67, 2.20, 5.13, 2.81, 94.58, 1.00, 94.59, 1.00, 0.00, 0.00, 0.00, 0.00, 0.00, 0.00, 0.00, 0.00, 47.82, 1.00, 0.00, 0.00, 0.00, 0.00, 32.34, 1.00, 0.00, 0.00, 101.07, 1.00, 2.98, 35.88, 27.78, 75.86, 27.74, 89.18, 28.80, 62.91, 28.67, 70.73, 30.43, 29.53, -999
15/11/16 04, 3.89, 1.48, 5.09, 4.48, 1.75, 5.47, 3.54, 93.73, 1.00, 93.75, 1.00, 0.00, 0.00, 0.00, 0.00, 0.00, 0.00, 0.00, 0.00, 47.26, 1.00, 0.00, 0.00, 0.00, 0.00, 31.99, 1.00, 0.00, 0.00, 100.48, 1.00, 2.98, 36.33, 28.33, 75.61, 28.30, 90.76, 29.15, 62.74, 29.03, 72.34, 30.98, 30.08, -999
15/11/16 05, 4.03, 2.33, 4.84, 3.94, 1.65, 5.50, 4.79, 93.37, 1.00, 93.39, 1.00, 0.00, 0.00, 0.00, 0.00, 0.00, 0.00, 0.00, 0.00, 0.00, 0.00, 37.04, 1.00, 0.00, 0.00, 0.00, 0.00, 0.00, 0.00, 79.77, 1.00, 2.98, 36.52, 31.61, 76.50, 31.61, 66.30, 28.70, 86.98, 28.70, 61.40, 33.95, 33.05, -999
15/11/16 06, 4.15, 3.10, 4.67, 3.10, 2.47, 5.29, 3.89, 93.61, 1.00, 93.63, 1.00, 0.00, 0.00, 0.00, 0.00, 0.00, 0.00, 0.00, 0.00, 50.05, 1.00, 37.34, 1.00, 0.00, 0.00, 0.00, 0.00, 0.00, 0.00, 94.32, 1.00, 2.98, 36.39, 29.35, 74.99, 29.31, 86.54, 28.62, 86.33, 28.62, 59.70, 31.97, 31.07, -999
15/11/16 07, 4.22, 3.56, 4.41, 3.49, 3.14, 5.00, 2.72, 94.24, 1.00, 94.26, 1.00, 0.00, 0.00, 0.00, 0.00, 0.00, 0.00, 0.00, 0.00, 49.20, 1.00, 37.39, 1.00, 0.00, 0.00, 0.00, 0.00, 0.00, 0.00, 90.23, 1.00, 2.98, 36.06, 29.63, 72.31, 29.59, 88.48, 28.44, 86.07, 28.44, 56.01, 32.22, 31.32, -999
15/11/16 08, 4.13, 3.98, 4.04, 4.15, 3.65, 5.13, 2.66, 95.33, 1.00, 95.35, 1.00, 0.00, 0.00, 0.00, 0.00, 0.00, 0.00, 0.00, 0.00, 51.04, 1.00, 35.43, 1.00, 0.00, 0.00, 31.21, 1.00, 0.00, 0.00, 84.76, 1.00, 2.98, 35.48, 29.65, 71.19, 29.61, 84.89, 21.84, 83.07, 21.72, 67.71, 32.22, 31.32, -999
15/11/16 09, 3.99, 4.32, 3.64, 3.75, 3.94, 5.33, 2.81, 95.08, 1.00, 95.10, 1.00, 0.00, 0.00, 0.00, 0.00, 0.00, 0.00, 0.00, 0.00, 50.47, 1.00, 0.00, 0.00, 0.00, 0.00, 33.11, 1.00, 0.00, 0.00, 83.98, 1.00, 2.98, 35.61, 29.99, 72.29, 29.95, 86.37, 28.61, 62.91, 28.48, 67.75, 32.55, 31.65, -999
15/11/16 10, 3.98, 4.67, 3.30, 3.96, 3.19, 5.47, 2.68, 95.10, 1.00, 95.12, 1.00, 0.00, 0.00, 0.00, 0.00, 0.00, 0.00, 0.00, 0.00, 50.31, 1.00, 0.00, 0.00, 0.00, 0.00, 32.88, 1.00, 0.00, 0.00, 81.91, 1.00, 2.98, 35.60, 30.25, 70.56, 30.21, 86.94, 28.63, 62.63, 28.50, 68.62, 32.80, 31.90, -999
15/11/16 11, 3.97, 4.92, 3.12, 4.25, 2.51, 5.50, 3.07, 95.26, 1.00, 95.28, 1.00, 0.00, 0.00, 36.38, 1.00, 0.00, 0.00, 0.00, 0.00, 50.25, 1.00, 0.00, 0.00, 0.00, 0.00, 31.77, 1.00, 0.00, 0.00, 85.32, 1.00, 2.98, 35.52, 29.29, 88.98, 29.37, 86.22, 28.75, 61.90, 28.63, 72.71, 32.30, 31.40, -999
15/11/16 12, 3.95, 4.91, 3.60, 4.36, 1.82, 5.50, 3.72, 94.59, 1.00, 94.61, 1.00, 0.00, 0.00, 36.62, 1.00, 0.00, 0.00, 0.00, 0.00, 49.49, 1.00, 0.00, 0.00, 0.00, 0.00, 31.46, 1.00, 0.00, 0.00, 87.60, 1.00, 2.98, 35.87, 29.29, 88.54, 29.37, 87.70, 28.97, 61.89, 28.85, 74.00, 32.30, 31.40, -999
15/11/16 13, 3.95, 5.20, 4.08, 3.67, 1.76, 5.50, 4.42, 94.51, 1.00, 94.53, 1.00, 0.00, 0.00, 36.98, 1.00, 0.00, 0.00, 0.00, 0.00, 0.00, 0.00, 36.11, 1.00, 0.00, 0.00, 29.13, 1.00, 0.00, 0.00, 76.14, 1.00, 2.98, 35.92, 31.12, 89.72, 31.24, 61.37, 22.49, 82.51, 22.39, 75.14, 33.67, 32.77, -999
15/11/16 14, 3.94, 5.35, 4.55, 3.04, 2.26, 5.34, 4.08, 94.64, 1.00, 94.66, 1.00, 0.00, 0.00, 35.77, 1.00, 0.00, 0.00, 0.00, 0.00, 50.88, 1.00, 37.91, 1.00, 0.00, 0.00, 0.00, 0.00, 0.00, 0.00, 84.06, 1.00, 2.98, 35.85, 29.72, 90.48, 29.79, 85.38, 28.05, 84.70, 28.05, 58.10, 32.71, 31.81, -999
15/11/16 15, 3.97, 5.32, 5.04, 3.16, 2.74, 4.98, 2.48, 94.55, 1.00, 94.57, 1.00, 0.00, 0.00, 34.82, 1.00, 0.00, 0.00, 0.00, 0.00, 50.28, 1.00, 35.70, 1.00, 0.00, 0.00, 31.27, 1.00, 0.00, 0.00, 83.92, 1.00, 2.98, 35.89, 29.72, 92.13, 29.78, 86.58, 22.07, 82.82, 21.96, 67.89, 32.69, 31.79, -999
15/11/16 16, 3.89, 5.47, 5.14, 3.53, 3.17, 5.20, 2.72, 94.98, 1.00, 95.00, 1.00, 0.00, 0.00, 0.00, 0.00, 0.00, 0.00, 0.00, 0.00, 50.45, 1.00, 35.35, 1.00, 0.00, 0.00, 31.09, 1.00, 0.00, 0.00, 76.65, 1.00, 2.98, 35.67, 30.83, 73.80, 30.79, 87.23, 21.95, 83.31, 21.84, 68.25, 33.34, 32.44, -999
15/11/16 17, 4.04, 5.15, 4.80, 3.90, 3.64, 5.43, 3.03, 91.23, 1.00, 91.25, 1.00, 0.00, 0.00, 0.00, 0.00, 0.00, 0.00, 0.00, 0.00, 49.34, 1.00, 35.80, 1.00, 0.00, 0.00, 31.27, 1.00, 0.00, 0.00, 0.00, 0.00, 2.98, 37.65, 28.21, 73.26, 28.17, 86.79, 23.13, 83.72, 23.02, 68.82, 41.13, 29.58, -999
15/11/16 18, 4.27, 4.62, 4.45, 4.26, 4.06, 5.50, 3.56, 89.39, 1.00, 89.41, 1.00, 0.00, 0.00, 0.00, 0.00, 0.00, 0.00, 0.00, 0.00, 49.38, 1.00, 0.00, 0.00, 0.00, 0.00, 31.90, 1.00, 0.00, 0.00, 0.00, 0.00, 2.98, 38.62, 27.68, 71.61, 27.64, 86.19, 31.37, 62.77, 31.25, 74.90, 42.62, 29.05, -999
15/11/16 19, 4.58, 4.10, 4.05, 4.45, 3.27, 5.50, 4.43, 112.52, 1.00, 0.00, 0.00, 0.00, 0.00, 0.00, 0.00, 0.00, 0.00, 0.00, 0.00, 49.79, 1.00, 0.00, 0.00, 0.00, 0.00, 32.68, 1.00, 0.00, 0.00, 0.00, 0.00, 2.99, 26.03, 27.13, 69.98, 27.09, 84.85, 29.22, 62.18, 29.09, 69.94, 38.69, 28.50, -999
15/11/16 20, 4.57, 3.57, 3.61, 4.17, 2.51, 5.50, 4.26, 112.53, 1.00, 0.00, 0.00, 0.00, 0.00, 0.00, 0.00, 0.00, 0.00, 0.00, 0.00, 49.10, 1.00, 0.00, 0.00, 0.00, 0.00, 32.60, 1.00, 0.00, 0.00, 0.00, 0.00, 2.99, 26.03, 26.65, 70.48, 26.61, 85.69, 29.22, 61.06, 29.10, 70.23, 38.69, 28.02, -999
15/11/16 21, 4.56, 3.05, 3.20, 4.31, 1.70, 5.50, 4.19, 112.48, 1.00, 0.00, 0.00, 0.00, 0.00, 0.00, 0.00, 0.00, 0.00, 0.00, 0.00, 49.10, 1.00, 0.00, 0.00, 0.00, 0.00, 32.52, 1.00, 0.00, 0.00, 0.00, 0.00, 2.99, 26.06, 26.13, 67.89, 26.09, 85.17, 29.24, 59.79, 29.12, 70.54, 38.70, 27.50, -999
15/11/16 22, 4.44, 2.35, 3.14, 4.27, 1.74, 5.50, 4.10, 113.59, 1.00, 0.00, 0.00, 0.00, 0.00, 34.14, 1.00, 0.00, 0.00, 0.00, 0.00, 47.39, 1.00, 36.53, 1.00, 0.00, 0.00, 30.71, 1.00, 0.00, 0.00, 0.00, 0.00, 2.99, 25.43, 22.34, 85.89, 22.40, 84.64, 21.76, 81.04, 21.65, 69.34, 38.03, 24.09, -999
15/11/16 23, 4.26, 1.49, 3.55, 4.34, 1.99, 5.50, 4.06, 113.62, 1.00, 0.00, 0.00, 0.00, 0.00, 33.05, 1.00, 0.00, 0.00, 0.00, 0.00, 47.53, 1.00, 36.26, 1.00, 0.00, 0.00, 30.70, 1.00, 0.00, 0.00, 0.00, 0.00, 2.99, 25.41, 21.59, 86.92, 21.64, 83.62, 21.77, 81.52, 21.66, 69.36, 37.97, 23.32, -999
16/11/16 00, 4.09, 0.64, 3.98, 4.06, 2.30, 5.50, 4.04, 112.64, 1.00, 0.00, 0.00, 0.00, 0.00, 33.80, 1.00, 0.00, 0.00, 0.00, 0.00, 46.92, 1.00, 35.70, 1.00, 0.00, 0.00, 29.75, 1.00, 0.00, 0.00, 0.00, 0.00, 2.99, 25.96, 20.71, 84.83, 20.78, 83.83, 22.57, 83.31, 22.46, 73.26, 38.35, 22.45, -999
16/11/16 01, 3.72, 0.51, 4.35, 4.09, 2.80, 5.50, 4.74, 118.19, 1.00, 0.00, 0.00, 0.00, 0.00, 33.43, 1.00, 0.00, 0.00, 0.00, 0.00, 48.34, 1.00, 34.96, 1.00, 0.00, 0.00, 29.10, 1.00, 0.00, 0.00, 93.06, 1.00, 2.99, 22.79, 25.06, 89.79, 25.12, 85.62, 19.97, 82.00, 19.87, 72.70, 28.05, 27.15, -999
16/11/16 02, 3.35, 0.67, 4.84, 4.31, 3.26, 5.20, 3.40, 117.28, 1.00, 0.00, 0.00, 0.00, 0.00, 32.68, 1.00, 0.00, 0.00, 0.00, 0.00, 47.41, 1.00, 36.42, 1.00, 0.00, 0.00, 0.00, 0.00, 0.00, 0.00, 95.80, 1.00, 2.99, 23.32, 25.34, 91.27, 25.40, 87.60, 26.04, 85.45, 26.04, 59.25, 28.32, 27.42, -999
16/11/16 03, 3.01, 1.01, 5.37, 4.08, 3.84, 4.98, 2.49, 116.50, 1.00, 0.00, 0.00, 0.00, 0.00, 0.00, 0.00, 0.00, 0.00, 0.00, 0.00, 0.00, 0.00, 33.85, 1.00, 0.00, 0.00, 30.33, 1.00, 0.00, 0.00, 70.05, 1.00, 2.99, 23.76, 29.38, 76.34, 29.38, 67.97, 20.88, 84.80, 20.77, 69.71, 31.67, 30.77, -999
16/11/16 04, 2.82, 1.77, 5.15, 3.12, 3.69, 5.33, 3.31, 115.40, 1.00, 0.00, 0.00, 0.00, 0.00, 0.00, 0.00, 0.00, 0.00, 0.00, 0.00, 0.00, 0.00, 0.00, 0.00, 0.00, 0.00, 31.05, 1.00, 0.00, 0.00, 69.85, 1.00, 2.99, 24.39, 30.11, 76.17, 30.11, 68.24, 27.70, 64.83, 27.58, 74.14, 32.40, 31.50, -999
16/11/16 05, 2.66, 2.21, 4.93, 3.72, 3.35, 5.49, 4.75, 115.21, 1.00, 0.00, 0.00, 0.00, 0.00, 0.00, 0.00, 0.00, 0.00, 0.00, 0.00, 47.79, 1.00, 0.00, 0.00, 0.00, 0.00, 0.00, 0.00, 0.00, 0.00, 86.21, 1.00, 2.99, 24.51, 28.15, 76.59, 28.11, 89.62, 30.13, 64.23, 30.13, 61.75, 30.70, 29.80, -999
16/11/16 06, 2.65, 2.64, 4.76, 4.43, 2.94, 5.31, 3.99, 115.81, 1.00, 0.00, 0.00, 0.00, 0.00, 0.00, 0.00, 0.00, 0.00, 0.00, 0.00, 0.00, 0.00, 0.00, 0.00, 0.00, 0.00, 0.00, 0.00, 0.00, 0.00, 64.70, 1.00, 2.99, 24.16, 30.55, 74.18, 30.55, 66.52, 30.06, 64.01, 30.06, 59.98, 32.81, 31.91, -999
16/11/16 07, 2.61, 3.31, 4.46, 3.24, 2.58, 5.03, 2.87, 115.73, 1.00, 0.00, 0.00, 0.00, 0.00, 0.00, 0.00, 0.00, 0.00, 0.00, 0.00, 0.00, 0.00, 0.00, 0.00, 0.00, 0.00, 0.00, 0.00, 0.00, 0.00, 61.08, 1.00, 2.99, 24.21, 30.92, 74.03, 30.92, 63.16, 30.05, 62.04, 30.05, 57.61, 33.17, 32.27, -999
16/11/16 08, 2.47, 3.67, 4.16, 3.08, 1.90, 5.00, 2.41, 118.13, 1.00, 0.00, 0.00, 0.00, 0.00, 0.00, 0.00, 0.00, 0.00, 0.00, 0.00, 50.33, 1.00, 0.00, 0.00, 0.00, 0.00, 32.68, 1.00, 0.00, 0.00, 67.20, 1.00, 2.99, 22.83, 28.72, 68.13, 28.68, 85.37, 25.98, 59.33, 25.85, 66.71, 31.18, 30.28, -999
16/11/16 09, 2.13, 3.79, 3.65, 3.24, 1.52, 5.04, 2.05, 120.25, 1.00, 0.00, 0.00, 0.00, 0.00, 0.00, 0.00, 0.00, 0.00, 0.00, 0.00, 50.60, 1.00, 34.78, 1.00, 0.00, 0.00, 30.61, 1.00, 0.00, 0.00, 53.91, 1.00, 2.99, 21.60, 28.61, 69.61, 28.57, 84.73, 18.18, 80.53, 18.07, 66.10, 31.02, 30.12, -999
16/11/16 10, 1.72, 3.82, 3.21, 3.19, 1.92, 5.12, 1.86, 120.12, 1.00, 0.00, 0.00, 0.00, 0.00, 0.00, 0.00, 0.00, 0.00, 0.00, 0.00, 50.53, 1.00, 34.78, 1.00, 0.00, 0.00, 30.65, 1.00, 0.00, 0.00, 53.75, 1.00, 2.99, 21.68, 28.64, 68.97, 28.60, 84.88, 18.22, 80.58, 18.11, 65.98, 31.04, 30.14, -999
16/11/16 11, 1.33, 3.67, 3.23, 3.19, 2.26, 5.17, 1.66, 120.36, 1.00, 0.00, 0.00, 0.00, 0.00, 35.48, 1.00, 0.00, 0.00, 0.00, 0.00, 49.97, 1.00, 34.54, 1.00, 0.00, 0.00, 30.65, 1.00, 0.00, 0.00, 59.05, 1.00, 2.99, 21.54, 27.50, 88.77, 27.57, 84.98, 18.10, 80.86, 17.99, 65.87, 30.35, 29.45, -999
16/11/16 12, 0.99, 3.40, 3.72, 3.29, 2.63, 5.21, 1.46, 98.96, 1.00, 98.98, 1.00, 0.00, 0.00, 35.06, 1.00, 0.00, 0.00, 0.00, 0.00, 50.54, 1.00, 34.70, 1.00, 0.00, 0.00, 30.77, 1.00, 0.00, 0.00, 73.44, 1.00, 2.97, 33.52, 27.66, 89.66, 27.72, 84.00, 18.96, 81.45, 18.85, 66.34, 30.57, 29.67, -999
16/11/16 13, 0.86, 3.27, 4.21, 3.00, 3.01, 5.32, 1.49, 98.29, 1.00, 98.30, 1.00, 0.00, 0.00, 35.26, 1.00, 0.00, 0.00, 0.00, 0.00, 49.87, 1.00, 34.57, 1.00, 0.00, 0.00, 30.92, 1.00, 0.00, 0.00, 76.44, 1.00, 2.97, 33.89, 27.60, 89.25, 27.66, 85.26, 19.22, 81.94, 19.11, 66.08, 30.52, 29.62, -999
16/11/16 14, 0.80, 3.18, 4.69, 3.21, 3.41, 5.37, 1.37, 98.43, 1.00, 98.45, 1.00, 0.00, 0.00, 35.68, 1.00, 0.00, 0.00, 0.00, 0.00, 50.02, 1.00, 34.27, 1.00, 0.00, 0.00, 30.63, 1.00, 0.00, 0.00, 76.47, 1.00, 2.97, 33.82, 27.49, 88.40, 27.56, 84.86, 19.28, 82.50, 19.17, 67.12, 30.42, 29.52, -999
16/11/16 15, 0.73, 3.08, 5.11, 3.28, 3.86, 5.50, 1.72, 98.29, 1.00, 98.31, 1.00, 0.00, 0.00, 34.68, 1.00, 0.00, 0.00, 0.00, 0.00, 49.60, 1.00, 34.27, 1.00, 0.00, 0.00, 30.72, 1.00, 0.00, 0.00, 77.30, 1.00, 2.97, 33.89, 27.45, 90.09, 27.51, 85.64, 19.28, 82.50, 19.17, 66.81, 30.36, 29.46, -999
16/11/16 16, 0.78, 3.22, 5.08, 3.53, 3.53, 5.50, 1.74, 97.82, 1.00, 97.84, 1.00, 0.00, 0.00, 0.00, 0.00, 0.00, 0.00, 0.00, 0.00, 50.17, 1.00, 0.00, 0.00, 0.00, 0.00, 31.77, 1.00, 0.00, 0.00, 74.98, 1.00, 2.97, 34.14, 28.53, 73.34, 28.48, 85.49, 25.91, 63.23, 25.79, 69.88, 31.03, 30.13, -999
16/11/16 17, 0.88, 3.48, 4.72, 3.65, 2.89, 5.50, 2.15, 98.09, 1.00, 98.10, 1.00, 0.00, 0.00, 0.00, 0.00, 0.00, 0.00, 0.00, 0.00, 50.09, 1.00, 0.00, 0.00, 0.00, 0.00, 30.92, 1.00, 0.00, 0.00, 72.70, 1.00, 2.97, 34.00, 28.71, 72.73, 28.67, 85.82, 26.00, 61.20, 25.88, 72.85, 31.20, 30.30, -999
16/11/16 18, 0.97, 3.72, 4.35, 3.82, 2.05, 5.50, 3.01, 97.42, 1.00, 97.44, 1.00, 0.00, 0.00, 0.00, 0.00, 0.00, 0.00, 0.00, 0.00, 49.81, 1.00, 0.00, 0.00, 0.00, 0.00, 31.46, 1.00, 0.00, 0.00, 73.61, 1.00, 2.97, 34.36, 28.99, 72.71, 28.95, 86.66, 26.22, 61.29, 26.11, 71.26, 31.48, 30.58, -999
16/11/16 19, 1.09, 3.97, 4.00, 4.13, 1.34, 5.50, 3.47, 97.79, 1.00, 97.81, 1.00, 0.00, 0.00, 0.00, 0.00, 0.00, 0.00, 0.00, 0.00, 50.20, 1.00, 35.07, 1.00, 0.00, 0.00, 29.16, 1.00, 0.00, 0.00, 70.24, 1.00, 2.97, 34.16, 29.11, 69.89, 29.07, 86.02, 19.84, 81.69, 19.74, 72.37, 31.59, 30.69, -999
16/11/16 20, 1.06, 4.17, 3.56, 4.23, 1.85, 5.50, 4.21, 98.53, 1.00, 98.55, 1.00, 0.00, 0.00, 0.00, 0.00, 0.00, 0.00, 0.00, 0.00, 49.69, 1.00, 35.39, 1.00, 0.00, 0.00, 29.92, 1.00, 0.00, 0.00, 66.06, 1.00, 2.97, 33.76, 29.22, 70.11, 29.18, 87.11, 19.22, 80.51, 19.11, 69.37, 31.67, 30.77, -999
16/11/16 21, 0.97, 4.34, 3.14, 4.56, 2.14, 5.50, 4.23, 98.54, 1.00, 98.56, 1.00, 0.00, 0.00, 0.00, 0.00, 0.00, 0.00, 0.00, 0.00, 0.00, 0.00, 35.34, 1.00, 0.00, 0.00, 29.53, 1.00, 0.00, 0.00, 49.40, 1.00, 2.97, 33.75, 31.10, 68.37, 31.10, 58.96, 19.21, 80.59, 19.11, 70.59, 33.30, 32.40, -999
16/11/16 22, 0.89, 4.66, 3.31, 2.63, 2.41, 5.50, 4.52, 98.76, 1.00, 98.78, 1.00, 0.00, 0.00, 36.56, 1.00, 0.00, 0.00, 0.00, 0.00, 50.86, 1.00, 35.13, 1.00, 0.00, 0.00, 30.56, 1.00, 0.00, 0.00, 65.59, 1.00, 2.97, 33.64, 28.63, 87.99, 28.70, 84.34, 18.93, 80.69, 18.82, 67.00, 31.53, 30.63, -999
16/11/16 23, 0.79, 4.43, 3.76, 2.60, 2.67, 5.50, 3.86, 98.27, 1.00, 98.29, 1.00, 0.00, 0.00, 35.26, 1.00, 0.00, 0.00, 0.00, 0.00, 50.93, 1.00, 35.02, 1.00, 0.00, 0.00, 30.50, 1.00, 0.00, 0.00, 68.32, 1.00, 2.97, 33.90, 28.54, 90.20, 28.61, 84.11, 19.15, 81.09, 19.04, 67.43, 31.44, 30.54, -999
17/11/16 00, 0.75, 4.24, 4.27, 2.51, 2.97, 5.50, 3.82, 97.52, 1.00, 97.54, 1.00, 0.00, 0.00, 36.07, 1.00, 0.00, 0.00, 0.00, 0.00, 50.67, 1.00, 34.66, 1.00, 0.00, 0.00, 30.09, 1.00, 0.00, 0.00, 72.03, 1.00, 2.97, 34.30, 28.43, 88.66, 28.50, 84.52, 19.61, 82.17, 19.50, 69.22, 31.36, 30.46, -999
17/11/16 01, 0.77, 4.09, 4.72, 2.58, 3.40, 5.50, 3.88, 97.98, 1.00, 98.00, 1.00, 0.00, 0.00, 33.73, 1.00, 0.00, 0.00, 0.00, 0.00, 49.27, 1.00, 34.14, 1.00, 0.00, 0.00, 28.52, 1.00, 0.00, 0.00, 71.12, 1.00, 2.97, 34.06, 28.39, 92.62, 28.45, 87.21, 19.96, 83.39, 19.86, 74.45, 31.26, 30.36, -999
17/11/16 02, 0.77, 3.97, 5.28, 3.19, 3.96, 5.48, 4.69, 97.19, 1.00, 97.21, 1.00, 0.00, 0.00, 33.81, 1.00, 0.00, 0.00, 0.00, 0.00, 49.04, 1.00, 36.01, 1.00, 0.00, 0.00, 0.00, 0.00, 0.00, 0.00, 75.87, 1.00, 2.97, 34.48, 28.35, 92.45, 28.42, 87.60, 25.59, 85.73, 25.59, 59.71, 31.25, 30.35, -999
17/11/16 03, 1.02, 4.25, 5.03, 3.80, 3.66, 5.17, 3.32, 95.05, 1.00, 95.07, 1.00, 0.00, 0.00, 0.00, 0.00, 0.00, 0.00, 0.00, 0.00, 49.23, 1.00, 0.00, 0.00, 0.00, 0.00, 0.00, 0.00, 0.00, 0.00, 80.52, 1.00, 2.98, 35.63, 29.82, 75.40, 29.78, 88.60, 30.03, 64.52, 30.03, 59.71, 32.35, 31.45, -999
17/11/16 04, 1.36, 4.58, 4.77, 4.43, 3.25, 4.90, 2.31, 95.55, 1.00, 95.56, 1.00, 0.00, 0.00, 0.00, 0.00, 0.00, 0.00, 0.00, 0.00, 48.45, 1.00, 0.00, 0.00, 0.00, 0.00, 31.34, 1.00, 0.00, 0.00, 75.50, 1.00, 2.98, 35.36, 29.98, 75.19, 29.94, 90.24, 27.23, 64.36, 27.11, 72.69, 32.47, 31.57, -999
17/11/16 05, 1.61, 5.14, 4.52, 4.01, 2.90, 5.34, 3.56, 94.80, 1.00, 94.82, 1.00, 0.00, 0.00, 0.00, 0.00, 0.00, 0.00, 0.00, 0.00, 0.00, 0.00, 0.00, 0.00, 0.00, 0.00, 32.11, 1.00, 0.00, 0.00, 58.91, 1.00, 2.98, 35.76, 32.58, 74.95, 32.58, 67.44, 27.59, 63.84, 27.47, 70.36, 34.81, 33.91, -999
17/11/16 06, 1.92, 5.60, 4.27, 2.99, 2.50, 5.50, 4.26, 90.01, 1.00, 90.03, 1.00, 0.00, 0.00, 0.00, 0.00, 0.00, 0.00, 0.00, 0.00, 49.61, 1.00, 0.00, 0.00, 0.00, 0.00, 31.24, 1.00, 0.00, 0.00, 0.00, 0.00, 2.98, 38.29, 28.64, 73.77, 28.60, 86.70, 30.18, 63.26, 30.06, 75.97, 41.72, 30.01, -999
17/11/16 07, 2.45, 5.08, 3.97, 3.44, 2.06, 5.37, 4.17, 89.99, 1.00, 90.01, 1.00, 0.00, 0.00, 0.00, 0.00, 0.00, 0.00, 0.00, 0.00, 49.72, 1.00, 0.00, 0.00, 0.00, 0.00, 0.00, 0.00, 0.00, 0.00, 0.00, 0.00, 2.98, 38.30, 28.11, 74.13, 28.07, 85.96, 33.40, 62.07, 33.40, 56.65, 42.22, 29.48, -999
17/11/16 08, 2.95, 4.55, 3.70, 3.71, 1.48, 5.03, 2.53, 92.09, 1.00, 92.11, 1.00, 0.00, 0.00, 0.00, 0.00, 0.00, 0.00, 0.00, 0.00, 49.26, 1.00, 36.41, 1.00, 0.00, 0.00, 31.05, 1.00, 0.00, 0.00, 0.00, 0.00, 2.98, 37.20, 27.62, 67.67, 27.58, 86.34, 22.15, 81.66, 22.04, 68.58, 40.34, 28.99, -999
17/11/16 09, 3.21, 4.03, 3.19, 4.03, 1.85, 5.29, 2.95, 92.90, 1.00, 92.92, 1.00, 0.00, 0.00, 0.00, 0.00, 0.00, 0.00, 0.00, 0.00, 49.57, 1.00, 36.15, 1.00, 0.00, 0.00, 31.26, 1.00, 0.00, 0.00, 0.00, 0.00, 2.98, 36.77, 27.07, 68.97, 27.03, 85.20, 21.87, 81.82, 21.75, 67.57, 39.95, 28.44, -999
17/11/16 10, 3.40, 3.32, 3.17, 4.02, 2.22, 5.46, 2.97, 92.60, 1.00, 92.62, 1.00, 0.00, 0.00, 34.20, 1.00, 0.00, 0.00, 0.00, 0.00, 47.65, 1.00, 36.26, 1.00, 0.00, 0.00, 31.29, 1.00, 0.00, 0.00, 0.00, 0.00, 2.98, 36.93, 23.27, 86.72, 23.33, 85.10, 22.06, 81.81, 21.94, 67.69, 40.17, 25.02, -999
17/11/16 11, 3.60, 2.46, 3.60, 4.21, 2.54, 5.50, 3.13, 91.87, 1.00, 91.89, 1.00, 0.00, 0.00, 32.14, 1.00, 0.00, 0.00, 0.00, 0.00, 47.62, 1.00, 36.12, 1.00, 0.00, 0.00, 30.30, 1.00, 0.00, 0.00, 0.00, 0.00, 2.98, 37.31, 22.65, 89.42, 22.70, 84.52, 22.80, 82.80, 22.69, 71.73, 40.65, 24.37, -999
17/11/16 12, 3.82, 1.61, 4.11, 4.24, 2.95, 5.50, 3.74, 90.94, 1.00, 90.96, 1.00, 0.00, 0.00, 33.89, 1.00, 0.00, 0.00, 0.00, 0.00, 46.12, 1.00, 36.17, 1.00, 0.00, 0.00, 31.19, 1.00, 0.00, 0.00, 0.00, 0.00, 2.98, 37.81, 21.77, 85.74, 21.83, 86.29, 23.12, 83.04, 23.00, 69.08, 41.23, 23.50, -999
17/11/16 13, 4.08, 0.89, 4.48, 4.34, 3.33, 5.50, 3.68, 92.10, 1.00, 92.11, 1.00, 0.00, 0.00, 33.99, 1.00, 0.00, 0.00, 0.00, 0.00, 0.00, 0.00, 34.93, 1.00, 0.00, 0.00, 29.84, 1.00, 0.00, 0.00, 0.00, 0.00, 2.98, 37.20, 24.81, 88.61, 24.91, 63.37, 23.32, 85.41, 23.21, 73.73, 40.68, 26.19, -999
17/11/16 14, 4.25, 0.51, 4.93, 3.01, 3.99, 5.50, 4.54, 95.68, 1.00, 95.70, 1.00, 0.00, 0.00, 34.86, 1.00, 0.00, 0.00, 0.00, 0.00, 48.83, 1.00, 0.00, 0.00, 0.00, 0.00, 31.56, 1.00, 0.00, 0.00, 110.42, 1.00, 2.98, 35.29, 25.49, 87.83, 25.56, 85.14, 28.73, 63.70, 28.62, 73.43, 28.63, 27.73, -999
17/11/16 15, 4.18, 0.79, 5.34, 3.29, 3.35, 5.31, 3.87, 95.09, 1.00, 95.11, 1.00, 0.00, 0.00, 0.00, 0.00, 0.00, 0.00, 0.00, 0.00, 49.47, 1.00, 0.00, 0.00, 0.00, 0.00, 0.00, 0.00, 0.00, 0.00, 102.07, 1.00, 2.98, 35.61, 27.59, 72.83, 27.55, 85.91, 31.69, 62.59, 31.69, 55.53, 30.26, 29.36, -999
17/11/16 16, 4.19, 1.34, 4.95, 3.60, 2.64, 5.06, 2.48, 94.94, 1.00, 94.96, 1.00, 0.00, 0.00, 0.00, 0.00, 0.00, 0.00, 0.00, 0.00, 49.85, 1.00, 0.00, 0.00, 0.00, 0.00, 33.00, 1.00, 0.00, 0.00, 99.63, 1.00, 2.98, 35.69, 27.94, 73.70, 27.90, 85.54, 28.81, 62.57, 28.69, 68.35, 30.60, 29.70, -999
17/11/16 17, 4.14, 1.86, 4.61, 3.75, 2.04, 5.28, 2.66, 95.18, 1.00, 95.20, 1.00, 0.00, 0.00, 0.00, 0.00, 0.00, 0.00, 0.00, 0.00, 49.76, 1.00, 0.00, 0.00, 0.00, 0.00, 32.72, 1.00, 0.00, 0.00, 96.54, 1.00, 2.98, 35.56, 28.27, 72.83, 28.23, 86.04, 28.74, 61.76, 28.62, 69.30, 30.90, 30.00, -999
17/11/16 18, 4.06, 2.34, 4.26, 3.97, 1.58, 5.50, 3.08, 95.73, 1.00, 95.75, 1.00, 0.00, 0.00, 0.00, 0.00, 0.00, 0.00, 0.00, 0.00, 49.76, 1.00, 35.98, 1.00, 0.00, 0.00, 30.51, 1.00, 0.00, 0.00, 91.64, 1.00, 2.98, 35.27, 28.46, 72.31, 28.42, 86.22, 21.64, 81.90, 21.53, 69.88, 31.06, 30.16, -999
17/11/16 19, 3.87, 2.77, 3.89, 4.18, 2.01, 5.50, 3.38, 96.66, 1.00, 96.68, 1.00, 0.00, 0.00, 0.00, 0.00, 0.00, 0.00, 0.00, 0.00, 49.81, 1.00, 35.27, 1.00, 0.00, 0.00, 30.70, 1.00, 0.00, 0.00, 86.39, 1.00, 2.98, 34.77, 28.60, 72.26, 28.56, 86.27, 21.16, 82.66, 21.05, 68.76, 31.17, 30.27, -999
17/11/16 20, 3.64, 3.15, 3.54, 4.36, 2.54, 5.50, 3.37, 96.09, 1.00, 96.11, 1.00, 0.00, 0.00, 0.00, 0.00, 0.00, 0.00, 0.00, 0.00, 50.02, 1.00, 36.01, 1.00, 0.00, 0.00, 30.74, 1.00, 0.00, 0.00, 85.80, 1.00, 2.98, 35.07, 28.94, 71.51, 28.90, 86.19, 21.22, 81.43, 21.11, 68.69, 31.50, 30.60, -999
17/11/16 21, 3.47, 3.52, 3.17, 4.47, 2.79, 5.50, 3.35, 96.54, 1.00, 96.56, 1.00, 0.00, 0.00, 0.00, 0.00, 0.00, 0.00, 0.00, 0.00, 50.24, 1.00, 35.76, 1.00, 0.00, 0.00, 30.37, 1.00, 0.00, 0.00, 82.19, 1.00, 2.98, 34.83, 29.12, 66.06, 29.08, 85.94, 21.06, 81.71, 20.95, 69.75, 31.66, 30.76, -999
17/11/16 22, 3.28, 3.62, 3.25, 4.45, 3.07, 5.50, 3.58, 96.63, 1.00, 96.65, 1.00, 0.00, 0.00, 36.54, 1.00, 0.00, 0.00, 0.00, 0.00, 49.88, 1.00, 35.67, 1.00, 0.00, 0.00, 30.82, 1.00, 0.00, 0.00, 86.40, 1.00, 2.98, 34.78, 27.99, 87.38, 28.07, 85.64, 20.85, 81.66, 20.74, 68.04, 31.00, 30.10, -999
17/11/16 23, 3.10, 3.62, 3.69, 4.42, 3.32, 5.50, 3.35, 96.54, 1.00, 96.56, 1.00, 0.00, 0.00, 36.10, 1.00, 0.00, 0.00, 0.00, 0.00, 49.44, 1.00, 35.17, 1.00, 0.00, 0.00, 30.61, 1.00, 0.00, 0.00, 86.40, 1.00, 2.98, 34.83, 28.00, 88.17, 28.08, 86.50, 21.02, 82.69, 20.91, 68.91, 31.00, 30.10, -999
18/11/16 00, 2.96, 3.88, 4.15, 3.60, 3.72, 5.50, 3.40, 95.73, 1.00, 95.75, 1.00, 0.00, 0.00, 36.82, 1.00, 0.00, 0.00, 0.00, 0.00, 0.00, 0.00, 35.64, 1.00, 0.00, 0.00, 30.08, 1.00, 0.00, 0.00, 77.83, 1.00, 2.98, 35.26, 29.91, 88.80, 30.03, 63.51, 21.35, 82.22, 21.25, 70.99, 32.46, 31.56, -999
18/11/16 01, 2.88, 4.06, 4.59, 3.15, 3.96, 5.50, 3.86, 95.74, 1.00, 95.76, 1.00, 0.00, 0.00, 33.94, 1.00, 0.00, 0.00, 0.00, 0.00, 50.12, 1.00, 34.44, 1.00, 0.00, 0.00, 29.63, 1.00, 0.00, 0.00, 85.82, 1.00, 2.98, 35.26, 28.48, 92.36, 28.54, 85.65, 21.74, 84.67, 21.64, 72.81, 31.44, 30.54, -999
18/11/16 02, 2.92, 4.09, 5.15, 3.37, 3.73, 5.50, 4.66, 95.46, 1.00, 95.48, 1.00, 0.00, 0.00, 34.23, 1.00, 0.00, 0.00, 0.00, 0.00, 49.25, 1.00, 0.00, 0.00, 0.00, 0.00, 30.60, 1.00, 0.00, 0.00, 87.43, 1.00, 2.98, 35.41, 28.53, 91.93, 28.59, 87.37, 28.17, 63.82, 28.06, 76.12, 31.49, 30.59, -999
18/11/16 03, 3.12, 4.37, 5.08, 3.92, 3.16, 5.25, 3.63, 93.44, 1.00, 93.46, 1.00, 0.00, 0.00, 0.00, 0.00, 0.00, 0.00, 0.00, 0.00, 48.67, 1.00, 0.00, 0.00, 0.00, 0.00, 0.00, 0.00, 0.00, 0.00, 87.85, 1.00, 2.98, 36.49, 30.35, 75.66, 30.31, 90.19, 31.71, 63.80, 31.71, 59.95, 32.91, 32.01, -999
18/11/16 04, 3.42, 4.90, 4.84, 4.25, 2.69, 4.98, 2.60, 92.34, 1.00, 92.35, 1.00, 0.00, 0.00, 0.00, 0.00, 0.00, 0.00, 0.00, 0.00, 0.00, 0.00, 0.00, 0.00, 0.00, 0.00, 0.00, 0.00, 0.00, 0.00, 71.48, 1.00, 2.98, 37.07, 33.39, 76.35, 33.39, 68.99, 32.42, 63.81, 32.42, 59.53, 35.69, 34.79, -999
18/11/16 05, 3.71, 5.50, 4.65, 3.42, 2.34, 5.22, 3.23, 88.33, 1.00, 88.35, 1.00, 0.00, 0.00, 0.00, 0.00, 0.00, 0.00, 0.00, 0.00, 0.00, 0.00, 0.00, 0.00, 0.00, 0.00, 33.00, 1.00, 0.00, 0.00, 0.00, 0.00, 2.98, 39.17, 30.50, 76.15, 30.50, 67.85, 31.47, 63.64, 31.35, 71.01, 43.12, 31.69, -999
18/11/16 06, 4.16, 5.24, 4.47, 3.36, 2.05, 5.50, 3.95, 88.11, 1.00, 88.12, 1.00, 0.00, 0.00, 0.00, 0.00, 0.00, 0.00, 0.00, 0.00, 49.60, 1.00, 0.00, 0.00, 0.00, 0.00, 31.98, 1.00, 0.00, 0.00, 0.00, 0.00, 2.98, 39.29, 28.28, 74.18, 28.24, 86.36, 31.93, 62.23, 31.81, 75.13, 43.37, 29.66, -999
18/11/16 07, 4.53, 4.72, 4.18, 3.72, 1.51, 5.50, 4.79, 112.15, 1.00, 0.00, 0.00, 0.00, 0.00, 0.00, 0.00, 0.00, 0.00, 0.00, 0.00, 48.11, 1.00, 36.39, 1.00, 0.00, 0.00, 29.47, 1.00, 0.00, 0.00, 0.00, 0.00, 2.99, 26.24, 27.87, 74.04, 27.83, 88.75, 22.84, 82.37, 22.74, 74.43, 38.71, 29.23, -999
18/11/16 08, 4.55, 4.21, 3.89, 4.45, 2.00, 5.28, 3.93, 111.12, 1.00, 0.00, 0.00, 0.00, 0.00, 0.00, 0.00, 0.00, 0.00, 0.00, 0.00, 49.08, 1.00, 38.17, 1.00, 0.00, 0.00, 0.00, 0.00, 0.00, 0.00, 0.00, 0.00, 2.99, 26.82, 27.29, 71.76, 27.25, 86.35, 28.90, 85.07, 28.90, 56.68, 39.23, 28.66, -999
18/11/16 09, 4.62, 4.10, 3.52, 3.36, 2.51, 5.01, 2.53, 112.65, 1.00, 0.00, 0.00, 0.00, 0.00, 0.00, 0.00, 0.00, 0.00, 0.00, 0.00, 0.00, 0.00, 35.97, 1.00, 0.00, 0.00, 31.52, 1.00, 0.00, 0.00, 0.00, 0.00, 2.99, 25.96, 29.10, 69.72, 29.10, 59.69, 22.21, 82.49, 22.10, 67.04, 38.51, 30.29, -999
18/11/16 10, 4.48, 3.70, 3.09, 2.86, 2.90, 5.15, 2.46, 112.62, 1.00, 0.00, 0.00, 0.00, 0.00, 0.00, 0.00, 0.00, 0.00, 0.00, 0.00, 50.02, 1.00, 35.83, 1.00, 0.00, 0.00, 31.36, 1.00, 0.00, 0.00, 0.00, 0.00, 2.99, 25.98, 26.71, 69.15, 26.67, 83.98, 22.27, 82.78, 22.15, 67.65, 38.48, 28.09, -999
18/11/16 11, 4.36, 2.89, 3.32, 2.75, 3.29, 5.34, 2.62, 112.42, 1.00, 0.00, 0.00, 0.00, 0.00, 33.92, 1.00, 0.00, 0.00, 0.00, 0.00, 47.89, 1.00, 35.69, 1.00, 0.00, 0.00, 31.24, 1.00, 0.00, 0.00, 0.00, 0.00, 2.99, 26.09, 22.84, 86.76, 22.90, 84.23, 22.39, 83.17, 22.27, 68.16, 38.53, 24.59, -999
18/11/16 12, 4.28, 2.02, 3.75, 3.00, 3.70, 5.50, 2.94, 112.23, 1.00, 0.00, 0.00, 0.00, 0.00, 33.58, 1.00, 0.00, 0.00, 0.00, 0.00, 48.37, 1.00, 35.36, 1.00, 0.00, 0.00, 29.82, 1.00, 0.00, 0.00, 0.00, 0.00, 2.99, 26.20, 21.96, 86.43, 22.02, 82.46, 22.88, 84.23, 22.77, 73.33, 38.59, 23.71, -999
18/11/16 13, 4.27, 1.16, 4.15, 2.60, 3.92, 5.50, 3.87, 111.36, 1.00, 0.00, 0.00, 0.00, 0.00, 32.57, 1.00, 0.00, 0.00, 0.00, 0.00, 47.15, 1.00, 0.00, 0.00, 0.00, 0.00, 32.27, 1.00, 0.00, 0.00, 0.00, 0.00, 2.99, 26.69, 21.35, 87.44, 21.40, 84.05, 29.52, 63.12, 29.39, 71.71, 39.07, 23.07, -999
18/11/16 14, 4.40, 0.31, 4.58, 2.90, 3.20, 5.50, 4.19, 116.67, 1.00, 0.00, 0.00, 0.00, 0.00, 33.60, 1.00, 0.00, 0.00, 0.00, 0.00, 49.27, 1.00, 0.00, 0.00, 0.00, 0.00, 31.57, 1.00, 0.00, 0.00, 101.24, 1.00, 2.99, 23.67, 25.02, 89.46, 25.08, 83.84, 27.25, 61.96, 27.13, 71.90, 28.08, 27.18, -999
18/11/16 15, 4.00, 0.50, 5.06, 2.89, 2.42, 5.50, 4.55, 116.07, 1.00, 0.00, 0.00, 0.00, 0.00, 33.30, 1.00, 0.00, 0.00, 0.00, 0.00, 49.13, 1.00, 0.00, 0.00, 0.00, 0.00, 31.22, 1.00, 0.00, 0.00, 101.88, 1.00, 2.99, 24.01, 25.25, 90.19, 25.31, 84.32, 27.52, 61.16, 27.41, 73.36, 28.30, 27.40, -999
18/11/16 16, 3.75, 0.86, 5.14, 3.02, 1.63, 5.30, 3.83, 115.97, 1.00, 0.00, 0.00, 0.00, 0.00, 0.00, 0.00, 0.00, 0.00, 0.00, 0.00, 49.82, 1.00, 0.00, 0.00, 0.00, 0.00, 0.00, 0.00, 0.00, 0.00, 93.20, 1.00, 2.99, 24.07, 27.06, 73.30, 27.02, 84.71, 30.29, 60.43, 30.29, 56.81, 29.67, 28.77, -999
18/11/16 17, 3.37, 1.24, 4.78, 3.11, 1.84, 5.04, 2.49, 118.70, 1.00, 0.00, 0.00, 0.00, 0.00, 0.00, 0.00, 0.00, 0.00, 0.00, 0.00, 49.39, 1.00, 35.06, 1.00, 0.00, 0.00, 30.69, 1.00, 0.00, 0.00, 80.20, 1.00, 2.99, 22.50, 26.79, 73.58, 26.75, 85.27, 19.19, 81.07, 19.08, 66.83, 29.32, 28.42, -999
18/11/16 18, 2.92, 1.55, 4.45, 3.34, 2.23, 5.18, 2.46, 119.48, 1.00, 0.00, 0.00, 0.00, 0.00, 0.00, 0.00, 0.00, 0.00, 0.00, 0.00, 49.04, 1.00, 34.69, 1.00, 0.00, 0.00, 30.42, 1.00, 0.00, 0.00, 75.08, 1.00, 2.99, 22.05, 26.91, 72.76, 26.87, 86.06, 18.82, 81.33, 18.71, 67.34, 29.41, 28.51, -999
18/11/16 19, 2.48, 1.81, 4.09, 3.70, 2.64, 5.36, 2.62, 120.45, 1.00, 0.00, 0.00, 0.00, 0.00, 0.00, 0.00, 0.00, 0.00, 0.00, 0.00, 49.93, 1.00, 34.72, 1.00, 0.00, 0.00, 30.51, 1.00, 0.00, 0.00, 69.37, 1.00, 2.99, 21.48, 26.94, 71.81, 26.90, 84.39, 18.14, 80.60, 18.03, 66.39, 29.41, 28.51, -999
18/11/16 20, 2.02, 2.01, 3.71, 3.51, 2.91, 5.42, 2.36, 120.99, 1.00, 0.00, 0.00, 0.00, 0.00, 0.00, 0.00, 0.00, 0.00, 0.00, 0.00, 49.85, 1.00, 34.42, 1.00, 0.00, 0.00, 30.33, 1.00, 0.00, 0.00, 65.28, 1.00, 2.99, 21.17, 27.03, 71.98, 26.99, 84.63, 17.88, 80.84, 17.77, 66.71, 29.48, 28.58, -999
18/11/16 21, 1.57, 2.16, 3.36, 3.46, 3.21, 5.50, 2.36, 121.84, 1.00, 0.00, 0.00, 0.00, 0.00, 0.00, 0.00, 0.00, 0.00, 0.00, 0.00, 49.85, 1.00, 34.34, 1.00, 0.00, 0.00, 30.21, 1.00, 0.00, 0.00, 59.67, 1.00, 2.99, 20.68, 27.06, 68.92, 27.02, 84.65, 17.35, 80.45, 17.24, 66.56, 29.48, 28.58, -999
18/11/16 22, 1.12, 2.18, 3.09, 3.43, 3.41, 5.50, 2.14, 122.17, 1.00, 0.00, 0.00, 0.00, 0.00, 36.06, 1.00, 0.00, 0.00, 0.00, 0.00, 49.53, 1.00, 33.87, 1.00, 0.00, 0.00, 30.34, 1.00, 0.00, 0.00, 62.16, 1.00, 2.99, 20.49, 26.12, 86.36, 26.19, 84.45, 17.19, 81.07, 17.08, 65.97, 28.98, 28.08, -999
18/11/16 23, 0.87, 2.07, 3.50, 3.40, 3.74, 5.48, 1.79, 98.73, 1.00, 98.75, 1.00, 0.00, 0.00, 35.28, 1.00, 0.00, 0.00, 0.00, 0.00, 49.68, 1.00, 34.41, 1.00, 0.00, 0.00, 30.77, 1.00, 0.00, 0.00, 83.41, 1.00, 2.97, 33.65, 26.46, 88.09, 26.53, 84.49, 19.12, 82.11, 19.01, 66.49, 29.43, 28.53, -999
19/11/16 00, 0.80, 2.06, 3.96, 3.37, 3.79, 5.50, 1.88, 98.30, 1.00, 98.32, 1.00, 0.00, 0.00, 34.85, 1.00, 0.00, 0.00, 0.00, 0.00, 49.40, 1.00, 0.00, 0.00, 0.00, 0.00, 31.85, 1.00, 0.00, 0.00, 85.72, 1.00, 2.97, 33.88, 26.47, 88.82, 26.53, 85.04, 25.73, 63.76, 25.62, 69.42, 29.44, 28.54, -999
19/11/16 01, 0.85, 2.07, 4.43, 3.51, 3.20, 5.50, 2.18, 97.65, 1.00, 97.67, 1.00, 0.00, 0.00, 33.78, 1.00, 0.00, 0.00, 0.00, 0.00, 48.20, 1.00, 0.00, 0.00, 0.00, 0.00, 30.68, 1.00, 0.00, 0.00, 88.07, 1.00, 2.97, 34.23, 26.55, 90.70, 26.61, 87.38, 26.17, 63.81, 26.06, 73.84, 29.50, 28.60, -999
19/11/16 02, 0.95, 2.14, 4.94, 4.10, 2.73, 5.50, 3.19, 97.26, 1.00, 97.28, 1.00, 0.00, 0.00, 33.47, 1.00, 0.00, 0.00, 0.00, 0.00, 48.16, 1.00, 0.00, 0.00, 0.00, 0.00, 30.51, 1.00, 0.00, 0.00, 89.29, 1.00, 2.97, 34.44, 26.64, 91.30, 26.70, 87.53, 26.40, 62.99, 26.29, 74.64, 29.60, 28.70, -999
19/11/16 03, 1.09, 2.40, 5.21, 4.23, 2.18, 5.50, 4.18, 96.05, 1.00, 96.07, 1.00, 0.00, 0.00, 0.00, 0.00, 0.00, 0.00, 0.00, 0.00, 0.00, 0.00, 0.00, 0.00, 0.00, 0.00, 30.10, 1.00, 0.00, 0.00, 68.50, 1.00, 2.98, 35.10, 30.63, 75.85, 30.63, 67.83, 27.07, 62.67, 26.96, 76.65, 32.91, 32.01, -999
19/11/16 04, 1.34, 3.13, 4.97, 3.23, 1.69, 5.43, 4.65, 94.27, 1.00, 94.29, 1.00, 0.00, 0.00, 0.00, 0.00, 0.00, 0.00, 0.00, 0.00, 0.00, 0.00, 0.00, 0.00, 0.00, 0.00, 0.00, 0.00, 0.00, 0.00, 71.85, 1.00, 2.98, 36.05, 31.66, 76.51, 31.66, 67.48, 30.58, 62.69, 30.58, 60.84, 33.96, 33.06, -999
19/11/16 05, 1.58, 3.59, 4.78, 3.56, 1.90, 5.19, 3.61, 96.31, 1.00, 96.33, 1.00, 0.00, 0.00, 0.00, 0.00, 0.00, 0.00, 0.00, 0.00, 49.06, 1.00, 36.82, 1.00, 0.00, 0.00, 0.00, 0.00, 0.00, 0.00, 78.94, 1.00, 2.98, 34.95, 29.11, 75.17, 29.07, 88.22, 26.25, 84.93, 26.25, 59.21, 31.63, 30.73, -999
19/11/16 06, 1.70, 3.90, 4.53, 4.19, 2.52, 4.95, 2.57, 96.77, 1.00, 96.79, 1.00, 0.00, 0.00, 0.00, 0.00, 0.00, 0.00, 0.00, 0.00, 49.17, 1.00, 34.47, 1.00, 0.00, 0.00, 30.53, 1.00, 0.00, 0.00, 75.18, 1.00, 2.98, 34.71, 29.26, 74.28, 29.22, 88.16, 20.41, 83.29, 20.30, 68.58, 31.76, 30.86, -999
19/11/16 07, 1.70, 4.26, 4.24, 4.31, 3.13, 5.22, 3.04, 96.38, 1.00, 96.40, 1.00, 0.00, 0.00, 0.00, 0.00, 0.00, 0.00, 0.00, 0.00, 0.00, 0.00, 34.47, 1.00, 0.00, 0.00, 30.36, 1.00, 0.00, 0.00, 57.67, 1.00, 2.98, 34.92, 31.61, 73.04, 31.61, 65.28, 20.50, 83.37, 20.39, 69.22, 33.84, 32.94, -999
19/11/16 08, 1.75, 4.86, 3.91, 3.00, 3.69, 5.50, 3.59, 96.78, 1.00, 96.80, 1.00, 0.00, 0.00, 0.00, 0.00, 0.00, 0.00, 0.00, 0.00, 50.65, 1.00, 34.49, 1.00, 0.00, 0.00, 29.73, 1.00, 0.00, 0.00, 69.39, 1.00, 2.98, 34.70, 29.96, 71.86, 29.92, 85.98, 20.59, 83.43, 20.49, 71.36, 32.44, 31.54, -999
19/11/16 09, 1.80, 5.06, 3.54, 3.26, 3.77, 5.50, 4.16, 97.47, 1.00, 97.49, 1.00, 0.00, 0.00, 0.00, 0.00, 0.00, 0.00, 0.00, 0.00, 50.71, 1.00, 0.00, 0.00, 0.00, 0.00, 30.92, 1.00, 0.00, 0.00, 66.57, 1.00, 2.97, 34.33, 30.09, 71.26, 30.05, 85.99, 26.75, 63.14, 26.64, 73.62, 32.55, 31.65, -999
19/11/16 10, 1.85, 5.23, 3.16, 3.47, 3.07, 5.50, 4.84, 96.55, 1.00, 96.57, 1.00, 0.00, 0.00, 0.00, 0.00, 0.00, 0.00, 0.00, 0.00, 50.99, 1.00, 0.00, 0.00, 0.00, 0.00, 0.00, 0.00, 0.00, 0.00, 70.49, 1.00, 2.98, 34.83, 30.35, 69.43, 30.31, 85.69, 29.93, 61.29, 29.93, 55.87, 32.83, 31.93, -999
19/11/16 11, 2.05, 5.26, 3.18, 3.55, 2.22, 5.02, 2.61, 96.07, 1.00, 96.09, 1.00, 0.00, 0.00, 36.38, 1.00, 0.00, 0.00, 0.00, 0.00, 50.80, 1.00, 0.00, 0.00, 0.00, 0.00, 0.00, 0.00, 0.00, 0.00, 76.37, 1.00, 2.98, 35.08, 29.52, 89.21, 29.59, 85.35, 30.18, 60.93, 30.18, 56.83, 32.48, 31.58, -999
19/11/16 12, 2.13, 5.12, 3.67, 3.55, 1.43, 5.25, 2.89, 97.02, 1.00, 97.04, 1.00, 0.00, 0.00, 35.73, 1.00, 0.00, 0.00, 0.00, 0.00, 50.34, 1.00, 35.62, 1.00, 0.00, 0.00, 30.74, 1.00, 0.00, 0.00, 71.54, 1.00, 2.98, 34.57, 29.32, 90.15, 29.39, 86.06, 20.18, 81.08, 20.07, 67.66, 32.23, 31.33, -999
19/11/16 13, 2.05, 4.96, 4.18, 3.75, 1.82, 5.44, 3.01, 96.86, 1.00, 96.88, 1.00, 0.00, 0.00, 35.54, 1.00, 0.00, 0.00, 0.00, 0.00, 50.40, 1.00, 35.35, 1.00, 0.00, 0.00, 30.90, 1.00, 0.00, 0.00, 72.93, 1.00, 2.98, 34.66, 29.20, 90.37, 29.27, 85.83, 20.25, 81.62, 20.13, 67.20, 32.12, 31.22, -999
19/11/16 14, 1.99, 4.83, 4.68, 3.87, 2.25, 5.50, 2.98, 96.84, 1.00, 96.86, 1.00, 0.00, 0.00, 35.09, 1.00, 0.00, 0.00, 0.00, 0.00, 49.85, 1.00, 35.18, 1.00, 0.00, 0.00, 29.91, 1.00, 0.00, 0.00, 73.65, 1.00, 2.98, 34.67, 29.11, 91.07, 29.18, 86.82, 20.52, 82.18, 20.41, 70.70, 32.02, 31.12, -999
19/11/16 15, 1.93, 4.71, 5.19, 4.19, 2.71, 5.50, 3.47, 96.69, 1.00, 96.71, 1.00, 0.00, 0.00, 34.61, 1.00, 0.00, 0.00, 0.00, 0.00, 49.47, 1.00, 34.93, 1.00, 0.00, 0.00, 30.08, 1.00, 0.00, 0.00, 74.73, 1.00, 2.98, 34.75, 29.04, 91.81, 29.11, 87.47, 20.57, 82.65, 20.46, 70.21, 31.95, 31.05, -999
19/11/16 16, 1.93, 4.97, 5.04, 4.16, 3.19, 5.50, 3.79, 95.47, 1.00, 95.49, 1.00, 0.00, 0.00, 0.00, 0.00, 0.00, 0.00, 0.00, 0.00, 0.00, 0.00, 35.13, 1.00, 0.00, 0.00, 29.71, 1.00, 0.00, 0.00, 56.84, 1.00, 2.98, 35.41, 32.26, 73.41, 32.26, 62.51, 21.01, 82.75, 20.90, 71.84, 34.48, 33.58, -999
19/11/16 17, 2.01, 5.47, 4.69, 3.01, 3.61, 5.50, 4.36, 96.45, 1.00, 96.47, 1.00, 0.00, 0.00, 0.00, 0.00, 0.00, 0.00, 0.00, 0.00, 50.69, 1.00, 34.76, 1.00, 0.00, 0.00, 29.85, 1.00, 0.00, 0.00, 67.00, 1.00, 2.98, 34.88, 30.50, 73.62, 30.46, 86.45, 20.76, 83.14, 20.65, 71.13, 32.97, 32.07, -999
19/11/16 18, 2.25, 5.07, 4.37, 3.32, 3.89, 5.50, 4.75, 92.13, 1.00, 92.14, 1.00, 0.00, 0.00, 0.00, 0.00, 0.00, 0.00, 0.00, 0.00, 49.72, 1.00, 0.00, 0.00, 0.00, 0.00, 31.31, 1.00, 0.00, 0.00, 0.00, 0.00, 2.98, 37.18, 28.10, 72.70, 28.06, 85.94, 29.28, 63.52, 29.17, 74.83, 40.51, 29.48, -999
19/11/16 19, 2.75, 4.54, 4.01, 3.60, 3.24, 5.18, 3.32, 90.56, 1.00, 90.58, 1.00, 0.00, 0.00, 0.00, 0.00, 0.00, 0.00, 0.00, 0.00, 49.79, 1.00, 0.00, 0.00, 0.00, 0.00, 0.00, 0.00, 0.00, 0.00, 0.00, 0.00, 2.98, 38.00, 27.57, 71.45, 27.53, 85.27, 33.27, 62.41, 33.27, 55.17, 41.93, 28.95, -999
19/11/16 20, 3.16, 4.02, 3.63, 3.69, 2.51, 5.05, 2.33, 91.76, 1.00, 91.77, 1.00, 0.00, 0.00, 0.00, 0.00, 0.00, 0.00, 0.00, 0.00, 49.68, 1.00, 0.00, 0.00, 0.00, 0.00, 33.29, 1.00, 0.00, 0.00, 0.00, 0.00, 2.98, 37.38, 27.05, 69.24, 27.01, 84.97, 29.54, 61.03, 29.41, 68.00, 40.93, 28.43, -999
19/11/16 21, 3.50, 3.49, 3.17, 3.71, 1.70, 5.24, 2.41, 92.65, 1.00, 92.67, 1.00, 0.00, 0.00, 0.00, 0.00, 0.00, 0.00, 0.00, 0.00, 49.81, 1.00, 0.00, 0.00, 0.00, 0.00, 33.34, 1.00, 0.00, 0.00, 0.00, 0.00, 2.98, 36.90, 26.52, 70.61, 26.48, 84.19, 29.25, 58.64, 29.12, 67.55, 40.50, 27.89, -999
19/11/16 22, 3.65, 2.79, 3.20, 3.44, 1.65, 5.33, 2.21, 93.43, 1.00, 93.45, 1.00, 0.00, 0.00, 35.19, 1.00, 0.00, 0.00, 0.00, 0.00, 48.46, 1.00, 36.72, 1.00, 0.00, 0.00, 31.55, 1.00, 0.00, 0.00, 0.00, 0.00, 2.98, 36.49, 22.53, 84.31, 22.60, 82.87, 21.58, 80.51, 21.47, 66.32, 39.80, 24.30, -999
19/11/16 23, 3.78, 1.90, 3.54, 2.99, 1.81, 5.36, 1.89, 93.12, 1.00, 93.14, 1.00, 0.00, 0.00, 33.46, 1.00, 0.00, 0.00, 0.00, 0.00, 48.11, 1.00, 36.53, 1.00, 0.00, 0.00, 31.43, 1.00, 0.00, 0.00, 0.00, 0.00, 2.98, 36.66, 21.89, 86.55, 21.95, 82.87, 21.87, 81.14, 21.76, 67.01, 40.01, 23.63, -999
20/11/16 00, 3.92, 1.04, 3.95, 2.83, 2.07, 5.50, 1.96, 91.46, 1.00, 91.48, 1.00, 0.00, 0.00, 32.08, 1.00, 0.00, 0.00, 0.00, 0.00, 47.35, 1.00, 35.87, 1.00, 0.00, 0.00, 31.38, 1.00, 0.00, 0.00, 0.00, 0.00, 2.98, 37.53, 21.26, 88.12, 21.32, 83.61, 22.92, 83.37, 22.81, 68.23, 40.97, 22.98, -999
20/11/16 01, 3.99, 0.60, 4.43, 3.02, 2.61, 5.50, 2.57, 95.07, 1.00, 95.09, 1.00, 0.00, 0.00, 32.86, 1.00, 0.00, 0.00, 0.00, 0.00, 48.08, 1.00, 35.02, 1.00, 0.00, 0.00, 29.47, 1.00, 0.00, 0.00, 109.80, 1.00, 2.98, 35.62, 25.70, 91.35, 25.76, 86.74, 22.49, 84.42, 22.38, 74.07, 28.79, 27.89, -999
20/11/16 02, 3.83, 0.90, 4.96, 3.60, 3.27, 5.50, 3.64, 94.93, 1.00, 94.95, 1.00, 0.00, 0.00, 32.59, 1.00, 0.00, 0.00, 0.00, 0.00, 47.79, 1.00, 34.85, 1.00, 0.00, 0.00, 29.11, 1.00, 0.00, 0.00, 108.39, 1.00, 2.98, 35.69, 25.97, 92.04, 26.03, 87.53, 22.63, 84.85, 22.53, 75.32, 29.05, 28.15, -999
20/11/16 03, 3.72, 1.28, 5.21, 4.23, 3.93, 5.50, 4.76, 94.31, 1.00, 94.33, 1.00, 0.00, 0.00, 0.00, 0.00, 0.00, 0.00, 0.00, 0.00, 47.26, 1.00, 34.40, 1.00, 0.00, 0.00, 28.53, 1.00, 0.00, 0.00, 99.25, 1.00, 2.98, 36.02, 28.05, 76.74, 28.02, 90.47, 23.09, 86.09, 22.99, 77.54, 30.69, 29.79, -999
20/11/16 04, 3.92, 2.02, 5.02, 4.36, 3.85, 5.31, 4.01, 92.05, 1.00, 92.07, 1.00, 0.00, 0.00, 0.00, 0.00, 0.00, 0.00, 0.00, 0.00, 0.00, 0.00, 0.00, 0.00, 0.00, 0.00, 0.00, 0.00, 0.00, 0.00, 85.54, 1.00, 2.98, 37.22, 31.90, 76.59, 31.90, 69.62, 32.69, 64.99, 32.69, 60.87, 34.27, 33.37, -999
20/11/16 05, 4.23, 2.92, 4.84, 3.62, 3.51, 5.08, 3.18, 91.70, 1.00, 91.72, 1.00, 0.00, 0.00, 0.00, 0.00, 0.00, 0.00, 0.00, 0.00, 0.00, 0.00, 0.00, 0.00, 0.00, 0.00, 0.00, 0.00, 0.00, 0.00, 82.97, 1.00, 2.98, 37.40, 32.53, 76.29, 32.53, 68.83, 33.00, 64.69, 33.00, 60.17, 34.89, 33.99, -999
20/11/16 06, 4.49, 3.72, 4.65, 3.16, 3.17, 4.94, 2.68, 113.62, 1.00, 0.00, 0.00, 0.00, 0.00, 0.00, 0.00, 0.00, 0.00, 0.00, 0.00, 48.95, 1.00, 0.00, 0.00, 0.00, 0.00, 32.22, 1.00, 0.00, 0.00, 84.45, 1.00, 2.99, 25.41, 29.50, 75.57, 29.46, 88.82, 28.81, 64.06, 28.69, 71.18, 32.05, 31.15, -999
20/11/16 07, 4.28, 4.09, 4.43, 3.92, 2.77, 5.31, 3.53, 114.29, 1.00, 0.00, 0.00, 0.00, 0.00, 0.00, 0.00, 0.00, 0.00, 0.00, 0.00, 49.13, 1.00, 0.00, 0.00, 0.00, 0.00, 32.25, 1.00, 0.00, 0.00, 80.05, 1.00, 2.99, 25.03, 29.65, 74.19, 29.61, 88.62, 28.43, 63.31, 28.31, 70.69, 32.17, 31.27, -999
20/11/16 08, 4.06, 4.41, 4.14, 4.55, 2.28, 5.50, 4.27, 114.09, 1.00, 0.00, 0.00, 0.00, 0.00, 0.00, 0.00, 0.00, 0.00, 0.00, 0.00, 0.00, 0.00, 0.00, 0.00, 0.00, 0.00, 31.27, 1.00, 0.00, 0.00, 61.05, 1.00, 2.99, 25.14, 32.01, 72.37, 32.01, 65.56, 28.67, 62.00, 28.56, 74.34, 34.26, 33.36, -999
20/11/16 09, 3.94, 5.04, 3.78, 3.23, 1.64, 5.40, 4.34, 114.27, 1.00, 0.00, 0.00, 0.00, 0.00, 0.00, 0.00, 0.00, 0.00, 0.00, 0.00, 0.00, 0.00, 0.00, 0.00, 0.00, 0.00, 0.00, 0.00, 0.00, 0.00, 57.59, 1.00, 2.99, 25.04, 32.38, 72.24, 32.38, 64.10, 31.26, 60.84, 31.26, 57.31, 34.61, 33.71, -999
20/11/16 10, 3.70, 5.30, 3.43, 3.26, 1.84, 5.01, 2.52, 116.15, 1.00, 0.00, 0.00, 0.00, 0.00, 0.00, 0.00, 0.00, 0.00, 0.00, 0.00, 50.95, 1.00, 37.63, 1.00, 0.00, 0.00, 0.00, 0.00, 0.00, 0.00, 64.58, 1.00, 2.99, 23.96, 30.27, 70.97, 30.23, 85.69, 26.60, 83.79, 26.60, 54.59, 32.72, 31.82, -999
20/11/16 11, 3.32, 5.36, 3.05, 3.39, 2.22, 5.14, 2.44, 117.61, 1.00, 0.00, 0.00, 0.00, 0.00, 0.00, 0.00, 0.00, 0.00, 0.00, 0.00, 50.87, 1.00, 35.14, 1.00, 0.00, 0.00, 30.86, 1.00, 0.00, 0.00, 54.96, 1.00, 2.99, 23.13, 30.19, 69.88, 30.15, 85.76, 19.79, 81.52, 19.67, 66.86, 32.60, 31.70, -999
20/11/16 12, 2.94, 5.15, 3.30, 3.50, 2.61, 5.27, 2.40, 119.05, 1.00, 0.00, 0.00, 0.00, 0.00, 37.41, 1.00, 0.00, 0.00, 0.00, 0.00, 50.20, 1.00, 35.09, 1.00, 0.00, 0.00, 30.68, 1.00, 0.00, 0.00, 56.20, 1.00, 2.99, 22.29, 28.75, 86.55, 28.83, 85.78, 18.91, 80.72, 18.80, 66.59, 31.61, 30.71, -999
20/11/16 13, 2.52, 4.82, 3.71, 3.67, 2.85, 5.37, 2.27, 119.30, 1.00, 0.00, 0.00, 0.00, 0.00, 36.20, 1.00, 0.00, 0.00, 0.00, 0.00, 50.36, 1.00, 34.63, 1.00, 0.00, 0.00, 30.61, 1.00, 0.00, 0.00, 56.81, 1.00, 2.99, 22.15, 28.50, 88.51, 28.58, 85.20, 18.85, 81.46, 18.74, 66.76, 31.35, 30.45, -999
20/11/16 14, 2.12, 4.50, 4.16, 3.66, 3.21, 5.49, 2.25, 118.94, 1.00, 0.00, 0.00, 0.00, 0.00, 35.71, 1.00, 0.00, 0.00, 0.00, 0.00, 50.19, 1.00, 34.58, 1.00, 0.00, 0.00, 30.59, 1.00, 0.00, 0.00, 59.82, 1.00, 2.99, 22.36, 28.35, 89.22, 28.42, 85.39, 19.06, 81.76, 18.95, 67.04, 31.20, 30.30, -999
20/11/16 15, 1.78, 4.23, 4.63, 3.72, 3.57, 5.50, 2.46, 119.38, 1.00, 0.00, 0.00, 0.00, 0.00, 35.66, 1.00, 0.00, 0.00, 0.00, 0.00, 50.22, 1.00, 34.64, 1.00, 0.00, 0.00, 30.10, 1.00, 0.00, 0.00, 59.62, 1.00, 2.99, 22.11, 28.07, 89.02, 28.13, 85.05, 18.86, 81.46, 18.76, 68.43, 30.92, 30.02, -999
20/11/16 16, 1.44, 3.95, 5.08, 3.68, 3.83, 5.50, 2.63, 120.89, 1.00, 0.00, 0.00, 0.00, 0.00, 36.04, 1.00, 0.00, 0.00, 0.00, 0.00, 49.90, 1.00, 34.20, 1.00, 0.00, 0.00, 30.11, 1.00, 0.00, 0.00, 55.18, 1.00, 2.99, 21.23, 27.60, 87.89, 27.67, 85.20, 17.99, 81.32, 17.88, 67.53, 30.43, 29.53, -999
20/11/16 17, 1.09, 3.79, 5.09, 3.73, 3.69, 5.50, 2.63, 119.85, 1.00, 0.00, 0.00, 0.00, 0.00, 0.00, 0.00, 0.00, 0.00, 0.00, 0.00, 50.29, 1.00, 0.00, 0.00, 0.00, 0.00, 32.00, 1.00, 0.00, 0.00, 56.39, 1.00, 2.99, 21.84, 28.64, 71.61, 28.60, 85.38, 24.90, 61.93, 24.78, 68.06, 31.05, 30.15, -999
20/11/16 18, 0.99, 3.92, 4.66, 3.76, 2.84, 5.50, 2.52, 98.90, 1.00, 98.92, 1.00, 0.00, 0.00, 0.00, 0.00, 0.00, 0.00, 0.00, 0.00, 50.83, 1.00, 0.00, 0.00, 0.00, 0.00, 32.47, 1.00, 0.00, 0.00, 67.39, 1.00, 2.97, 33.56, 28.97, 69.21, 28.92, 84.63, 25.56, 60.62, 25.43, 67.02, 31.43, 30.53, -999
20/11/16 19, 0.99, 4.09, 4.18, 3.48, 1.93, 5.50, 2.14, 98.42, 1.00, 98.44, 1.00, 0.00, 0.00, 0.00, 0.00, 0.00, 0.00, 0.00, 0.00, 50.62, 1.00, 0.00, 0.00, 0.00, 0.00, 32.29, 1.00, 0.00, 0.00, 67.78, 1.00, 2.97, 33.82, 29.15, 70.18, 29.11, 85.22, 25.74, 60.33, 25.62, 67.86, 31.62, 30.72, -999
20/11/16 20, 1.00, 4.27, 3.74, 3.49, 1.39, 5.50, 2.02, 98.63, 1.00, 98.65, 1.00, 0.00, 0.00, 0.00, 0.00, 0.00, 0.00, 0.00, 0.00, 50.71, 1.00, 35.47, 1.00, 0.00, 0.00, 30.69, 1.00, 0.00, 0.00, 64.98, 1.00, 2.97, 33.71, 29.26, 70.38, 29.21, 85.16, 18.92, 80.07, 18.81, 66.55, 31.71, 30.81, -999
20/11/16 21, 0.91, 4.41, 3.32, 3.46, 1.67, 5.50, 1.83, 98.45, 1.00, 98.47, 1.00, 0.00, 0.00, 0.00, 0.00, 0.00, 0.00, 0.00, 0.00, 50.85, 1.00, 35.31, 1.00, 0.00, 0.00, 30.81, 1.00, 0.00, 0.00, 64.35, 1.00, 2.97, 33.80, 29.38, 69.30, 29.34, 84.99, 18.97, 80.41, 18.86, 66.21, 31.83, 30.93, -999
20/11/16 22, 0.84, 4.45, 3.13, 3.38, 1.98, 5.50, 1.58, 98.93, 1.00, 98.95, 1.00, 0.00, 0.00, 36.58, 1.00, 0.00, 0.00, 0.00, 0.00, 50.13, 1.00, 34.90, 1.00, 0.00, 0.00, 30.22, 1.00, 0.00, 0.00, 66.12, 1.00, 2.97, 33.54, 28.48, 87.79, 28.55, 85.64, 18.98, 81.12, 18.87, 68.16, 31.37, 30.47, -999
20/11/16 23, 0.74, 4.24, 3.58, 3.56, 2.37, 5.50, 1.86, 98.05, 1.00, 98.07, 1.00, 0.00, 0.00, 35.90, 1.00, 0.00, 0.00, 0.00, 0.00, 50.30, 1.00, 34.96, 1.00, 0.00, 0.00, 29.96, 1.00, 0.00, 0.00, 70.21, 1.00, 2.97, 34.02, 28.40, 88.93, 28.47, 85.22, 19.36, 81.41, 19.26, 69.37, 31.31, 30.41, -999
21/11/16 00, 0.72, 4.07, 4.06, 3.59, 2.75, 5.50, 2.32, 99.05, 1.00, 99.07, 1.00, 0.00, 0.00, 35.78, 1.00, 0.00, 0.00, 0.00, 0.00, 50.17, 1.00, 34.74, 1.00, 0.00, 0.00, 29.38, 1.00, 0.00, 0.00, 67.86, 1.00, 2.97, 33.48, 28.18, 88.93, 28.25, 85.26, 19.12, 81.54, 19.02, 70.98, 31.08, 30.18, -999
21/11/16 01, 0.62, 3.89, 4.52, 3.64, 3.12, 5.50, 3.00, 98.12, 1.00, 98.14, 1.00, 0.00, 0.00, 34.03, 1.00, 0.00, 0.00, 0.00, 0.00, 49.81, 1.00, 34.56, 1.00, 0.00, 0.00, 28.96, 1.00, 0.00, 0.00, 71.76, 1.00, 2.97, 33.98, 28.17, 91.92, 28.23, 85.94, 19.62, 82.34, 19.52, 72.79, 31.05, 30.15, -999
21/11/16 02, 0.61, 3.76, 5.06, 3.86, 3.56, 5.50, 3.88, 97.68, 1.00, 97.70, 1.00, 0.00, 0.00, 33.63, 1.00, 0.00, 0.00, 0.00, 0.00, 49.15, 1.00, 34.01, 1.00, 0.00, 0.00, 28.70, 1.00, 0.00, 0.00, 74.01, 1.00, 2.97, 34.22, 28.12, 92.52, 28.18, 87.16, 19.97, 83.61, 19.87, 73.91, 31.00, 30.10, -999
21/11/16 03, 0.68, 3.86, 5.15, 4.31, 3.88, 5.49, 4.74, 95.48, 1.00, 95.50, 1.00, 0.00, 0.00, 0.00, 0.00, 0.00, 0.00, 0.00, 0.00, 48.84, 1.00, 0.00, 0.00, 0.00, 0.00, 0.00, 0.00, 0.00, 0.00, 80.60, 1.00, 2.98, 35.40, 29.46, 75.66, 29.42, 88.99, 29.68, 64.50, 29.68, 60.33, 31.99, 31.09, -999
21/11/16 04, 1.05, 4.46, 4.90, 3.80, 3.41, 5.22, 3.53, 93.47, 1.00, 93.49, 1.00, 0.00, 0.00, 0.00, 0.00, 0.00, 0.00, 0.00, 0.00, 0.00, 0.00, 0.00, 0.00, 0.00, 0.00, 0.00, 0.00, 0.00, 0.00, 67.67, 1.00, 2.98, 36.47, 32.61, 76.12, 32.61, 69.71, 30.82, 64.69, 30.82, 60.59, 34.89, 33.99, -999
21/11/16 05, 1.47, 5.17, 4.69, 3.18, 3.11, 4.99, 2.76, 92.86, 1.00, 92.88, 1.00, 0.00, 0.00, 0.00, 0.00, 0.00, 0.00, 0.00, 0.00, 0.00, 0.00, 0.00, 0.00, 0.00, 0.00, 0.00, 0.00, 0.00, 0.00, 66.51, 1.00, 2.98, 36.79, 33.23, 76.01, 33.23, 66.09, 31.29, 63.19, 31.29, 58.75, 35.50, 34.60, -999
21/11/16 06, 1.75, 5.53, 4.50, 3.38, 2.53, 5.19, 3.14, 89.94, 1.00, 89.96, 1.00, 0.00, 0.00, 0.00, 0.00, 0.00, 0.00, 0.00, 0.00, 48.26, 1.00, 0.00, 0.00, 0.00, 0.00, 32.62, 1.00, 0.00, 0.00, 0.00, 0.00, 2.98, 38.33, 28.67, 72.73, 28.63, 89.28, 29.94, 62.30, 29.81, 70.88, 41.71, 30.04, -999
21/11/16 07, 2.24, 5.02, 4.14, 4.21, 1.90, 5.50, 3.85, 91.72, 1.00, 91.74, 1.00, 0.00, 0.00, 0.00, 0.00, 0.00, 0.00, 0.00, 0.00, 49.29, 1.00, 0.00, 0.00, 0.00, 0.00, 31.24, 1.00, 0.00, 0.00, 0.00, 0.00, 2.98, 37.39, 28.09, 73.05, 28.05, 86.75, 29.48, 61.72, 29.37, 75.27, 40.76, 29.46, -999
21/11/16 08, 2.60, 4.53, 3.81, 4.42, 1.57, 5.50, 4.74, 94.32, 1.00, 94.34, 1.00, 0.00, 0.00, 0.00, 0.00, 0.00, 0.00, 0.00, 0.00, 0.00, 0.00, 35.63, 1.00, 0.00, 0.00, 28.81, 1.00, 0.00, 0.00, 0.00, 0.00, 2.98, 36.02, 29.53, 72.13, 29.53, 61.29, 21.68, 82.55, 21.58, 75.31, 39.01, 30.72, -999
21/11/16 09, 2.85, 4.44, 3.46, 3.00, 2.15, 5.30, 4.07, 92.33, 1.00, 92.35, 1.00, 0.00, 0.00, 0.00, 0.00, 0.00, 0.00, 0.00, 0.00, 50.09, 1.00, 38.39, 1.00, 0.00, 0.00, 0.00, 0.00, 0.00, 0.00, 0.00, 0.00, 2.98, 37.07, 27.45, 67.62, 27.40, 84.57, 28.35, 84.10, 28.35, 57.20, 40.46, 28.82, -999
21/11/16 10, 3.15, 3.91, 2.96, 3.03, 2.52, 4.98, 2.52, 93.51, 1.00, 93.53, 1.00, 0.00, 0.00, 34.66, 1.00, 0.00, 0.00, 0.00, 0.00, 48.63, 1.00, 35.99, 1.00, 0.00, 0.00, 31.42, 1.00, 0.00, 0.00, 0.00, 0.00, 2.98, 36.45, 23.70, 86.62, 23.76, 83.71, 21.54, 81.79, 21.43, 66.71, 39.60, 25.47, -999
21/11/16 11, 3.31, 3.03, 3.39, 3.02, 2.83, 5.09, 2.35, 92.00, 1.00, 92.02, 1.00, 0.00, 0.00, 33.21, 1.00, 0.00, 0.00, 0.00, 0.00, 48.29, 1.00, 35.80, 1.00, 0.00, 0.00, 31.45, 1.00, 0.00, 0.00, 0.00, 0.00, 2.98, 37.25, 23.02, 88.10, 23.08, 83.67, 22.40, 82.98, 22.28, 67.46, 40.49, 24.76, -999
21/11/16 12, 3.54, 2.17, 3.86, 3.05, 3.25, 5.27, 2.47, 91.13, 1.00, 91.15, 1.00, 0.00, 0.00, 32.92, 1.00, 0.00, 0.00, 0.00, 0.00, 47.55, 1.00, 34.66, 1.00, 0.00, 0.00, 31.70, 1.00, 0.00, 0.00, 0.00, 0.00, 2.98, 37.71, 22.27, 87.81, 22.33, 84.28, 23.16, 85.73, 23.04, 67.36, 41.06, 24.01, -999
21/11/16 13, 3.81, 1.32, 4.31, 3.29, 4.00, 5.43, 2.48, 90.15, 1.00, 90.16, 1.00, 0.00, 0.00, 33.53, 1.00, 0.00, 0.00, 0.00, 0.00, 47.86, 1.00, 0.00, 0.00, 0.00, 0.00, 33.53, 1.00, 0.00, 0.00, 0.00, 0.00, 2.98, 38.22, 21.32, 85.87, 21.38, 82.75, 30.55, 64.06, 30.42, 68.12, 42.05, 23.06, -999
21/11/16 14, 4.19, 0.46, 4.67, 3.03, 3.42, 5.50, 2.60, 95.56, 1.00, 95.58, 1.00, 0.00, 0.00, 34.64, 1.00, 0.00, 0.00, 0.00, 0.00, 48.82, 1.00, 0.00, 0.00, 0.00, 0.00, 32.43, 1.00, 0.00, 0.00, 110.83, 1.00, 2.98, 35.35, 25.46, 88.17, 25.53, 85.13, 28.63, 62.47, 28.50, 70.24, 28.60, 27.70, -999
21/11/16 15, 4.06, 0.74, 5.10, 3.30, 2.68, 5.50, 2.87, 95.95, 1.00, 95.97, 1.00, 0.00, 0.00, 33.99, 1.00, 0.00, 0.00, 0.00, 0.00, 49.05, 1.00, 0.00, 0.00, 0.00, 0.00, 32.03, 1.00, 0.00, 0.00, 108.07, 1.00, 2.98, 35.15, 25.66, 89.47, 25.73, 84.89, 28.46, 61.40, 28.34, 71.49, 28.77, 27.87, -999
21/11/16 16, 3.93, 1.13, 5.15, 3.47, 1.89, 5.50, 3.34, 95.16, 1.00, 95.18, 1.00, 0.00, 0.00, 0.00, 0.00, 0.00, 0.00, 0.00, 0.00, 50.03, 1.00, 0.00, 0.00, 0.00, 0.00, 31.81, 1.00, 0.00, 0.00, 99.68, 1.00, 2.98, 35.57, 27.73, 72.64, 27.69, 84.96, 28.76, 61.13, 28.64, 72.58, 30.38, 29.48, -999
21/11/16 17, 3.83, 1.64, 4.76, 3.50, 1.70, 5.50, 3.86, 95.54, 1.00, 95.56, 1.00, 0.00, 0.00, 0.00, 0.00, 0.00, 0.00, 0.00, 0.00, 49.73, 1.00, 35.54, 1.00, 0.00, 0.00, 30.16, 1.00, 0.00, 0.00, 95.27, 1.00, 2.98, 35.37, 27.97, 73.93, 27.93, 85.79, 21.87, 82.90, 21.76, 71.25, 30.60, 29.70, -999
21/11/16 18, 3.68, 2.11, 4.45, 3.72, 2.27, 5.50, 4.28, 96.00, 1.00, 96.02, 1.00, 0.00, 0.00, 0.00, 0.00, 0.00, 0.00, 0.00, 0.00, 49.71, 1.00, 35.74, 1.00, 0.00, 0.00, 30.03, 1.00, 0.00, 0.00, 91.44, 1.00, 2.98, 35.12, 28.22, 72.46, 28.18, 86.07, 21.54, 82.22, 21.43, 71.33, 30.82, 29.92, -999
21/11/16 19, 3.50, 2.54, 4.08, 3.96, 2.68, 5.50, 4.65, 96.03, 1.00, 96.05, 1.00, 0.00, 0.00, 0.00, 0.00, 0.00, 0.00, 0.00, 0.00, 50.05, 1.00, 35.59, 1.00, 0.00, 0.00, 30.32, 1.00, 0.00, 0.00, 88.97, 1.00, 2.98, 35.10, 28.49, 69.33, 28.45, 85.69, 21.42, 82.37, 21.31, 70.28, 31.08, 30.18, -999
21/11/16 20, 3.35, 2.95, 3.61, 4.04, 3.07, 5.50, 4.74, 96.35, 1.00, 96.37, 1.00, 0.00, 0.00, 0.00, 0.00, 0.00, 0.00, 0.00, 0.00, 50.00, 1.00, 35.42, 1.00, 0.00, 0.00, 30.10, 1.00, 0.00, 0.00, 85.66, 1.00, 2.98, 34.93, 28.72, 70.19, 28.68, 86.03, 21.28, 82.52, 21.18, 70.84, 31.29, 30.39, -999
21/11/16 21, 3.27, 3.33, 3.19, 4.18, 3.50, 5.22, 3.49, 96.20, 1.00, 96.22, 1.00, 0.00, 0.00, 0.00, 0.00, 0.00, 0.00, 0.00, 0.00, 49.74, 1.00, 37.76, 1.00, 0.00, 0.00, 0.00, 0.00, 0.00, 0.00, 84.62, 1.00, 2.98, 35.01, 29.07, 68.09, 29.03, 86.87, 27.16, 84.09, 27.16, 53.22, 31.62, 30.72, -999
21/11/16 22, 3.13, 3.48, 3.25, 4.46, 3.74, 5.04, 2.29, 96.96, 1.00, 96.98, 1.00, 0.00, 0.00, 35.97, 1.00, 0.00, 0.00, 0.00, 0.00, 49.24, 1.00, 35.05, 1.00, 0.00, 0.00, 31.32, 1.00, 0.00, 0.00, 85.74, 1.00, 2.98, 34.61, 27.87, 88.29, 27.94, 86.74, 20.65, 82.55, 20.53, 66.17, 30.86, 29.96, -999
21/11/16 23, 3.01, 3.80, 3.73, 3.48, 3.80, 5.10, 1.98, 96.34, 1.00, 96.36, 1.00, 0.00, 0.00, 36.96, 1.00, 0.00, 0.00, 0.00, 0.00, 0.00, 0.00, 0.00, 0.00, 0.00, 0.00, 32.87, 1.00, 0.00, 0.00, 77.40, 1.00, 2.98, 34.94, 29.80, 88.43, 29.92, 63.35, 27.61, 62.91, 27.48, 67.64, 32.35, 31.45, -999
22/11/16 00, 2.99, 4.01, 4.18, 2.89, 3.07, 5.27, 2.07, 95.49, 1.00, 95.51, 1.00, 0.00, 0.00, 35.86, 1.00, 0.00, 0.00, 0.00, 0.00, 49.56, 1.00, 0.00, 0.00, 0.00, 0.00, 32.76, 1.00, 0.00, 0.00, 88.07, 1.00, 2.98, 35.39, 28.40, 89.01, 28.48, 86.68, 27.89, 62.14, 27.76, 68.30, 31.41, 30.51, -999
22/11/16 01, 3.05, 4.04, 4.64, 3.37, 2.33, 5.49, 2.33, 95.35, 1.00, 95.37, 1.00, 0.00, 0.00, 34.13, 1.00, 0.00, 0.00, 0.00, 0.00, 49.93, 1.00, 0.00, 0.00, 0.00, 0.00, 32.45, 1.00, 0.00, 0.00, 88.47, 1.00, 2.98, 35.47, 28.47, 92.05, 28.53, 86.02, 28.02, 62.57, 27.90, 69.58, 31.45, 30.55, -999
22/11/16 02, 3.12, 4.09, 5.18, 3.64, 1.79, 5.50, 3.15, 95.00, 1.00, 95.02, 1.00, 0.00, 0.00, 34.24, 1.00, 0.00, 0.00, 0.00, 0.00, 49.34, 1.00, 0.00, 0.00, 0.00, 0.00, 30.62, 1.00, 0.00, 0.00, 89.60, 1.00, 2.98, 35.65, 28.54, 91.92, 28.60, 87.22, 28.45, 61.87, 28.34, 76.32, 31.53, 30.63, -999
22/11/16 03, 3.16, 4.37, 5.06, 4.12, 1.79, 5.50, 4.28, 94.49, 1.00, 94.50, 1.00, 0.00, 0.00, 0.00, 0.00, 0.00, 0.00, 0.00, 0.00, 49.04, 1.00, 34.99, 1.00, 0.00, 0.00, 28.80, 1.00, 0.00, 0.00, 82.52, 1.00, 2.98, 35.93, 30.05, 75.63, 30.01, 89.20, 22.42, 84.41, 22.32, 76.08, 32.59, 31.69, -999
22/11/16 04, 3.26, 4.82, 4.82, 4.39, 2.56, 5.38, 4.31, 93.04, 1.00, 93.06, 1.00, 0.00, 0.00, 0.00, 0.00, 0.00, 0.00, 0.00, 0.00, 0.00, 0.00, 36.56, 1.00, 0.00, 0.00, 0.00, 0.00, 0.00, 0.00, 68.12, 1.00, 2.98, 36.70, 33.02, 76.43, 33.02, 68.36, 28.54, 87.69, 28.54, 60.88, 35.29, 34.39, -999
22/11/16 05, 3.48, 5.54, 4.64, 3.44, 3.40, 5.15, 3.38, 88.61, 1.00, 88.63, 1.00, 0.00, 0.00, 0.00, 0.00, 0.00, 0.00, 0.00, 0.00, 0.00, 0.00, 37.75, 1.00, 0.00, 0.00, 0.00, 0.00, 0.00, 0.00, 0.00, 0.00, 2.98, 39.02, 30.54, 75.48, 30.54, 67.35, 30.55, 87.51, 30.55, 60.68, 42.84, 31.73, -999
22/11/16 06, 3.92, 5.25, 4.41, 3.38, 4.06, 4.93, 2.72, 86.31, 1.00, 86.32, 1.00, 0.00, 0.00, 0.00, 0.00, 0.00, 0.00, 0.00, 0.00, 49.29, 1.00, 0.00, 0.00, 0.00, 0.00, 0.00, 0.00, 0.00, 0.00, 0.00, 0.00, 2.98, 40.22, 28.32, 74.87, 28.28, 87.00, 35.74, 65.17, 35.74, 58.33, 44.79, 29.69, -999
22/11/16 07, 4.40, 4.73, 4.16, 3.85, 3.71, 5.12, 3.00, 88.25, 1.00, 88.26, 1.00, 0.00, 0.00, 0.00, 0.00, 0.00, 0.00, 0.00, 0.00, 49.04, 1.00, 0.00, 0.00, 0.00, 0.00, 33.28, 1.00, 0.00, 0.00, 0.00, 0.00, 2.98, 39.21, 27.82, 75.38, 27.78, 86.97, 31.76, 63.73, 31.63, 70.28, 43.32, 29.18, -999
22/11/16 08, 4.60, 4.21, 3.95, 4.27, 3.12, 5.42, 3.49, 112.32, 1.00, 0.00, 0.00, 0.00, 0.00, 0.00, 0.00, 0.00, 0.00, 0.00, 0.00, 49.28, 1.00, 0.00, 0.00, 0.00, 0.00, 32.95, 1.00, 0.00, 0.00, 0.00, 0.00, 2.99, 26.15, 27.28, 72.83, 27.24, 85.98, 29.25, 63.48, 29.12, 68.99, 38.78, 28.65, -999
22/11/16 09, 4.61, 3.69, 3.62, 4.42, 2.60, 5.50, 3.76, 111.94, 1.00, 0.00, 0.00, 0.00, 0.00, 0.00, 0.00, 0.00, 0.00, 0.00, 0.00, 49.07, 1.00, 0.00, 0.00, 0.00, 0.00, 32.63, 1.00, 0.00, 0.00, 0.00, 0.00, 2.99, 26.36, 26.77, 71.38, 26.73, 85.87, 29.42, 60.62, 29.29, 70.32, 38.93, 28.14, -999
22/11/16 10, 4.66, 3.38, 3.25, 3.90, 1.72, 5.50, 3.82, 112.33, 1.00, 0.00, 0.00, 0.00, 0.00, 0.00, 0.00, 0.00, 0.00, 0.00, 0.00, 0.00, 0.00, 0.00, 0.00, 0.00, 0.00, 31.97, 1.00, 0.00, 0.00, 0.00, 0.00, 2.99, 26.14, 28.38, 70.04, 28.38, 62.46, 29.42, 59.98, 29.30, 72.67, 38.80, 29.57, -999
22/11/16 11, 4.58, 3.06, 3.05, 3.04, 1.46, 5.50, 4.25, 111.87, 1.00, 0.00, 0.00, 0.00, 0.00, 33.70, 1.00, 0.00, 0.00, 0.00, 0.00, 48.07, 1.00, 36.32, 1.00, 0.00, 0.00, 30.74, 1.00, 0.00, 0.00, 0.00, 0.00, 2.99, 26.40, 23.02, 87.31, 23.08, 84.08, 22.68, 82.33, 22.57, 70.16, 38.84, 24.77, -999
22/11/16 12, 4.51, 2.20, 3.50, 3.18, 1.92, 5.50, 4.35, 112.19, 1.00, 0.00, 0.00, 0.00, 0.00, 33.24, 1.00, 0.00, 0.00, 0.00, 0.00, 46.75, 1.00, 36.56, 1.00, 0.00, 0.00, 29.48, 1.00, 0.00, 0.00, 0.00, 0.00, 2.99, 26.22, 22.36, 87.39, 22.42, 85.78, 22.77, 81.97, 22.67, 74.33, 38.69, 24.09, -999
22/11/16 13, 4.49, 1.35, 3.94, 3.70, 2.29, 5.36, 4.13, 112.47, 1.00, 0.00, 0.00, 0.00, 0.00, 33.20, 1.00, 0.00, 0.00, 0.00, 0.00, 46.44, 1.00, 38.23, 1.00, 0.00, 0.00, 0.00, 0.00, 0.00, 0.00, 0.00, 0.00, 2.99, 26.06, 21.55, 86.64, 21.61, 85.51, 28.41, 84.45, 28.41, 56.82, 38.66, 23.28, -999
22/11/16 14, 4.49, 0.51, 4.35, 4.12, 2.71, 4.94, 2.25, 112.99, 1.00, 0.00, 0.00, 0.00, 0.00, 32.84, 1.00, 0.00, 0.00, 0.00, 0.00, 46.67, 1.00, 35.63, 1.00, 0.00, 0.00, 31.36, 1.00, 0.00, 0.00, 0.00, 0.00, 2.99, 25.77, 20.73, 86.40, 20.78, 84.29, 22.14, 83.02, 22.02, 67.57, 38.32, 22.45, -999
22/11/16 15, 4.05, 0.37, 4.77, 4.27, 3.14, 5.13, 2.41, 118.97, 1.00, 0.00, 0.00, 0.00, 0.00, 33.47, 1.00, 0.00, 0.00, 0.00, 0.00, 48.26, 1.00, 34.21, 1.00, 0.00, 0.00, 30.72, 1.00, 0.00, 0.00, 91.14, 1.00, 2.99, 22.34, 24.89, 89.55, 24.95, 85.59, 19.32, 82.63, 19.21, 66.86, 27.87, 26.97, -999
22/11/16 16, 3.54, 0.46, 5.24, 4.46, 3.64, 5.27, 2.40, 118.66, 1.00, 0.00, 0.00, 0.00, 0.00, 32.68, 1.00, 0.00, 0.00, 0.00, 0.00, 48.31, 1.00, 34.58, 1.00, 0.00, 0.00, 30.57, 1.00, 0.00, 0.00, 91.29, 1.00, 2.99, 22.52, 25.01, 90.94, 25.07, 85.61, 19.40, 82.09, 19.29, 67.42, 27.97, 27.07, -999
22/11/16 17, 3.14, 1.03, 5.15, 3.44, 3.99, 5.45, 2.58, 117.62, 1.00, 0.00, 0.00, 0.00, 0.00, 0.00, 0.00, 0.00, 0.00, 0.00, 0.00, 0.00, 0.00, 34.34, 1.00, 0.00, 0.00, 30.72, 1.00, 0.00, 0.00, 66.94, 1.00, 2.99, 23.12, 29.12, 73.69, 29.12, 63.65, 20.00, 83.09, 19.89, 67.54, 31.39, 30.49, -999
22/11/16 18, 2.83, 1.51, 4.81, 3.19, 3.60, 5.50, 2.97, 118.00, 1.00, 0.00, 0.00, 0.00, 0.00, 0.00, 0.00, 0.00, 0.00, 0.00, 0.00, 49.74, 1.00, 0.00, 0.00, 0.00, 0.00, 31.54, 1.00, 0.00, 0.00, 81.81, 1.00, 2.99, 22.90, 27.12, 72.02, 27.08, 84.93, 26.24, 63.22, 26.12, 71.00, 29.66, 28.76, -999
22/11/16 19, 2.50, 1.84, 4.41, 3.30, 2.95, 5.50, 3.38, 117.72, 1.00, 0.00, 0.00, 0.00, 0.00, 0.00, 0.00, 0.00, 0.00, 0.00, 0.00, 49.79, 1.00, 0.00, 0.00, 0.00, 0.00, 31.02, 1.00, 0.00, 0.00, 80.57, 1.00, 2.99, 23.07, 27.39, 70.35, 27.35, 85.09, 26.41, 62.04, 26.30, 72.93, 29.92, 29.02, -999
22/11/16 20, 2.23, 2.16, 3.97, 3.42, 2.21, 5.50, 4.07, 118.42, 1.00, 0.00, 0.00, 0.00, 0.00, 0.00, 0.00, 0.00, 0.00, 0.00, 0.00, 49.97, 1.00, 0.00, 0.00, 0.00, 0.00, 31.47, 1.00, 0.00, 0.00, 75.99, 1.00, 2.99, 22.66, 27.51, 69.54, 27.47, 84.87, 25.92, 60.50, 25.80, 70.93, 30.01, 29.11, -999
22/11/16 21, 1.93, 2.42, 3.51, 3.45, 1.37, 5.50, 4.29, 120.78, 1.00, 0.00, 0.00, 0.00, 0.00, 0.00, 0.00, 0.00, 0.00, 0.00, 0.00, 50.18, 1.00, 35.00, 1.00, 0.00, 0.00, 29.76, 1.00, 0.00, 0.00, 63.01, 1.00, 2.99, 21.30, 27.38, 69.11, 27.34, 84.32, 18.00, 79.97, 17.90, 68.68, 29.82, 28.92, -999
22/11/16 22, 1.51, 2.54, 3.06, 3.27, 1.69, 5.50, 4.15, 120.85, 1.00, 0.00, 0.00, 0.00, 0.00, 0.00, 0.00, 0.00, 0.00, 0.00, 0.00, 50.47, 1.00, 35.25, 1.00, 0.00, 0.00, 29.71, 1.00, 0.00, 0.00, 61.21, 1.00, 2.99, 21.26, 27.46, 69.01, 27.42, 83.84, 17.87, 79.41, 17.77, 68.68, 29.89, 28.99, -999
22/11/16 23, 1.09, 2.35, 3.37, 2.92, 1.86, 5.50, 4.05, 121.61, 1.00, 0.00, 0.00, 0.00, 0.00, 35.76, 1.00, 0.00, 0.00, 0.00, 0.00, 50.03, 1.00, 34.85, 1.00, 0.00, 0.00, 29.94, 1.00, 0.00, 0.00, 63.17, 1.00, 2.99, 20.81, 26.33, 87.11, 26.40, 83.68, 17.40, 79.62, 17.29, 67.49, 29.19, 28.29, -999
23/11/16 00, 0.88, 2.25, 3.80, 2.74, 2.10, 5.50, 3.69, 98.72, 1.00, 98.74, 1.00, 0.00, 0.00, 35.73, 1.00, 0.00, 0.00, 0.00, 0.00, 49.84, 1.00, 34.96, 1.00, 0.00, 0.00, 29.48, 1.00, 0.00, 0.00, 82.20, 1.00, 2.97, 33.66, 26.63, 87.46, 26.70, 84.35, 19.32, 81.36, 19.21, 70.87, 29.60, 28.70, -999
23/11/16 01, 0.77, 2.22, 4.23, 2.82, 2.50, 5.50, 4.13, 98.94, 1.00, 98.96, 1.00, 0.00, 0.00, 33.66, 1.00, 0.00, 0.00, 0.00, 0.00, 49.40, 1.00, 34.46, 1.00, 0.00, 0.00, 29.55, 1.00, 0.00, 0.00, 81.24, 1.00, 2.97, 33.54, 26.64, 90.99, 26.70, 85.21, 19.26, 82.15, 19.16, 70.60, 29.57, 28.67, -999
23/11/16 02, 0.66, 2.20, 4.76, 3.09, 3.00, 5.50, 4.45, 97.75, 1.00, 97.77, 1.00, 0.00, 0.00, 32.91, 1.00, 0.00, 0.00, 0.00, 0.00, 48.40, 1.00, 34.21, 1.00, 0.00, 0.00, 28.67, 1.00, 0.00, 0.00, 85.43, 1.00, 2.97, 34.18, 26.66, 92.22, 26.72, 87.11, 19.99, 83.29, 19.89, 74.03, 29.59, 28.69, -999
23/11/16 03, 0.72, 2.25, 5.31, 3.69, 3.61, 5.36, 4.23, 96.97, 1.00, 96.99, 1.00, 0.00, 0.00, 0.00, 0.00, 0.00, 0.00, 0.00, 0.00, 47.92, 1.00, 35.58, 1.00, 0.00, 0.00, 0.00, 0.00, 0.00, 0.00, 82.65, 1.00, 2.98, 34.60, 28.00, 76.06, 27.96, 89.23, 25.72, 86.61, 25.72, 60.55, 30.53, 29.63, -999
23/11/16 04, 0.90, 2.63, 5.08, 4.49, 4.05, 5.11, 3.22, 96.14, 1.00, 96.16, 1.00, 0.00, 0.00, 0.00, 0.00, 0.00, 0.00, 0.00, 0.00, 47.25, 1.00, 0.00, 0.00, 0.00, 0.00, 0.00, 0.00, 0.00, 0.00, 84.88, 1.00, 2.98, 35.05, 28.53, 76.51, 28.49, 90.97, 29.49, 65.31, 29.49, 59.81, 31.07, 30.17, -999
23/11/16 05, 1.21, 3.36, 4.88, 3.86, 3.75, 5.01, 2.75, 95.78, 1.00, 95.80, 1.00, 0.00, 0.00, 0.00, 0.00, 0.00, 0.00, 0.00, 0.00, 0.00, 0.00, 0.00, 0.00, 0.00, 0.00, 31.60, 1.00, 0.00, 0.00, 64.63, 1.00, 2.98, 35.24, 31.26, 76.92, 31.26, 65.59, 27.03, 64.34, 26.91, 71.58, 33.52, 32.62, -999
23/11/16 06, 1.41, 3.92, 4.74, 3.14, 3.27, 5.39, 3.71, 96.30, 1.00, 96.32, 1.00, 0.00, 0.00, 0.00, 0.00, 0.00, 0.00, 0.00, 0.00, 49.83, 1.00, 0.00, 0.00, 0.00, 0.00, 31.50, 1.00, 0.00, 0.00, 77.13, 1.00, 2.98, 34.96, 29.32, 73.56, 29.28, 86.96, 26.90, 63.89, 26.79, 71.81, 31.83, 30.93, -999
23/11/16 07, 1.57, 4.21, 4.41, 3.60, 2.80, 5.50, 4.84, 96.04, 1.00, 96.06, 1.00, 0.00, 0.00, 0.00, 0.00, 0.00, 0.00, 0.00, 0.00, 50.68, 1.00, 0.00, 0.00, 0.00, 0.00, 0.00, 0.00, 0.00, 0.00, 78.22, 1.00, 2.98, 35.10, 29.61, 75.20, 29.57, 85.56, 29.93, 63.14, 29.93, 59.70, 32.14, 31.24, -999
23/11/16 08, 1.82, 4.50, 4.18, 3.66, 2.27, 5.18, 3.39, 95.83, 1.00, 95.85, 1.00, 0.00, 0.00, 0.00, 0.00, 0.00, 0.00, 0.00, 0.00, 50.81, 1.00, 0.00, 0.00, 0.00, 0.00, 0.00, 0.00, 0.00, 0.00, 77.66, 1.00, 2.98, 35.21, 29.88, 73.72, 29.84, 85.58, 30.14, 62.55, 30.14, 58.68, 32.40, 31.50, -999
23/11/16 09, 2.02, 4.77, 3.87, 3.68, 1.74, 5.07, 2.72, 97.10, 1.00, 97.12, 1.00, 0.00, 0.00, 0.00, 0.00, 0.00, 0.00, 0.00, 0.00, 51.21, 1.00, 0.00, 0.00, 0.00, 0.00, 32.61, 1.00, 0.00, 0.00, 70.56, 1.00, 2.97, 34.53, 29.89, 70.42, 29.84, 84.78, 26.77, 60.47, 26.64, 67.73, 32.37, 31.47, -999
23/11/16 10, 1.97, 4.96, 3.45, 3.41, 1.76, 5.21, 2.63, 97.06, 1.00, 97.07, 1.00, 0.00, 0.00, 0.00, 0.00, 0.00, 0.00, 0.00, 0.00, 50.72, 1.00, 35.57, 1.00, 0.00, 0.00, 30.63, 1.00, 0.00, 0.00, 68.44, 1.00, 2.97, 34.55, 30.03, 69.72, 29.99, 85.91, 20.11, 81.10, 20.00, 67.94, 32.50, 31.60, -999
23/11/16 11, 1.91, 5.14, 3.02, 3.58, 2.11, 5.43, 2.90, 96.94, 1.00, 96.95, 1.00, 0.00, 0.00, 0.00, 0.00, 0.00, 0.00, 0.00, 0.00, 50.74, 1.00, 35.47, 1.00, 0.00, 0.00, 30.53, 1.00, 0.00, 0.00, 67.40, 1.00, 2.98, 34.62, 30.18, 71.17, 30.14, 86.03, 20.18, 81.33, 20.07, 68.33, 32.65, 31.75, -999
23/11/16 12, 1.85, 4.99, 3.49, 3.72, 2.46, 5.50, 3.39, 96.69, 1.00, 96.71, 1.00, 0.00, 0.00, 36.21, 1.00, 0.00, 0.00, 0.00, 0.00, 49.48, 1.00, 35.15, 1.00, 0.00, 0.00, 30.88, 1.00, 0.00, 0.00, 72.68, 1.00, 2.98, 34.75, 29.23, 89.21, 29.30, 87.66, 20.26, 81.97, 20.14, 67.27, 32.15, 31.25, -999
23/11/16 13, 1.82, 4.86, 3.97, 4.23, 2.88, 5.50, 3.03, 97.21, 1.00, 97.23, 1.00, 0.00, 0.00, 36.74, 1.00, 0.00, 0.00, 0.00, 0.00, 49.85, 1.00, 34.74, 1.00, 0.00, 0.00, 30.40, 1.00, 0.00, 0.00, 71.95, 1.00, 2.97, 34.47, 29.04, 88.07, 29.12, 86.76, 20.25, 82.66, 20.14, 68.85, 31.97, 31.07, -999
23/11/16 14, 1.76, 4.71, 4.41, 4.49, 3.36, 5.50, 3.15, 97.51, 1.00, 97.53, 1.00, 0.00, 0.00, 34.82, 1.00, 0.00, 0.00, 0.00, 0.00, 50.29, 1.00, 34.82, 1.00, 0.00, 0.00, 29.61, 1.00, 0.00, 0.00, 71.55, 1.00, 2.97, 34.31, 28.94, 91.36, 29.01, 85.79, 20.26, 82.53, 20.15, 71.39, 31.84, 30.94, -999
23/11/16 15, 1.67, 4.57, 4.93, 4.43, 3.77, 5.50, 3.75, 97.01, 1.00, 97.03, 1.00, 0.00, 0.00, 35.26, 1.00, 0.00, 0.00, 0.00, 0.00, 49.59, 1.00, 34.84, 1.00, 0.00, 0.00, 29.93, 1.00, 0.00, 0.00, 74.01, 1.00, 2.98, 34.58, 28.86, 90.51, 28.93, 87.07, 20.35, 82.60, 20.25, 70.46, 31.77, 30.87, -999
23/11/16 16, 1.73, 4.86, 5.20, 3.48, 3.72, 5.50, 4.12, 96.03, 1.00, 96.05, 1.00, 0.00, 0.00, 0.00, 0.00, 0.00, 0.00, 0.00, 0.00, 0.00, 0.00, 0.00, 0.00, 0.00, 0.00, 31.35, 1.00, 0.00, 0.00, 56.62, 1.00, 2.98, 35.11, 32.13, 73.50, 32.13, 60.25, 27.22, 63.46, 27.11, 72.62, 34.36, 33.46, -999
23/11/16 17, 1.87, 5.26, 4.85, 2.61, 3.09, 5.50, 4.63, 96.14, 1.00, 96.16, 1.00, 0.00, 0.00, 0.00, 0.00, 0.00, 0.00, 0.00, 0.00, 50.44, 1.00, 0.00, 0.00, 0.00, 0.00, 31.16, 1.00, 0.00, 0.00, 70.30, 1.00, 2.98, 35.04, 30.40, 72.31, 30.35, 86.84, 27.27, 61.99, 27.15, 73.34, 32.87, 31.97, -999
23/11/16 18, 2.10, 5.50, 4.46, 3.09, 2.33, 5.24, 3.60, 95.66, 1.00, 95.68, 1.00, 0.00, 0.00, 0.00, 0.00, 0.00, 0.00, 0.00, 0.00, 50.96, 1.00, 0.00, 0.00, 0.00, 0.00, 0.00, 0.00, 0.00, 0.00, 72.64, 1.00, 2.98, 35.30, 30.69, 71.33, 30.65, 86.09, 30.39, 61.92, 30.39, 56.28, 33.18, 32.28, -999
23/11/16 19, 2.58, 4.98, 4.05, 3.30, 1.67, 4.98, 2.24, 92.32, 1.00, 92.33, 1.00, 0.00, 0.00, 0.00, 0.00, 0.00, 0.00, 0.00, 0.00, 50.24, 1.00, 0.00, 0.00, 0.00, 0.00, 32.83, 1.00, 0.00, 0.00, 0.00, 0.00, 2.98, 37.08, 27.97, 68.78, 27.93, 84.80, 29.09, 58.98, 28.97, 69.28, 40.46, 29.35, -999
23/11/16 20, 2.81, 4.44, 3.57, 3.30, 1.68, 5.23, 2.63, 92.68, 1.00, 92.70, 1.00, 0.00, 0.00, 0.00, 0.00, 0.00, 0.00, 0.00, 0.00, 50.07, 1.00, 36.24, 1.00, 0.00, 0.00, 30.73, 1.00, 0.00, 0.00, 0.00, 0.00, 2.98, 36.89, 27.45, 68.12, 27.41, 84.61, 21.92, 81.72, 21.81, 69.43, 39.96, 28.83, -999
23/11/16 21, 3.04, 3.91, 3.08, 3.27, 2.05, 5.50, 3.28, 94.19, 1.00, 94.21, 1.00, 0.00, 0.00, 0.00, 0.00, 0.00, 0.00, 0.00, 0.00, 50.10, 1.00, 35.84, 1.00, 0.00, 0.00, 30.92, 1.00, 0.00, 0.00, 0.00, 0.00, 2.98, 36.09, 26.92, 67.80, 26.88, 84.01, 21.34, 81.84, 21.23, 68.23, 39.20, 28.29, -999
23/11/16 22, 3.17, 3.08, 3.31, 3.03, 2.43, 5.50, 3.16, 93.42, 1.00, 93.44, 1.00, 0.00, 0.00, 34.96, 1.00, 0.00, 0.00, 0.00, 0.00, 48.33, 1.00, 35.96, 1.00, 0.00, 0.00, 31.18, 1.00, 0.00, 0.00, 0.00, 0.00, 2.98, 36.49, 22.86, 85.04, 22.93, 83.44, 21.67, 81.96, 21.55, 67.64, 39.66, 24.63, -999
23/11/16 23, 3.34, 2.20, 3.67, 2.99, 2.77, 5.50, 2.91, 91.98, 1.00, 92.00, 1.00, 0.00, 0.00, 34.23, 1.00, 0.00, 0.00, 0.00, 0.00, 48.01, 1.00, 36.31, 1.00, 0.00, 0.00, 31.46, 1.00, 0.00, 0.00, 0.00, 0.00, 2.98, 37.26, 22.10, 85.51, 22.17, 83.27, 22.28, 81.95, 22.17, 67.31, 40.50, 23.86, -999
24/11/16 00, 3.57, 1.33, 4.04, 2.96, 3.03, 5.50, 2.61, 92.30, 1.00, 92.32, 1.00, 0.00, 0.00, 32.02, 1.00, 0.00, 0.00, 0.00, 0.00, 47.55, 1.00, 35.40, 1.00, 0.00, 0.00, 31.13, 1.00, 0.00, 0.00, 0.00, 0.00, 2.98, 37.09, 21.54, 88.51, 21.60, 83.54, 22.54, 83.83, 22.43, 68.72, 40.40, 23.26, -999
24/11/16 01, 3.77, 0.50, 4.51, 3.06, 3.56, 5.50, 2.72, 95.35, 1.00, 95.37, 1.00, 0.00, 0.00, 33.43, 1.00, 0.00, 0.00, 0.00, 0.00, 48.62, 1.00, 34.92, 1.00, 0.00, 0.00, 30.25, 1.00, 0.00, 0.00, 109.31, 1.00, 2.98, 35.47, 25.53, 90.24, 25.59, 85.57, 22.08, 84.20, 21.98, 71.18, 28.63, 27.73, -999
24/11/16 02, 3.64, 0.79, 5.01, 3.43, 3.88, 5.50, 3.33, 94.75, 1.00, 94.77, 1.00, 0.00, 0.00, 33.05, 1.00, 0.00, 0.00, 0.00, 0.00, 48.45, 1.00, 0.00, 0.00, 0.00, 0.00, 31.16, 1.00, 0.00, 0.00, 109.84, 1.00, 2.98, 35.79, 25.87, 91.20, 25.92, 86.21, 28.77, 64.08, 28.65, 74.84, 28.96, 28.06, -999
24/11/16 03, 3.67, 1.15, 5.33, 3.85, 3.32, 5.50, 4.28, 94.54, 1.00, 94.56, 1.00, 0.00, 0.00, 0.00, 0.00, 0.00, 0.00, 0.00, 0.00, 48.30, 1.00, 0.00, 0.00, 0.00, 0.00, 30.34, 1.00, 0.00, 0.00, 100.00, 1.00, 2.98, 35.90, 27.89, 75.78, 27.86, 88.42, 28.97, 64.14, 28.86, 77.77, 30.54, 29.64, -999
24/11/16 04, 3.81, 1.70, 5.08, 4.52, 2.90, 5.36, 4.13, 91.92, 1.00, 91.94, 1.00, 0.00, 0.00, 0.00, 0.00, 0.00, 0.00, 0.00, 0.00, 0.00, 0.00, 0.00, 0.00, 0.00, 0.00, 0.00, 0.00, 0.00, 0.00, 87.06, 1.00, 2.98, 37.29, 31.74, 76.33, 31.74, 69.27, 32.68, 64.14, 32.68, 60.50, 34.12, 33.22, -999
24/11/16 05, 4.13, 2.62, 4.88, 3.69, 2.58, 5.11, 3.13, 92.63, 1.00, 92.65, 1.00, 0.00, 0.00, 0.00, 0.00, 0.00, 0.00, 0.00, 0.00, 0.00, 0.00, 0.00, 0.00, 0.00, 0.00, 0.00, 0.00, 0.00, 0.00, 81.67, 1.00, 2.98, 36.92, 32.09, 74.33, 32.09, 66.25, 32.59, 64.00, 32.59, 59.31, 34.44, 33.54, -999
24/11/16 06, 4.31, 3.33, 4.57, 3.21, 2.33, 5.10, 2.88, 94.08, 1.00, 94.10, 1.00, 0.00, 0.00, 0.00, 0.00, 0.00, 0.00, 0.00, 0.00, 49.83, 1.00, 0.00, 0.00, 0.00, 0.00, 32.50, 1.00, 0.00, 0.00, 92.26, 1.00, 2.98, 36.14, 29.47, 74.39, 29.43, 87.09, 29.21, 62.91, 29.08, 70.58, 32.07, 31.17, -999
24/11/16 07, 4.35, 3.77, 4.29, 3.68, 1.85, 5.43, 3.55, 94.06, 1.00, 94.08, 1.00, 0.00, 0.00, 0.00, 0.00, 0.00, 0.00, 0.00, 0.00, 49.97, 1.00, 0.00, 0.00, 0.00, 0.00, 32.52, 1.00, 0.00, 0.00, 90.18, 1.00, 2.98, 36.15, 29.79, 73.50, 29.75, 87.15, 29.24, 62.00, 29.11, 70.53, 32.38, 31.48, -999
24/11/16 08, 4.36, 4.18, 3.97, 4.08, 1.58, 5.50, 4.30, 95.33, 1.00, 95.35, 1.00, 0.00, 0.00, 0.00, 0.00, 0.00, 0.00, 0.00, 0.00, 50.00, 1.00, 36.68, 1.00, 0.00, 0.00, 30.21, 1.00, 0.00, 0.00, 83.75, 1.00, 2.98, 35.48, 29.87, 71.64, 29.83, 87.18, 21.86, 80.87, 21.75, 71.07, 32.42, 31.52, -999
24/11/16 09, 4.18, 4.53, 3.59, 4.42, 1.81, 5.50, 4.61, 95.41, 1.00, 95.43, 1.00, 0.00, 0.00, 0.00, 0.00, 0.00, 0.00, 0.00, 0.00, 50.75, 1.00, 36.50, 1.00, 0.00, 0.00, 30.76, 1.00, 0.00, 0.00, 81.41, 1.00, 2.98, 35.43, 30.07, 70.38, 30.03, 85.89, 21.65, 80.97, 21.54, 69.06, 32.61, 31.71, -999
24/11/16 10, 4.02, 4.85, 3.18, 4.35, 2.04, 5.50, 4.39, 95.06, 1.00, 95.07, 1.00, 0.00, 0.00, 0.00, 0.00, 0.00, 0.00, 0.00, 0.00, 50.37, 1.00, 35.72, 1.00, 0.00, 0.00, 30.38, 1.00, 0.00, 0.00, 80.36, 1.00, 2.98, 35.63, 30.36, 69.79, 30.32, 86.93, 22.07, 82.78, 21.96, 70.72, 32.89, 31.99, -999
24/11/16 11, 3.90, 5.12, 3.21, 4.05, 2.54, 5.50, 4.61, 95.41, 1.00, 95.43, 1.00, 0.00, 0.00, 36.12, 1.00, 0.00, 0.00, 0.00, 0.00, 0.00, 0.00, 35.64, 1.00, 0.00, 0.00, 30.47, 1.00, 0.00, 0.00, 73.54, 1.00, 2.98, 35.43, 30.96, 91.11, 31.08, 65.61, 21.82, 82.68, 21.71, 70.17, 33.48, 32.58, -999
24/11/16 12, 3.77, 5.43, 3.76, 3.07, 2.98, 5.50, 4.66, 95.70, 1.00, 95.72, 1.00, 0.00, 0.00, 37.08, 1.00, 0.00, 0.00, 0.00, 0.00, 50.57, 1.00, 36.25, 1.00, 0.00, 0.00, 30.18, 1.00, 0.00, 0.00, 78.49, 1.00, 2.98, 35.28, 29.71, 88.13, 29.79, 86.01, 21.55, 81.32, 21.44, 70.88, 32.69, 31.79, -999
24/11/16 13, 3.66, 5.34, 4.20, 3.33, 3.14, 5.40, 4.34, 94.56, 1.00, 94.58, 1.00, 0.00, 0.00, 35.85, 1.00, 0.00, 0.00, 0.00, 0.00, 49.59, 1.00, 37.06, 1.00, 0.00, 0.00, 0.00, 0.00, 0.00, 0.00, 83.55, 1.00, 2.98, 35.89, 29.73, 90.35, 29.80, 87.93, 28.03, 86.27, 28.03, 55.41, 32.70, 31.80, -999
24/11/16 14, 3.70, 5.32, 4.70, 3.92, 3.75, 5.02, 2.48, 95.39, 1.00, 95.41, 1.00, 0.00, 0.00, 36.36, 1.00, 0.00, 0.00, 0.00, 0.00, 50.40, 1.00, 35.03, 1.00, 0.00, 0.00, 31.41, 1.00, 0.00, 0.00, 80.16, 1.00, 2.98, 35.45, 29.65, 89.37, 29.73, 86.28, 21.68, 83.60, 21.56, 66.89, 32.63, 31.73, -999
24/11/16 15, 3.62, 5.26, 5.15, 4.10, 3.93, 5.16, 2.40, 95.37, 1.00, 95.39, 1.00, 0.00, 0.00, 34.99, 1.00, 0.00, 0.00, 0.00, 0.00, 50.38, 1.00, 0.00, 0.00, 0.00, 0.00, 32.65, 1.00, 0.00, 0.00, 81.28, 1.00, 2.98, 35.46, 29.64, 91.76, 29.70, 86.29, 28.34, 63.42, 28.21, 69.16, 32.59, 31.69, -999
24/11/16 16, 3.65, 5.45, 5.06, 4.24, 3.26, 5.43, 2.83, 94.32, 1.00, 94.34, 1.00, 0.00, 0.00, 0.00, 0.00, 0.00, 0.00, 0.00, 0.00, 50.54, 1.00, 0.00, 0.00, 0.00, 0.00, 32.77, 1.00, 0.00, 0.00, 79.00, 1.00, 2.98, 36.02, 30.89, 72.85, 30.85, 87.13, 28.70, 62.45, 28.57, 69.09, 33.42, 32.52, -999
24/11/16 17, 4.01, 5.07, 4.69, 4.47, 2.54, 5.50, 3.35, 90.33, 1.00, 90.34, 1.00, 0.00, 0.00, 0.00, 0.00, 0.00, 0.00, 0.00, 0.00, 48.80, 1.00, 0.00, 0.00, 0.00, 0.00, 31.86, 1.00, 0.00, 0.00, 0.00, 0.00, 2.98, 38.13, 28.17, 71.99, 28.13, 87.76, 30.81, 61.04, 30.69, 74.45, 42.01, 29.53, -999
24/11/16 18, 4.37, 4.94, 4.29, 3.70, 1.72, 5.50, 4.20, 90.13, 1.00, 90.15, 1.00, 0.00, 0.00, 0.00, 0.00, 0.00, 0.00, 0.00, 0.00, 0.00, 0.00, 0.00, 0.00, 0.00, 0.00, 32.34, 1.00, 0.00, 0.00, 0.00, 0.00, 2.98, 38.23, 29.94, 72.61, 29.94, 63.87, 30.99, 60.95, 30.86, 72.94, 42.20, 31.13, -999
24/11/16 19, 4.42, 4.67, 3.94, 3.14, 1.75, 5.50, 4.55, 112.99, 1.00, 0.00, 0.00, 0.00, 0.00, 0.00, 0.00, 0.00, 0.00, 0.00, 0.00, 50.24, 1.00, 35.88, 1.00, 0.00, 0.00, 30.68, 1.00, 0.00, 0.00, 0.00, 0.00, 2.99, 25.77, 27.67, 71.38, 27.63, 84.50, 22.23, 82.68, 22.12, 69.91, 38.30, 29.04, -999
24/11/16 20, 4.28, 4.14, 3.55, 3.11, 2.25, 5.50, 4.54, 113.59, 1.00, 0.00, 0.00, 0.00, 0.00, 0.00, 0.00, 0.00, 0.00, 0.00, 0.00, 50.36, 1.00, 35.87, 1.00, 0.00, 0.00, 30.65, 1.00, 0.00, 0.00, 0.00, 0.00, 2.99, 25.42, 27.13, 68.91, 27.09, 83.71, 21.90, 82.35, 21.79, 69.66, 37.99, 28.50, -999
24/11/16 21, 4.12, 3.61, 3.09, 2.80, 2.67, 5.50, 4.48, 113.35, 1.00, 0.00, 0.00, 0.00, 0.00, 0.00, 0.00, 0.00, 0.00, 0.00, 0.00, 49.85, 1.00, 36.23, 1.00, 0.00, 0.00, 30.80, 1.00, 0.00, 0.00, 0.00, 0.00, 2.99, 25.56, 26.63, 67.50, 26.59, 84.21, 21.85, 81.66, 21.74, 69.11, 38.05, 28.00, -999
24/11/16 22, 3.99, 2.78, 3.30, 2.79, 2.91, 5.50, 4.30, 113.66, 1.00, 0.00, 0.00, 0.00, 0.00, 33.98, 1.00, 0.00, 0.00, 0.00, 0.00, 48.57, 1.00, 35.91, 1.00, 0.00, 0.00, 30.75, 1.00, 0.00, 0.00, 0.00, 0.00, 2.99, 25.39, 22.65, 86.47, 22.72, 82.77, 21.76, 82.14, 21.65, 69.21, 37.87, 24.41, -999
24/11/16 23, 3.85, 1.91, 3.71, 2.59, 3.21, 5.50, 4.18, 114.24, 1.00, 0.00, 0.00, 0.00, 0.00, 34.03, 1.00, 0.00, 0.00, 0.00, 0.00, 48.27, 1.00, 35.35, 1.00, 0.00, 0.00, 30.59, 1.00, 0.00, 0.00, 0.00, 0.00, 2.99, 25.06, 21.81, 85.54, 21.87, 82.50, 21.61, 82.97, 21.50, 69.57, 37.57, 23.57, -999
25/11/16 00, 3.69, 1.04, 4.09, 2.41, 3.64, 5.50, 4.19, 112.76, 1.00, 0.00, 0.00, 0.00, 0.00, 32.83, 1.00, 0.00, 0.00, 0.00, 0.00, 47.76, 1.00, 35.35, 1.00, 0.00, 0.00, 30.12, 1.00, 0.00, 0.00, 0.00, 0.00, 2.99, 25.90, 21.13, 86.82, 21.19, 82.75, 22.35, 83.71, 22.24, 71.86, 38.14, 22.87, -999
25/11/16 01, 3.59, 0.45, 4.51, 2.44, 3.86, 5.50, 4.68, 117.22, 1.00, 0.00, 0.00, 0.00, 0.00, 34.61, 1.00, 0.00, 0.00, 0.00, 0.00, 49.25, 1.00, 0.00, 0.00, 0.00, 0.00, 31.16, 1.00, 0.00, 0.00, 98.20, 1.00, 2.99, 23.35, 25.04, 87.81, 25.10, 83.89, 26.84, 64.17, 26.73, 72.90, 28.09, 27.19, -999
25/11/16 02, 3.32, 0.63, 4.93, 2.55, 3.33, 5.21, 3.45, 115.56, 1.00, 0.00, 0.00, 0.00, 0.00, 32.46, 1.00, 0.00, 0.00, 0.00, 0.00, 48.34, 1.00, 0.00, 0.00, 0.00, 0.00, 0.00, 0.00, 0.00, 0.00, 102.74, 1.00, 2.99, 24.30, 25.48, 91.75, 25.53, 86.03, 30.25, 63.60, 30.25, 58.65, 28.51, 27.61, -999
25/11/16 03, 3.11, 0.92, 5.23, 3.08, 2.79, 5.05, 2.60, 115.72, 1.00, 0.00, 0.00, 0.00, 0.00, 0.00, 0.00, 0.00, 0.00, 0.00, 0.00, 48.32, 1.00, 0.00, 0.00, 0.00, 0.00, 31.73, 1.00, 0.00, 0.00, 91.81, 1.00, 2.99, 24.21, 27.14, 75.84, 27.10, 87.65, 27.45, 63.42, 27.34, 71.55, 29.73, 28.83, -999
25/11/16 04, 2.89, 1.37, 4.99, 3.75, 2.32, 5.43, 3.57, 115.80, 1.00, 0.00, 0.00, 0.00, 0.00, 0.00, 0.00, 0.00, 0.00, 0.00, 0.00, 47.11, 1.00, 0.00, 0.00, 0.00, 0.00, 31.40, 1.00, 0.00, 0.00, 88.68, 1.00, 2.99, 24.17, 27.49, 75.45, 27.45, 90.18, 27.42, 63.05, 27.30, 72.65, 30.05, 29.15, -999
25/11/16 05, 2.72, 1.87, 4.74, 4.36, 1.87, 5.50, 4.95, 115.38, 1.00, 0.00, 0.00, 0.00, 0.00, 0.00, 0.00, 0.00, 0.00, 0.00, 0.00, 0.00, 0.00, 0.00, 0.00, 0.00, 0.00, 0.00, 0.00, 0.00, 0.00, 69.71, 1.00, 2.99, 24.41, 30.21, 76.23, 30.21, 70.12, 30.18, 62.03, 30.18, 61.23, 32.49, 31.59, -999
25/11/16 06, 2.66, 2.59, 4.55, 3.71, 1.71, 5.27, 3.91, 116.94, 1.00, 0.00, 0.00, 0.00, 0.00, 0.00, 0.00, 0.00, 0.00, 0.00, 0.00, 0.00, 0.00, 36.57, 1.00, 0.00, 0.00, 0.00, 0.00, 0.00, 0.00, 61.10, 1.00, 2.99, 23.51, 30.20, 75.38, 30.20, 68.49, 26.16, 85.28, 26.16, 59.69, 32.45, 31.55, -999
25/11/16 07, 2.43, 3.17, 4.32, 3.11, 2.41, 4.98, 2.73, 118.16, 1.00, 0.00, 0.00, 0.00, 0.00, 0.00, 0.00, 0.00, 0.00, 0.00, 0.00, 49.33, 1.00, 36.70, 1.00, 0.00, 0.00, 0.00, 0.00, 0.00, 0.00, 70.13, 1.00, 2.99, 22.81, 28.35, 72.31, 28.31, 86.94, 25.40, 84.30, 25.40, 58.68, 30.82, 29.92, -999
25/11/16 08, 2.06, 3.33, 3.96, 3.61, 2.89, 5.17, 3.05, 119.75, 1.00, 0.00, 0.00, 0.00, 0.00, 0.00, 0.00, 0.00, 0.00, 0.00, 0.00, 50.64, 1.00, 34.40, 1.00, 0.00, 0.00, 30.53, 1.00, 0.00, 0.00, 60.61, 1.00, 2.99, 21.89, 28.23, 72.94, 28.19, 84.27, 18.61, 81.62, 18.50, 66.78, 30.66, 29.76, -999
25/11/16 09, 1.67, 3.42, 3.63, 3.27, 3.28, 5.28, 2.85, 119.73, 1.00, 0.00, 0.00, 0.00, 0.00, 0.00, 0.00, 0.00, 0.00, 0.00, 0.00, 50.26, 1.00, 34.73, 1.00, 0.00, 0.00, 30.50, 1.00, 0.00, 0.00, 59.29, 1.00, 2.99, 21.91, 28.31, 69.32, 28.27, 85.11, 18.52, 80.95, 18.41, 66.78, 30.74, 29.84, -999
25/11/16 10, 1.32, 3.51, 3.18, 3.35, 3.51, 5.39, 2.70, 120.55, 1.00, 0.00, 0.00, 0.00, 0.00, 0.00, 0.00, 0.00, 0.00, 0.00, 0.00, 50.36, 1.00, 34.26, 1.00, 0.00, 0.00, 30.26, 1.00, 0.00, 0.00, 53.77, 1.00, 2.99, 21.43, 28.33, 70.13, 28.29, 84.93, 18.14, 81.37, 18.03, 67.19, 30.73, 29.83, -999
25/11/16 11, 0.99, 3.40, 3.21, 3.35, 3.81, 5.50, 2.81, 98.27, 1.00, 98.29, 1.00, 0.00, 0.00, 35.44, 1.00, 0.00, 0.00, 0.00, 0.00, 49.55, 1.00, 34.56, 1.00, 0.00, 0.00, 30.09, 1.00, 0.00, 0.00, 75.96, 1.00, 2.97, 33.90, 27.72, 89.06, 27.79, 86.00, 19.50, 82.22, 19.39, 69.10, 30.64, 29.74, -999
25/11/16 12, 0.97, 3.31, 3.70, 3.66, 3.69, 5.50, 3.10, 98.14, 1.00, 98.16, 1.00, 0.00, 0.00, 36.53, 1.00, 0.00, 0.00, 0.00, 0.00, 50.37, 1.00, 0.00, 0.00, 0.00, 0.00, 31.92, 1.00, 0.00, 0.00, 77.94, 1.00, 2.97, 33.97, 27.60, 87.01, 27.68, 84.29, 25.88, 62.60, 25.76, 69.31, 30.57, 29.67, -999
25/11/16 13, 1.03, 3.22, 4.11, 3.39, 2.93, 5.50, 3.15, 97.31, 1.00, 97.32, 1.00, 0.00, 0.00, 34.33, 1.00, 0.00, 0.00, 0.00, 0.00, 50.38, 1.00, 0.00, 0.00, 0.00, 0.00, 31.71, 1.00, 0.00, 0.00, 81.78, 1.00, 2.97, 34.42, 27.62, 90.85, 27.68, 84.27, 26.26, 63.50, 26.14, 70.44, 30.56, 29.66, -999
25/11/16 14, 1.14, 3.19, 4.64, 3.18, 2.45, 5.50, 3.43, 97.87, 1.00, 97.89, 1.00, 0.00, 0.00, 35.14, 1.00, 0.00, 0.00, 0.00, 0.00, 49.97, 1.00, 0.00, 0.00, 0.00, 0.00, 31.56, 1.00, 0.00, 0.00, 80.07, 1.00, 2.97, 34.11, 27.56, 89.43, 27.63, 85.03, 26.13, 61.34, 26.01, 70.81, 30.51, 29.61, -999
25/11/16 15, 1.20, 3.14, 5.10, 3.30, 1.69, 5.50, 3.73, 98.00, 1.00, 98.02, 1.00, 0.00, 0.00, 34.98, 1.00, 0.00, 0.00, 0.00, 0.00, 49.72, 1.00, 0.00, 0.00, 0.00, 0.00, 32.07, 1.00, 0.00, 0.00, 80.09, 1.00, 2.97, 34.05, 27.52, 89.66, 27.59, 85.47, 26.05, 61.41, 25.93, 68.96, 30.46, 29.56, -999
25/11/16 16, 1.17, 3.25, 5.14, 3.51, 1.69, 5.50, 3.48, 98.26, 1.00, 98.28, 1.00, 0.00, 0.00, 0.00, 0.00, 0.00, 0.00, 0.00, 0.00, 49.92, 1.00, 35.18, 1.00, 0.00, 0.00, 29.53, 1.00, 0.00, 0.00, 73.53, 1.00, 2.97, 33.90, 28.51, 73.24, 28.47, 85.97, 19.57, 81.23, 19.47, 70.96, 31.00, 30.10, -999
25/11/16 17, 1.09, 3.49, 4.77, 3.74, 2.11, 5.50, 3.97, 97.61, 1.00, 97.63, 1.00, 0.00, 0.00, 0.00, 0.00, 0.00, 0.00, 0.00, 0.00, 49.72, 1.00, 34.98, 1.00, 0.00, 0.00, 29.44, 1.00, 0.00, 0.00, 73.76, 1.00, 2.97, 34.26, 28.77, 73.26, 28.73, 86.62, 19.87, 81.87, 19.77, 71.53, 31.26, 30.36, -999
25/11/16 18, 1.07, 3.74, 4.43, 4.07, 2.57, 5.50, 4.48, 97.81, 1.00, 97.82, 1.00, 0.00, 0.00, 0.00, 0.00, 0.00, 0.00, 0.00, 0.00, 49.82, 1.00, 34.88, 1.00, 0.00, 0.00, 29.77, 1.00, 0.00, 0.00, 71.52, 1.00, 2.97, 34.15, 28.94, 72.53, 28.90, 86.59, 19.72, 81.91, 19.62, 70.37, 31.42, 30.52, -999
25/11/16 19, 1.03, 3.96, 4.07, 4.33, 2.99, 5.50, 4.67, 97.82, 1.00, 97.84, 1.00, 0.00, 0.00, 0.00, 0.00, 0.00, 0.00, 0.00, 0.00, 50.49, 1.00, 34.77, 1.00, 0.00, 0.00, 29.58, 1.00, 0.00, 0.00, 70.03, 1.00, 2.97, 34.14, 29.09, 69.79, 29.05, 85.43, 19.77, 82.14, 19.66, 71.01, 31.57, 30.67, -999
25/11/16 20, 1.07, 4.17, 3.62, 4.19, 3.43, 5.31, 3.89, 98.10, 1.00, 98.12, 1.00, 0.00, 0.00, 0.00, 0.00, 0.00, 0.00, 0.00, 0.00, 50.33, 1.00, 36.96, 1.00, 0.00, 0.00, 0.00, 0.00, 0.00, 0.00, 68.34, 1.00, 2.97, 33.99, 29.26, 70.34, 29.22, 85.90, 25.25, 83.66, 25.25, 55.11, 31.73, 30.83, -999
25/11/16 21, 1.09, 4.36, 3.20, 4.23, 3.73, 4.98, 2.24, 99.10, 1.00, 99.12, 1.00, 0.00, 0.00, 0.00, 0.00, 0.00, 0.00, 0.00, 0.00, 50.73, 1.00, 34.80, 1.00, 0.00, 0.00, 30.92, 1.00, 0.00, 0.00, 62.71, 1.00, 2.97, 33.45, 29.30, 69.49, 29.25, 85.16, 18.83, 81.15, 18.72, 65.69, 31.74, 30.84, -999
25/11/16 22, 0.95, 4.31, 3.21, 3.98, 3.92, 4.93, 1.72, 99.47, 1.00, 99.49, 1.00, 0.00, 0.00, 36.85, 1.00, 0.00, 0.00, 0.00, 0.00, 50.48, 1.00, 34.55, 1.00, 0.00, 0.00, 30.87, 1.00, 0.00, 0.00, 65.50, 1.00, 2.97, 33.25, 28.28, 87.12, 28.36, 84.75, 18.66, 81.41, 18.55, 65.71, 31.18, 30.28, -999
25/11/16 23, 0.88, 4.09, 3.64, 3.71, 3.44, 4.97, 1.42, 98.36, 1.00, 98.38, 1.00, 0.00, 0.00, 36.30, 1.00, 0.00, 0.00, 0.00, 0.00, 49.96, 1.00, 0.00, 0.00, 0.00, 0.00, 32.55, 1.00, 0.00, 0.00, 71.36, 1.00, 2.97, 33.85, 28.28, 88.10, 28.35, 85.78, 25.65, 61.26, 25.53, 66.85, 31.20, 30.30, -999
26/11/16 00, 0.93, 3.94, 4.09, 3.88, 2.54, 5.10, 1.44, 97.52, 1.00, 97.53, 1.00, 0.00, 0.00, 35.61, 1.00, 0.00, 0.00, 0.00, 0.00, 49.77, 1.00, 0.00, 0.00, 0.00, 0.00, 32.09, 1.00, 0.00, 0.00, 75.60, 1.00, 2.97, 34.31, 28.25, 89.29, 28.32, 86.10, 26.07, 62.08, 25.95, 68.91, 31.17, 30.27, -999
26/11/16 01, 1.05, 3.85, 4.56, 4.08, 1.87, 5.37, 2.04, 96.75, 1.00, 96.77, 1.00, 0.00, 0.00, 33.83, 1.00, 0.00, 0.00, 0.00, 0.00, 48.82, 1.00, 0.00, 0.00, 0.00, 0.00, 31.90, 1.00, 0.00, 0.00, 79.47, 1.00, 2.98, 34.72, 28.26, 92.33, 28.33, 87.94, 26.46, 62.04, 26.34, 69.95, 31.18, 30.28, -999
26/11/16 02, 1.17, 3.91, 5.12, 4.24, 1.60, 5.50, 2.92, 96.85, 1.00, 96.87, 1.00, 0.00, 0.00, 34.32, 1.00, 0.00, 0.00, 0.00, 0.00, 0.00, 0.00, 34.66, 1.00, 0.00, 0.00, 29.28, 1.00, 0.00, 0.00, 69.58, 1.00, 2.98, 34.66, 29.66, 92.92, 29.76, 67.33, 20.30, 82.85, 20.20, 72.48, 32.14, 31.24, -999
26/11/16 03, 1.25, 4.44, 5.11, 3.18, 2.24, 5.50, 3.75, 95.93, 1.00, 95.94, 1.00, 0.00, 0.00, 0.00, 0.00, 0.00, 0.00, 0.00, 0.00, 0.00, 0.00, 34.56, 1.00, 0.00, 0.00, 28.83, 1.00, 0.00, 0.00, 57.18, 1.00, 2.98, 35.16, 31.76, 75.40, 31.76, 66.97, 20.82, 83.54, 20.73, 74.37, 33.98, 33.08, -999
26/11/16 04, 1.33, 4.74, 4.85, 3.56, 2.89, 5.50, 4.75, 96.13, 1.00, 96.14, 1.00, 0.00, 0.00, 0.00, 0.00, 0.00, 0.00, 0.00, 0.00, 48.78, 1.00, 34.12, 1.00, 0.00, 0.00, 28.30, 1.00, 0.00, 0.00, 71.00, 1.00, 2.98, 35.05, 29.97, 75.78, 29.93, 89.60, 21.06, 84.52, 20.96, 76.21, 32.44, 31.54, -999
26/11/16 05, 1.50, 5.00, 4.63, 4.37, 3.66, 5.32, 4.16, 96.04, 1.00, 96.06, 1.00, 0.00, 0.00, 0.00, 0.00, 0.00, 0.00, 0.00, 0.00, 49.37, 1.00, 36.13, 1.00, 0.00, 0.00, 0.00, 0.00, 0.00, 0.00, 71.20, 1.00, 2.98, 35.10, 30.21, 74.57, 30.17, 88.72, 26.44, 86.36, 26.44, 59.69, 32.68, 31.78, -999
26/11/16 06, 1.79, 5.50, 4.35, 3.69, 3.75, 5.03, 2.91, 88.98, 1.00, 89.00, 1.00, 0.00, 0.00, 0.00, 0.00, 0.00, 0.00, 0.00, 0.00, 0.00, 0.00, 0.00, 0.00, 0.00, 0.00, 0.00, 0.00, 0.00, 0.00, 0.00, 0.00, 2.98, 38.83, 30.50, 74.28, 30.50, 66.61, 33.59, 64.12, 33.59, 57.76, 42.71, 31.69, -999
26/11/16 07, 2.30, 5.31, 4.07, 3.21, 3.23, 5.01, 2.49, 90.46, 1.00, 90.47, 1.00, 0.00, 0.00, 0.00, 0.00, 0.00, 0.00, 0.00, 0.00, 48.94, 1.00, 0.00, 0.00, 0.00, 0.00, 32.85, 1.00, 0.00, 0.00, 0.00, 0.00, 2.98, 38.06, 28.40, 73.77, 28.36, 87.73, 29.88, 62.91, 29.75, 69.96, 41.52, 29.77, -999
26/11/16 08, 2.74, 4.79, 3.78, 3.83, 2.59, 5.32, 3.08, 90.99, 1.00, 91.01, 1.00, 0.00, 0.00, 0.00, 0.00, 0.00, 0.00, 0.00, 0.00, 49.43, 1.00, 0.00, 0.00, 0.00, 0.00, 33.01, 1.00, 0.00, 0.00, 0.00, 0.00, 2.98, 37.78, 27.84, 72.38, 27.80, 86.24, 29.77, 61.99, 29.65, 69.29, 41.29, 29.22, -999
26/11/16 09, 3.14, 4.27, 3.44, 4.10, 1.90, 5.50, 3.44, 91.84, 1.00, 91.85, 1.00, 0.00, 0.00, 0.00, 0.00, 0.00, 0.00, 0.00, 0.00, 49.53, 1.00, 0.00, 0.00, 0.00, 0.00, 31.87, 1.00, 0.00, 0.00, 0.00, 0.00, 2.98, 37.33, 27.31, 71.08, 27.27, 85.52, 29.71, 61.53, 29.59, 73.30, 40.89, 28.69, -999
26/11/16 10, 3.44, 3.74, 3.06, 4.17, 1.54, 5.50, 4.07, 92.85, 1.00, 92.87, 1.00, 0.00, 0.00, 0.00, 0.00, 0.00, 0.00, 0.00, 0.00, 49.51, 1.00, 36.29, 1.00, 0.00, 0.00, 30.75, 1.00, 0.00, 0.00, 0.00, 0.00, 2.98, 36.80, 26.79, 69.11, 26.75, 85.03, 22.09, 81.78, 21.97, 69.52, 40.05, 28.16, -999
26/11/16 11, 3.62, 2.95, 3.25, 4.06, 1.93, 5.50, 4.08, 91.55, 1.00, 91.57, 1.00, 0.00, 0.00, 33.96, 1.00, 0.00, 0.00, 0.00, 0.00, 47.71, 1.00, 36.10, 1.00, 0.00, 0.00, 30.77, 1.00, 0.00, 0.00, 0.00, 0.00, 2.98, 37.48, 22.92, 86.78, 22.98, 84.63, 22.85, 82.89, 22.74, 70.21, 40.83, 24.67, -999
26/11/16 12, 3.86, 2.09, 3.68, 4.14, 2.42, 5.50, 4.22, 92.51, 1.00, 92.52, 1.00, 0.00, 0.00, 34.03, 1.00, 0.00, 0.00, 0.00, 0.00, 47.31, 1.00, 36.02, 1.00, 0.00, 0.00, 30.94, 1.00, 0.00, 0.00, 0.00, 0.00, 2.98, 36.98, 22.09, 85.83, 22.16, 84.53, 22.46, 82.65, 22.35, 69.26, 40.37, 23.84, -999
26/11/16 13, 4.03, 1.23, 4.07, 4.23, 2.83, 5.50, 4.12, 91.23, 1.00, 91.25, 1.00, 0.00, 0.00, 33.43, 1.00, 0.00, 0.00, 0.00, 0.00, 47.16, 1.00, 36.12, 1.00, 0.00, 0.00, 30.46, 1.00, 0.00, 0.00, 0.00, 0.00, 2.98, 37.65, 21.32, 86.03, 21.38, 84.02, 23.26, 83.26, 23.15, 71.67, 41.13, 23.05, -999
26/11/16 14, 4.19, 0.54, 4.45, 4.19, 3.26, 5.50, 4.54, 95.98, 1.00, 96.00, 1.00, 0.00, 0.00, 34.02, 1.00, 0.00, 0.00, 0.00, 0.00, 48.18, 1.00, 35.22, 1.00, 0.00, 0.00, 29.61, 1.00, 0.00, 0.00, 107.89, 1.00, 2.98, 35.13, 25.50, 89.24, 25.56, 86.36, 21.96, 83.55, 21.85, 73.10, 28.60, 27.70, -999
26/11/16 15, 4.02, 0.82, 4.92, 4.54, 3.79, 5.30, 3.86, 94.91, 1.00, 94.93, 1.00, 0.00, 0.00, 35.18, 1.00, 0.00, 0.00, 0.00, 0.00, 0.00, 0.00, 37.09, 1.00, 0.00, 0.00, 0.00, 0.00, 0.00, 0.00, 96.82, 1.00, 2.98, 35.70, 28.27, 90.06, 28.38, 64.66, 28.17, 86.35, 28.17, 57.90, 30.93, 30.03, -999
26/11/16 16, 4.06, 1.52, 5.22, 3.12, 3.76, 5.03, 2.57, 94.94, 1.00, 94.96, 1.00, 0.00, 0.00, 0.00, 0.00, 0.00, 0.00, 0.00, 0.00, 0.00, 0.00, 0.00, 0.00, 0.00, 0.00, 32.66, 1.00, 0.00, 0.00, 79.90, 1.00, 2.98, 35.69, 30.81, 72.73, 30.81, 63.20, 28.75, 63.87, 28.63, 69.55, 33.15, 32.25, -999
26/11/16 17, 4.01, 2.11, 4.83, 2.93, 3.19, 5.32, 3.06, 95.19, 1.00, 95.21, 1.00, 0.00, 0.00, 0.00, 0.00, 0.00, 0.00, 0.00, 0.00, 39.64, 1.00, 0.00, 0.00, 0.00, 0.00, 32.82, 1.00, 0.00, 0.00, 91.85, 1.00, 2.98, 35.55, 28.95, 73.67, 28.92, 79.16, 28.64, 62.76, 28.52, 68.84, 31.48, 30.58, -999
26/11/16 18, 3.98, 2.66, 4.50, 2.83, 2.53, 5.50, 3.30, 94.87, 1.00, 94.89, 1.00, 0.00, 0.00, 0.00, 0.00, 0.00, 0.00, 0.00, 0.00, 39.47, 1.00, 0.00, 0.00, 0.00, 0.00, 31.85, 1.00, 0.00, 0.00, 89.82, 1.00, 2.98, 35.72, 29.36, 73.11, 29.34, 79.83, 28.85, 61.76, 28.73, 72.54, 31.88, 30.98, -999
26/11/16 19, 3.99, 3.18, 4.16, 2.98, 1.81, 5.50, 3.88, 95.25, 1.00, 95.27, 1.00, 0.00, 0.00, 0.00, 0.00, 0.00, 0.00, 0.00, 0.00, 40.05, 1.00, 0.00, 0.00, 0.00, 0.00, 32.13, 1.00, 0.00, 0.00, 86.59, 1.00, 2.98, 35.52, 29.64, 71.83, 29.61, 79.26, 28.71, 60.73, 28.59, 71.39, 32.14, 31.24, -999
26/11/16 20, 3.88, 3.65, 3.78, 2.84, 1.74, 5.50, 4.07, 95.97, 1.00, 95.99, 1.00, 0.00, 0.00, 0.00, 0.00, 0.00, 0.00, 0.00, 0.00, 40.30, 1.00, 36.02, 1.00, 0.00, 0.00, 30.48, 1.00, 0.00, 0.00, 81.15, 1.00, 2.98, 35.13, 29.76, 70.16, 29.74, 79.02, 21.43, 81.62, 21.32, 69.75, 32.24, 31.34, -999
26/11/16 21, 3.70, 4.07, 3.36, 2.60, 2.11, 5.50, 4.15, 97.07, 1.00, 97.09, 1.00, 0.00, 0.00, 0.00, 0.00, 0.00, 0.00, 0.00, 0.00, 40.82, 1.00, 35.81, 1.00, 0.00, 0.00, 31.14, 1.00, 0.00, 0.00, 75.20, 1.00, 2.97, 34.55, 29.84, 68.53, 29.82, 78.33, 20.61, 81.17, 20.50, 66.75, 32.29, 31.39, -999
26/11/16 22, 3.47, 4.42, 2.89, 2.03, 2.41, 5.47, 3.45, 97.36, 1.00, 97.38, 1.00, 0.00, 0.00, 37.96, 1.00, 0.00, 0.00, 0.00, 0.00, 40.57, 1.00, 35.77, 1.00, 0.00, 0.00, 31.10, 1.00, 0.00, 0.00, 77.63, 1.00, 2.97, 34.39, 28.87, 85.66, 28.97, 77.84, 20.39, 81.02, 20.27, 66.64, 31.75, 30.85, -999
26/11/16 23, 3.23, 4.23, 3.26, 2.19, 2.65, 5.48, 2.94, 97.29, 1.00, 97.31, 1.00, 0.00, 0.00, 36.32, 1.00, 0.00, 0.00, 44.30, 1.00, 21.82, 1.00, 35.53, 1.00, 0.00, 0.00, 31.00, 1.00, 0.00, 0.00, 81.62, 1.00, 2.97, 34.43, 28.06, 87.84, 28.11, 95.63, 20.45, 81.49, 20.33, 67.04, 31.23, 30.33, -999
27/11/16 00, 3.01, 4.01, 3.72, 2.60, 2.94, 5.50, 2.89, 95.75, 1.00, 95.76, 1.00, 0.00, 0.00, 35.27, 1.00, 0.00, 0.00, 43.34, 1.00, 18.76, 1.00, 35.22, 1.00, 0.00, 0.00, 29.89, 1.00, 0.00, 0.00, 87.16, 1.00, 2.98, 35.26, 28.17, 89.80, 28.22, 97.26, 21.55, 83.13, 21.44, 71.79, 31.30, 30.40, -999
27/11/16 01, 2.92, 3.91, 4.22, 3.45, 3.43, 5.50, 3.57, 95.28, 1.00, 95.29, 1.00, 0.00, 0.00, 33.99, 1.00, 0.00, 0.00, 42.88, 1.00, 17.02, 1.00, 34.64, 1.00, 0.00, 0.00, 29.12, 1.00, 0.00, 0.00, 88.98, 1.00, 2.98, 35.51, 28.19, 91.99, 28.23, 97.98, 22.04, 84.63, 21.94, 74.71, 31.28, 30.38, -999
27/11/16 02, 2.91, 4.06, 4.77, 3.75, 3.95, 5.50, 4.63, 94.95, 1.00, 94.97, 1.00, 0.00, 0.00, 33.82, 1.00, 0.00, 0.00, 0.00, 0.00, 38.25, 1.00, 0.00, 0.00, 0.00, 0.00, 30.30, 1.00, 0.00, 0.00, 88.23, 1.00, 2.98, 35.68, 28.81, 92.90, 28.89, 81.07, 28.40, 64.53, 28.29, 77.31, 31.67, 30.77, -999
27/11/16 03, 3.14, 4.28, 5.28, 4.10, 3.47, 5.27, 3.78, 92.77, 1.00, 92.78, 1.00, 0.00, 0.00, 0.00, 0.00, 0.00, 0.00, 0.00, 0.00, 38.20, 1.00, 0.00, 0.00, 0.00, 0.00, 0.00, 0.00, 0.00, 0.00, 87.30, 1.00, 2.98, 36.84, 30.91, 76.70, 30.88, 83.14, 31.99, 64.46, 31.99, 60.37, 33.41, 32.51, -999
27/11/16 04, 3.45, 4.79, 5.09, 4.70, 3.09, 5.02, 2.84, 92.58, 1.00, 92.60, 1.00, 0.00, 0.00, 0.00, 0.00, 0.00, 0.00, 0.00, 0.00, 38.28, 1.00, 0.00, 0.00, 0.00, 0.00, 0.00, 0.00, 0.00, 0.00, 85.69, 1.00, 2.98, 36.94, 31.32, 76.67, 31.29, 83.43, 32.23, 64.21, 32.23, 59.90, 33.81, 32.91, 1
27/11/16 05, 3.71, 5.39, 4.91, 4.70, 2.74, 5.11, 3.03, 93.03, 1.00, 93.04, 1.00, 0.00, 0.00, 0.00, 0.00, 0.00, 0.00, 0.00, 0.00, 20.73, 1.00, 0.00, 0.00, 0.00, 0.00, 31.96, 1.00, 0.00, 0.00, 74.32, 1.00, 2.98, 36.70, 32.41, 76.50, 32.40, 100.51, 29.39, 63.76, 29.27, 72.68, 34.75, 33.85, 1
27/11/16 06, 4.15, 5.32, 4.73, 4.70, 2.37, 5.50, 4.19, 87.63, 1.00, 87.65, 1.00, 0.00, 0.00, 0.00, 0.00, 0.00, 0.00, 0.00, 0.00, 27.40, 1.00, 0.00, 0.00, 0.00, 0.00, 31.03, 1.00, 0.00, 0.00, 0.00, 0.00, 2.98, 39.53, 29.67, 75.68, 29.66, 93.46, 32.29, 63.20, 32.18, 78.78, 43.66, 30.92, 1
27/11/16 07, 4.61, 5.03, 4.51, 4.70, 1.94, 5.37, 4.19, 109.75, 1.00, 0.00, 0.00, 0.00, 0.00, 0.00, 0.00, 0.00, 0.00, 0.00, 0.00, 33.48, 1.00, 0.00, 0.00, 0.00, 0.00, 0.00, 0.00, 0.00, 0.00, 0.00, 0.00, 2.99, 27.60, 29.09, 74.32, 29.07, 87.13, 33.12, 62.29, 33.12, 60.16, 40.16, 30.36, 1
27/11/16 08, 4.88, 4.67, 4.22, 4.70, 1.42, 5.10, 3.07, 111.00, 1.00, 0.00, 0.00, 0.00, 0.00, 0.00, 0.00, 0.00, 0.00, 0.00, 0.00, 38.25, 1.00, 38.10, 1.00, 0.00, 0.00, 0.00, 0.00, 0.00, 0.00, 0.00, 0.00, 2.99, 26.90, 28.46, 73.33, 28.44, 80.62, 29.11, 85.43, 29.11, 57.40, 39.39, 29.77, 1
27/11/16 09, 4.86, 4.27, 3.90, 4.69, 1.99, 5.13, 2.75, 111.97, 1.00, 0.00, 0.00, 0.00, 0.00, 0.00, 0.00, 0.00, 0.00, 0.00, 0.00, 38.20, 1.00, 35.97, 1.00, 0.00, 0.00, 31.46, 1.00, 0.00, 0.00, 0.00, 0.00, 2.99, 26.35, 28.06, 72.15, 28.04, 80.29, 22.63, 82.91, 22.52, 67.68, 38.90, 29.36, 1
27/11/16 10, 4.75, 3.86, 3.55, 4.57, 2.49, 5.31, 2.84, 112.18, 1.00, 0.00, 0.00, 0.00, 0.00, 0.00, 0.00, 0.00, 0.00, 0.00, 0.00, 38.33, 1.00, 35.98, 1.00, 0.00, 0.00, 31.49, 1.00, 0.00, 0.00, 0.00, 0.00, 2.99, 26.23, 27.65, 70.71, 27.62, 79.69, 22.49, 82.75, 22.37, 67.41, 38.77, 28.95, 1
27/11/16 11, 4.64, 3.46, 3.15, 4.14, 2.91, 5.46, 2.79, 113.05, 1.00, 0.00, 0.00, 0.00, 0.00, 0.00, 0.00, 0.00, 0.00, 0.00, 0.00, 38.25, 1.00, 35.83, 1.00, 0.00, 0.00, 31.35, 1.00, 0.00, 0.00, 0.00, 0.00, 2.99, 25.73, 27.25, 69.87, 27.22, 79.40, 22.10, 82.63, 21.98, 67.49, 38.34, 28.55, -999
27/11/16 12, 4.48, 2.83, 3.28, 3.80, 3.28, 5.50, 2.91, 113.19, 1.00, 0.00, 0.00, 0.00, 0.00, 34.47, 1.00, 0.00, 0.00, 0.00, 0.00, 36.72, 1.00, 35.67, 1.00, 0.00, 0.00, 31.15, 1.00, 0.00, 0.00, 0.00, 0.00, 2.99, 25.65, 23.90, 86.90, 23.98, 78.17, 22.08, 82.89, 21.97, 68.16, 38.23, 25.55, -999
27/11/16 13, 4.32, 2.07, 3.71, 3.32, 3.66, 5.50, 2.83, 113.10, 1.00, 0.00, 0.00, 0.00, 0.00, 34.50, 1.00, 0.00, 0.00, 0.00, 0.00, 36.47, 1.00, 35.49, 1.00, 0.00, 0.00, 30.86, 1.00, 0.00, 0.00, 0.00, 0.00, 2.99, 25.70, 23.17, 86.12, 23.25, 77.76, 22.20, 83.33, 22.09, 69.28, 38.22, 24.81, -999
27/11/16 14, 4.21, 1.32, 4.10, 2.92, 3.89, 5.50, 3.05, 112.55, 1.00, 0.00, 0.00, 0.00, 0.00, 33.89, 1.00, 0.00, 0.00, 0.00, 0.00, 36.36, 1.00, 0.00, 0.00, 0.00, 0.00, 32.38, 1.00, 0.00, 0.00, 0.00, 0.00, 2.99, 26.02, 22.49, 86.46, 22.57, 77.22, 29.05, 63.25, 28.93, 70.85, 38.53, 24.13, -999
27/11/16 15, 4.26, 0.58, 4.49, 2.47, 3.19, 5.50, 3.35, 112.89, 1.00, 0.00, 0.00, 0.00, 0.00, 33.40, 1.00, 0.00, 0.00, 0.00, 0.00, 36.49, 1.00, 0.00, 0.00, 0.00, 0.00, 32.72, 1.00, 0.00, 0.00, 0.00, 0.00, 2.99, 25.82, 21.78, 86.55, 21.86, 76.34, 28.92, 61.23, 28.79, 69.50, 38.42, 23.42, -999
27/11/16 16, 3.89, 0.70, 4.91, 1.92, 2.31, 5.50, 3.28, 118.65, 1.00, 0.00, 0.00, 0.00, 0.00, 34.52, 1.00, 0.00, 0.00, 43.81, 1.00, 20.32, 1.00, 0.00, 0.00, 0.00, 0.00, 31.92, 1.00, 0.00, 0.00, 92.18, 1.00, 2.99, 22.53, 24.91, 87.82, 24.95, 93.27, 26.03, 59.92, 25.91, 69.44, 28.08, 27.18, -999
27/11/16 17, 3.44, 0.64, 5.28, 2.23, 1.43, 5.50, 3.31, 120.48, 1.00, 0.00, 0.00, 0.00, 0.00, 0.00, 0.00, 0.00, 0.00, 43.84, 1.00, 20.44, 1.00, 35.20, 1.00, 0.00, 0.00, 30.08, 1.00, 0.00, 0.00, 80.65, 1.00, 2.99, 21.47, 25.57, 72.21, 25.51, 93.76, 18.22, 79.85, 18.11, 67.85, 28.22, 27.32, -999
27/11/16 18, 2.91, 0.80, 4.88, 2.56, 1.71, 5.50, 3.17, 121.43, 1.00, 0.00, 0.00, 0.00, 0.00, 0.00, 0.00, 0.00, 0.00, 44.16, 1.00, 21.43, 1.00, 35.08, 1.00, 0.00, 0.00, 29.92, 1.00, 0.00, 0.00, 75.42, 1.00, 2.99, 20.92, 25.58, 70.80, 25.52, 93.26, 17.64, 79.47, 17.53, 67.78, 28.21, 27.31, -999
27/11/16 19, 2.38, 0.89, 4.43, 2.61, 1.91, 5.50, 3.07, 120.51, 1.00, 0.00, 0.00, 0.00, 0.00, 0.00, 0.00, 0.00, 0.00, 43.69, 1.00, 19.95, 1.00, 34.94, 1.00, 0.00, 0.00, 29.95, 1.00, 0.00, 0.00, 77.91, 1.00, 2.99, 21.45, 25.78, 70.02, 25.72, 94.22, 18.19, 80.26, 18.08, 68.26, 28.40, 27.50, -999
27/11/16 20, 1.92, 1.04, 3.98, 3.00, 2.20, 5.50, 3.09, 121.37, 1.00, 0.00, 0.00, 0.00, 0.00, 0.00, 0.00, 0.00, 0.00, 43.68, 1.00, 19.91, 1.00, 34.62, 1.00, 0.00, 0.00, 30.39, 1.00, 0.00, 0.00, 72.83, 1.00, 2.99, 20.95, 25.83, 69.47, 25.76, 94.28, 17.57, 80.19, 17.46, 66.20, 28.42, 27.52, -999
27/11/16 21, 1.45, 1.12, 3.52, 3.35, 2.48, 5.45, 2.53, 121.41, 1.00, 0.00, 0.00, 0.00, 0.00, 0.00, 0.00, 0.00, 0.00, 43.42, 1.00, 19.04, 1.00, 34.74, 1.00, 0.00, 0.00, 30.20, 1.00, 0.00, 0.00, 71.40, 1.00, 2.99, 20.93, 25.92, 68.64, 25.86, 94.77, 17.53, 79.94, 17.42, 66.78, 28.49, 27.59, -999
27/11/16 22, 1.03, 1.35, 3.05, 3.26, 2.68, 5.50, 2.56, 121.36, 1.00, 0.00, 0.00, 0.00, 0.00, 0.00, 0.00, 0.00, 0.00, 0.00, 0.00, 38.57, 1.00, 34.30, 1.00, 0.00, 0.00, 29.26, 1.00, 0.00, 0.00, 64.86, 1.00, 2.99, 20.96, 26.79, 69.41, 26.76, 78.50, 17.85, 81.02, 17.75, 70.08, 29.16, 28.26, -999
27/11/16 23, 0.87, 1.51, 3.39, 2.85, 3.05, 5.50, 3.10, 98.81, 1.00, 98.83, 1.00, 0.00, 0.00, 34.84, 1.00, 0.00, 0.00, 0.00, 0.00, 38.45, 1.00, 34.44, 1.00, 0.00, 0.00, 29.80, 1.00, 0.00, 0.00, 86.16, 1.00, 2.97, 33.61, 26.17, 88.55, 26.25, 78.17, 19.32, 82.25, 19.22, 69.87, 29.03, 28.13, -999
28/11/16 00, 0.75, 1.64, 3.86, 2.53, 3.50, 5.50, 3.45, 99.16, 1.00, 99.18, 1.00, 0.00, 0.00, 33.79, 1.00, 0.00, 0.00, 0.00, 0.00, 38.59, 1.00, 34.50, 1.00, 0.00, 0.00, 29.94, 1.00, 0.00, 0.00, 83.70, 1.00, 2.97, 33.42, 26.29, 90.41, 26.36, 78.08, 19.04, 81.87, 18.93, 69.12, 29.12, 28.22, -999
28/11/16 01, 0.62, 1.75, 4.39, 2.32, 3.84, 5.50, 3.58, 98.28, 1.00, 98.30, 1.00, 0.00, 0.00, 33.68, 1.00, 0.00, 0.00, 0.00, 0.00, 38.35, 1.00, 34.22, 1.00, 0.00, 0.00, 28.87, 1.00, 0.00, 0.00, 85.63, 1.00, 2.97, 33.89, 26.45, 90.76, 26.53, 78.57, 19.72, 83.02, 19.62, 73.16, 29.29, 28.39, -999
28/11/16 02, 0.64, 1.90, 4.90, 2.40, 3.75, 5.50, 4.50, 97.59, 1.00, 97.61, 1.00, 0.00, 0.00, 33.25, 1.00, 0.00, 0.00, 0.00, 0.00, 37.99, 1.00, 0.00, 0.00, 0.00, 0.00, 30.37, 1.00, 0.00, 0.00, 87.71, 1.00, 2.97, 34.27, 26.68, 91.69, 26.75, 79.28, 26.12, 64.14, 26.01, 74.80, 29.52, 28.62, -999
28/11/16 03, 0.83, 2.16, 5.23, 2.67, 3.24, 5.35, 4.19, 96.31, 1.00, 96.33, 1.00, 0.00, 0.00, 0.00, 0.00, 0.00, 0.00, 0.00, 0.00, 38.31, 1.00, 0.00, 0.00, 0.00, 0.00, 0.00, 0.00, 0.00, 0.00, 83.99, 1.00, 2.98, 34.95, 28.58, 76.20, 28.55, 80.65, 29.40, 63.89, 29.40, 60.62, 31.06, 30.16, -999
28/11/16 04, 1.11, 2.65, 5.01, 3.10, 2.77, 5.10, 3.22, 94.65, 1.00, 94.67, 1.00, 0.00, 0.00, 0.00, 0.00, 0.00, 0.00, 0.00, 0.00, 38.65, 1.00, 0.00, 0.00, 0.00, 0.00, 0.00, 0.00, 0.00, 0.00, 87.32, 1.00, 2.98, 35.84, 29.24, 75.14, 29.22, 80.86, 30.20, 63.67, 30.20, 59.76, 31.75, 30.85, -999
28/11/16 05, 1.42, 3.15, 4.74, 3.47, 2.37, 5.01, 2.76, 96.32, 1.00, 96.34, 1.00, 0.00, 0.00, 0.00, 0.00, 0.00, 0.00, 0.00, 0.00, 38.46, 1.00, 0.00, 0.00, 0.00, 0.00, 31.50, 1.00, 0.00, 0.00, 78.42, 1.00, 2.98, 34.95, 29.22, 74.72, 29.20, 81.09, 26.90, 63.13, 26.78, 71.78, 31.67, 30.77, -999
28/11/16 06, 1.58, 3.57, 4.46, 3.83, 1.93, 5.40, 3.76, 96.37, 1.00, 96.39, 1.00, 0.00, 0.00, 0.00, 0.00, 0.00, 0.00, 0.00, 0.00, 38.63, 1.00, 0.00, 0.00, 0.00, 0.00, 31.63, 1.00, 0.00, 0.00, 76.24, 1.00, 2.98, 34.92, 29.51, 74.93, 29.49, 81.15, 26.94, 60.97, 26.83, 71.39, 31.95, 31.05, -999
28/11/16 07, 1.69, 3.95, 4.21, 4.12, 1.48, 5.50, 4.75, 97.07, 1.00, 97.08, 1.00, 0.00, 0.00, 0.00, 0.00, 0.00, 0.00, 0.00, 0.00, 39.24, 1.00, 34.87, 1.00, 0.00, 0.00, 29.04, 1.00, 0.00, 0.00, 71.45, 1.00, 2.97, 34.55, 29.63, 74.76, 29.61, 80.41, 20.54, 82.74, 20.44, 73.47, 32.05, 31.15, -999
28/11/16 08, 1.77, 4.30, 3.96, 4.11, 2.16, 5.20, 3.44, 95.59, 1.00, 95.61, 1.00, 0.00, 0.00, 0.00, 0.00, 0.00, 0.00, 0.00, 0.00, 40.06, 1.00, 37.50, 1.00, 0.00, 0.00, 0.00, 0.00, 0.00, 0.00, 75.16, 1.00, 2.98, 35.34, 30.11, 72.29, 30.09, 79.71, 26.54, 83.97, 26.54, 57.21, 32.55, 31.65, -999
28/11/16 09, 1.90, 4.66, 3.61, 3.59, 2.59, 4.97, 2.26, 97.32, 1.00, 97.34, 1.00, 0.00, 0.00, 0.00, 0.00, 0.00, 0.00, 0.00, 0.00, 40.08, 1.00, 35.60, 1.00, 0.00, 0.00, 30.71, 1.00, 0.00, 0.00, 66.96, 1.00, 2.97, 34.41, 30.11, 70.28, 30.08, 79.69, 19.93, 80.86, 19.82, 67.49, 32.51, 31.61, -999
28/11/16 10, 1.83, 4.94, 3.19, 3.36, 2.80, 5.17, 2.49, 97.37, 1.00, 97.39, 1.00, 0.00, 0.00, 0.00, 0.00, 0.00, 0.00, 0.00, 0.00, 40.27, 1.00, 35.10, 1.00, 0.00, 0.00, 30.71, 1.00, 0.00, 0.00, 64.84, 1.00, 2.97, 34.39, 30.30, 70.45, 30.27, 79.60, 19.99, 81.81, 19.88, 67.58, 32.68, 31.78, -999
28/11/16 11, 1.75, 5.02, 3.25, 3.15, 3.17, 5.37, 2.69, 97.04, 1.00, 97.06, 1.00, 0.00, 0.00, 36.11, 1.00, 0.00, 0.00, 0.00, 0.00, 39.84, 1.00, 34.82, 1.00, 0.00, 0.00, 30.59, 1.00, 0.00, 0.00, 69.81, 1.00, 2.97, 34.56, 29.47, 89.63, 29.55, 79.51, 20.21, 82.50, 20.10, 68.17, 32.27, 31.37, -999
28/11/16 12, 1.71, 4.96, 3.75, 3.07, 3.60, 5.50, 3.10, 97.30, 1.00, 97.32, 1.00, 0.00, 0.00, 36.85, 1.00, 0.00, 0.00, 0.00, 0.00, 39.59, 1.00, 34.64, 1.00, 0.00, 0.00, 29.34, 1.00, 0.00, 0.00, 69.27, 1.00, 2.97, 34.42, 29.38, 88.21, 29.47, 79.79, 20.43, 83.01, 20.33, 72.43, 32.19, 31.29, -999
28/11/16 13, 1.68, 4.88, 4.20, 3.13, 3.92, 5.50, 3.91, 96.49, 1.00, 96.51, 1.00, 0.00, 0.00, 35.99, 1.00, 0.00, 0.00, 0.00, 0.00, 40.03, 1.00, 0.00, 0.00, 0.00, 0.00, 31.25, 1.00, 0.00, 0.00, 73.96, 1.00, 2.98, 34.86, 29.36, 89.75, 29.45, 79.13, 27.00, 62.79, 26.89, 72.76, 32.19, 31.29, -999
28/11/16 14, 1.80, 4.87, 4.68, 2.86, 3.16, 5.50, 4.47, 96.87, 1.00, 96.89, 1.00, 0.00, 0.00, 34.82, 1.00, 0.00, 0.00, 0.00, 0.00, 39.92, 1.00, 0.00, 0.00, 0.00, 0.00, 31.73, 1.00, 0.00, 0.00, 72.73, 1.00, 2.98, 34.65, 29.37, 91.78, 29.44, 79.28, 26.86, 62.30, 26.74, 70.95, 32.16, 31.26, -999
28/11/16 15, 1.89, 4.85, 5.21, 2.79, 2.43, 5.50, 4.60, 96.68, 1.00, 96.70, 1.00, 0.00, 0.00, 34.99, 1.00, 0.00, 0.00, 0.00, 0.00, 39.95, 1.00, 0.00, 0.00, 0.00, 0.00, 31.31, 1.00, 0.00, 0.00, 73.95, 1.00, 2.98, 34.76, 29.35, 91.46, 29.43, 79.22, 27.04, 61.84, 26.92, 72.59, 32.16, 31.26, -999
28/11/16 16, 2.07, 5.12, 5.02, 2.73, 1.74, 5.30, 3.82, 95.87, 1.00, 95.89, 1.00, 0.00, 0.00, 0.00, 0.00, 0.00, 0.00, 0.00, 0.00, 40.73, 1.00, 0.00, 0.00, 0.00, 0.00, 0.00, 0.00, 0.00, 0.00, 71.69, 1.00, 2.98, 35.19, 30.73, 73.19, 30.71, 79.35, 30.30, 61.13, 30.30, 56.38, 33.16, 32.26, -999
28/11/16 17, 2.17, 5.41, 4.66, 2.60, 1.82, 5.02, 2.41, 96.37, 1.00, 96.39, 1.00, 0.00, 0.00, 0.00, 0.00, 0.00, 0.00, 0.00, 0.00, 40.37, 1.00, 35.50, 1.00, 0.00, 0.00, 31.10, 1.00, 0.00, 0.00, 65.82, 1.00, 2.98, 34.92, 30.80, 73.83, 30.78, 79.95, 20.38, 81.49, 20.27, 66.65, 33.19, 32.29, -999
28/11/16 18, 2.33, 5.22, 4.34, 2.72, 2.23, 5.14, 2.29, 93.10, 1.00, 93.12, 1.00, 0.00, 0.00, 0.00, 0.00, 0.00, 0.00, 0.00, 0.00, 39.81, 1.00, 35.40, 1.00, 0.00, 0.00, 31.22, 1.00, 0.00, 0.00, 0.00, 0.00, 2.98, 36.66, 28.92, 72.66, 28.89, 78.89, 21.60, 82.88, 21.48, 67.46, 39.59, 30.23, -999
28/11/16 19, 2.57, 4.80, 3.99, 2.57, 2.75, 5.33, 2.45, 93.37, 1.00, 93.39, 1.00, 0.00, 0.00, 0.00, 0.00, 0.00, 0.00, 0.00, 0.00, 40.19, 1.00, 35.83, 1.00, 0.00, 0.00, 31.05, 1.00, 0.00, 0.00, 0.00, 0.00, 2.98, 36.52, 28.47, 70.43, 28.44, 77.89, 21.49, 82.01, 21.38, 67.91, 39.50, 29.78, -999
28/11/16 20, 2.78, 4.37, 3.56, 1.94, 3.07, 5.50, 2.74, 93.77, 1.00, 93.79, 1.00, 0.00, 0.00, 0.00, 0.00, 0.00, 0.00, 43.84, 1.00, 20.43, 1.00, 35.64, 1.00, 0.00, 0.00, 30.87, 1.00, 0.00, 0.00, 0.00, 0.00, 2.98, 36.31, 26.20, 69.55, 26.14, 94.40, 21.49, 82.34, 21.38, 68.53, 39.35, 27.69, -999
28/11/16 21, 2.96, 3.69, 3.12, 2.38, 3.41, 5.50, 2.81, 93.69, 1.00, 93.71, 1.00, 0.00, 0.00, 0.00, 0.00, 0.00, 0.00, 44.21, 1.00, 21.57, 1.00, 35.76, 1.00, 0.00, 0.00, 31.49, 1.00, 0.00, 0.00, 0.00, 0.00, 2.98, 36.35, 25.39, 70.11, 25.32, 92.99, 21.41, 82.07, 21.29, 66.34, 39.44, 26.89, -999
28/11/16 22, 3.12, 2.83, 3.13, 2.33, 3.66, 5.44, 2.23, 93.28, 1.00, 93.30, 1.00, 0.00, 0.00, 34.26, 1.00, 0.00, 0.00, 43.09, 1.00, 17.84, 1.00, 35.66, 1.00, 0.00, 0.00, 31.33, 1.00, 0.00, 0.00, 0.00, 0.00, 2.98, 36.57, 21.18, 84.53, 21.22, 90.66, 21.75, 82.58, 21.64, 67.25, 39.72, 23.08, -999
28/11/16 23, 3.30, 1.83, 3.48, 2.48, 3.95, 5.50, 2.38, 92.84, 1.00, 92.86, 1.00, 0.00, 0.00, 33.07, 1.00, 0.00, 0.00, 42.69, 1.00, 16.23, 1.00, 35.57, 1.00, 0.00, 0.00, 30.97, 1.00, 0.00, 0.00, 0.00, 0.00, 2.98, 36.80, 20.58, 85.88, 20.62, 90.66, 22.17, 83.15, 22.05, 68.88, 40.02, 22.44, -999
29/11/16 00, 3.62, 0.86, 3.88, 2.80, 3.30, 5.50, 2.71, 89.68, 1.00, 89.70, 1.00, 0.00, 0.00, 32.71, 1.00, 0.00, 0.00, 42.33, 1.00, 14.50, 1.00, 0.00, 0.00, 0.00, 0.00, 32.64, 1.00, 0.00, 0.00, 0.00, 0.00, 2.98, 38.46, 19.92, 85.80, 19.96, 90.54, 30.84, 62.38, 30.71, 71.70, 42.29, 21.74, -999
29/11/16 01, 3.79, 0.48, 4.29, 3.32, 2.56, 5.50, 3.16, 95.03, 1.00, 95.05, 1.00, 0.00, 0.00, 32.20, 1.00, 0.00, 0.00, 42.86, 1.00, 16.95, 1.00, 0.00, 0.00, 0.00, 0.00, 32.22, 1.00, 0.00, 0.00, 112.99, 1.00, 2.98, 35.64, 25.17, 91.85, 25.21, 94.98, 28.65, 63.00, 28.53, 71.02, 28.41, 27.51, -999
29/11/16 02, 3.76, 0.79, 4.85, 3.65, 2.06, 5.50, 3.49, 94.80, 1.00, 94.82, 1.00, 0.00, 0.00, 32.98, 1.00, 0.00, 0.00, 0.00, 0.00, 37.43, 1.00, 0.00, 0.00, 0.00, 0.00, 31.09, 1.00, 0.00, 0.00, 107.46, 1.00, 2.98, 35.76, 26.38, 91.83, 26.45, 79.72, 28.85, 62.13, 28.73, 75.16, 29.35, 28.45, -999
29/11/16 03, 3.77, 1.21, 5.26, 3.79, 1.52, 5.50, 4.46, 94.61, 1.00, 94.63, 1.00, 0.00, 0.00, 0.00, 0.00, 0.00, 0.00, 0.00, 0.00, 37.74, 1.00, 35.29, 1.00, 0.00, 0.00, 28.91, 1.00, 0.00, 0.00, 95.77, 1.00, 2.98, 35.86, 28.48, 75.82, 28.45, 81.33, 22.68, 84.13, 22.58, 75.98, 31.03, 30.13, -999
29/11/16 04, 3.76, 1.82, 5.01, 4.19, 2.27, 5.38, 4.40, 94.37, 1.00, 94.39, 1.00, 0.00, 0.00, 0.00, 0.00, 0.00, 0.00, 0.00, 0.00, 37.81, 1.00, 36.89, 1.00, 0.00, 0.00, 0.00, 0.00, 0.00, 0.00, 93.91, 1.00, 2.98, 35.99, 28.94, 76.43, 28.92, 81.69, 28.19, 86.74, 28.19, 60.24, 31.48, 30.58, -999
29/11/16 05, 3.83, 2.46, 4.81, 4.33, 3.02, 5.11, 3.25, 93.31, 1.00, 93.33, 1.00, 0.00, 0.00, 0.00, 0.00, 0.00, 0.00, 0.00, 0.00, 0.00, 0.00, 36.94, 1.00, 0.00, 0.00, 0.00, 0.00, 0.00, 0.00, 79.12, 1.00, 2.98, 36.55, 31.67, 74.94, 31.67, 68.14, 28.64, 87.09, 28.64, 60.07, 34.01, 33.11, -999
29/11/16 06, 3.97, 3.28, 4.54, 3.36, 3.73, 4.94, 2.64, 93.24, 1.00, 93.25, 1.00, 0.00, 0.00, 0.00, 0.00, 0.00, 0.00, 0.00, 0.00, 0.00, 0.00, 35.14, 1.00, 0.00, 0.00, 31.07, 1.00, 0.00, 0.00, 75.05, 1.00, 2.98, 36.59, 32.11, 73.79, 32.11, 67.72, 22.74, 84.47, 22.62, 69.10, 34.42, 33.52, -999
29/11/16 07, 4.06, 3.90, 4.23, 3.33, 3.71, 5.25, 3.22, 94.74, 1.00, 94.76, 1.00, 0.00, 0.00, 0.00, 0.00, 0.00, 0.00, 0.00, 0.00, 50.30, 1.00, 0.00, 0.00, 0.00, 0.00, 32.16, 1.00, 0.00, 0.00, 87.24, 1.00, 2.98, 35.79, 29.74, 73.20, 29.70, 86.45, 28.89, 63.84, 28.77, 71.47, 32.32, 31.42, -999
29/11/16 08, 4.08, 4.28, 3.91, 3.64, 3.15, 5.50, 4.15, 94.38, 1.00, 94.40, 1.00, 0.00, 0.00, 0.00, 0.00, 0.00, 0.00, 0.00, 0.00, 50.38, 1.00, 0.00, 0.00, 0.00, 0.00, 30.16, 1.00, 0.00, 0.00, 86.24, 1.00, 2.98, 35.98, 30.07, 70.32, 30.03, 86.62, 29.30, 61.93, 29.19, 78.66, 32.64, 31.74, -999
29/11/16 09, 4.20, 4.67, 3.48, 3.93, 2.37, 5.38, 4.26, 94.78, 1.00, 94.80, 1.00, 0.00, 0.00, 0.00, 0.00, 0.00, 0.00, 0.00, 0.00, 50.92, 1.00, 0.00, 0.00, 0.00, 0.00, 0.00, 0.00, 0.00, 0.00, 84.19, 1.00, 2.98, 35.77, 30.33, 69.92, 30.29, 85.80, 31.85, 60.94, 31.85, 55.16, 32.89, 31.99, -999
29/11/16 10, 4.31, 5.02, 3.06, 3.94, 1.56, 4.91, 2.07, 94.65, 1.00, 94.67, 1.00, 0.00, 0.00, 0.00, 0.00, 0.00, 0.00, 0.00, 0.00, 50.60, 1.00, 0.00, 0.00, 0.00, 0.00, 32.96, 1.00, 0.00, 0.00, 82.02, 1.00, 2.98, 35.84, 30.59, 70.65, 30.55, 86.70, 28.97, 61.01, 28.85, 68.80, 33.14, 32.24, -999
29/11/16 11, 4.16, 5.04, 3.43, 4.15, 1.94, 5.13, 2.37, 94.82, 1.00, 94.84, 1.00, 0.00, 0.00, 36.35, 1.00, 0.00, 0.00, 0.00, 0.00, 49.51, 1.00, 35.58, 1.00, 0.00, 0.00, 31.34, 1.00, 0.00, 0.00, 85.44, 1.00, 2.98, 35.75, 29.43, 89.15, 29.50, 87.79, 22.05, 83.01, 21.93, 67.49, 32.42, 31.52, -999
29/11/16 12, 4.04, 5.04, 3.91, 4.61, 2.48, 5.31, 2.50, 95.57, 1.00, 95.59, 1.00, 0.00, 0.00, 36.47, 1.00, 0.00, 0.00, 0.00, 0.00, 0.00, 0.00, 35.68, 1.00, 0.00, 0.00, 30.90, 1.00, 0.00, 0.00, 73.90, 1.00, 2.98, 35.35, 30.87, 90.39, 30.99, 65.97, 21.67, 82.46, 21.56, 68.61, 33.40, 32.50, -999
29/11/16 13, 3.89, 5.42, 4.42, 3.33, 2.90, 5.50, 3.01, 94.94, 1.00, 94.96, 1.00, 0.00, 0.00, 36.90, 1.00, 0.00, 0.00, 0.00, 0.00, 0.00, 0.00, 34.98, 1.00, 0.00, 0.00, 29.85, 1.00, 0.00, 0.00, 73.49, 1.00, 2.98, 35.69, 31.21, 89.96, 31.33, 65.27, 22.36, 84.36, 22.26, 72.72, 33.74, 32.84, -999
29/11/16 14, 4.05, 4.83, 4.86, 3.30, 3.54, 5.50, 3.83, 91.73, 1.00, 91.75, 1.00, 0.00, 0.00, 34.51, 1.00, 0.00, 0.00, 0.00, 0.00, 49.07, 1.00, 35.49, 1.00, 0.00, 0.00, 30.34, 1.00, 0.00, 0.00, 0.00, 0.00, 2.98, 37.39, 24.58, 87.51, 24.65, 83.78, 23.21, 84.34, 23.10, 71.99, 40.86, 26.35, -999
29/11/16 15, 4.26, 3.95, 5.25, 3.19, 4.07, 5.50, 4.36, 91.13, 1.00, 91.14, 1.00, 0.00, 0.00, 33.19, 1.00, 0.00, 0.00, 0.00, 0.00, 48.23, 1.00, 0.00, 0.00, 0.00, 0.00, 32.23, 1.00, 0.00, 0.00, 0.00, 0.00, 2.98, 37.71, 23.95, 89.07, 24.01, 84.71, 30.48, 63.15, 30.36, 72.82, 41.59, 25.69, -999
29/11/16 16, 4.50, 3.34, 5.09, 3.45, 3.33, 5.50, 4.78, 112.92, 1.00, 0.00, 0.00, 0.00, 0.00, 0.00, 0.00, 0.00, 0.00, 0.00, 0.00, 49.19, 1.00, 0.00, 0.00, 0.00, 0.00, 31.74, 1.00, 0.00, 0.00, 0.00, 0.00, 2.99, 25.81, 26.41, 73.61, 26.37, 85.28, 29.19, 62.60, 29.07, 73.27, 38.52, 27.78, -999
29/11/16 17, 4.57, 2.82, 4.75, 3.64, 2.62, 5.21, 3.51, 110.64, 1.00, 0.00, 0.00, 0.00, 0.00, 0.00, 0.00, 0.00, 0.00, 0.00, 0.00, 48.56, 1.00, 0.00, 0.00, 0.00, 0.00, 0.00, 0.00, 0.00, 0.00, 0.00, 0.00, 2.99, 27.09, 25.94, 72.98, 25.90, 85.99, 32.79, 62.02, 32.79, 56.34, 39.70, 27.30, -999
29/11/16 18, 4.73, 2.31, 4.39, 3.97, 1.93, 5.09, 2.61, 112.05, 1.00, 0.00, 0.00, 0.00, 0.00, 0.00, 0.00, 0.00, 0.00, 0.00, 0.00, 48.66, 1.00, 0.00, 0.00, 0.00, 0.00, 33.04, 1.00, 0.00, 0.00, 0.00, 0.00, 2.99, 26.30, 25.42, 72.74, 25.38, 85.28, 29.38, 61.00, 29.25, 68.78, 38.93, 26.78, -999
29/11/16 19, 4.68, 1.79, 4.04, 4.11, 1.68, 5.31, 2.82, 112.23, 1.00, 0.00, 0.00, 0.00, 0.00, 0.00, 0.00, 0.00, 0.00, 0.00, 0.00, 48.91, 1.00, 36.37, 1.00, 0.00, 0.00, 31.42, 1.00, 0.00, 0.00, 0.00, 0.00, 2.99, 26.20, 24.88, 70.94, 24.84, 84.27, 22.36, 81.93, 22.25, 67.54, 38.72, 26.25, -999
29/11/16 20, 4.57, 1.27, 3.63, 3.92, 2.06, 5.47, 2.84, 113.21, 1.00, 0.00, 0.00, 0.00, 0.00, 0.00, 0.00, 0.00, 0.00, 0.00, 0.00, 48.35, 1.00, 35.93, 1.00, 0.00, 0.00, 31.33, 1.00, 0.00, 0.00, 0.00, 0.00, 2.99, 25.65, 24.40, 71.63, 24.37, 84.85, 21.98, 82.34, 21.87, 67.45, 38.25, 25.77, -999
29/11/16 21, 4.40, 0.76, 3.27, 4.01, 2.49, 5.50, 2.94, 114.32, 1.00, 0.00, 0.00, 0.00, 0.00, 0.00, 0.00, 0.00, 0.00, 0.00, 0.00, 48.84, 1.00, 36.19, 1.00, 0.00, 0.00, 31.42, 1.00, 0.00, 0.00, 0.00, 0.00, 2.99, 25.01, 23.86, 68.90, 23.82, 83.38, 21.26, 81.15, 21.14, 66.41, 37.67, 25.22, -999
29/11/16 22, 3.99, 0.52, 3.17, 3.47, 2.67, 5.44, 2.36, 119.38, 1.00, 0.00, 0.00, 0.00, 0.00, 35.66, 1.00, 0.00, 0.00, 0.00, 0.00, 49.20, 1.00, 34.78, 1.00, 0.00, 0.00, 30.73, 1.00, 0.00, 0.00, 88.66, 1.00, 2.99, 22.11, 24.93, 85.90, 25.00, 83.88, 18.92, 81.27, 18.81, 66.43, 27.93, 27.03, -999
29/11/16 23, 3.47, 0.55, 3.57, 3.31, 3.01, 5.50, 2.16, 120.27, 1.00, 0.00, 0.00, 0.00, 0.00, 34.53, 1.00, 0.00, 0.00, 0.00, 0.00, 48.94, 1.00, 34.32, 1.00, 0.00, 0.00, 30.28, 1.00, 0.00, 0.00, 84.15, 1.00, 2.99, 21.59, 24.97, 87.87, 25.03, 84.41, 18.53, 81.67, 18.42, 67.51, 27.92, 27.02, -999
30/11/16 00, 2.95, 0.55, 4.02, 3.38, 3.41, 5.50, 2.19, 118.92, 1.00, 0.00, 0.00, 0.00, 0.00, 35.23, 1.00, 0.00, 0.00, 0.00, 0.00, 48.64, 1.00, 34.07, 1.00, 0.00, 0.00, 29.52, 1.00, 0.00, 0.00, 89.56, 1.00, 2.99, 22.37, 24.99, 86.70, 25.06, 84.99, 19.55, 83.10, 19.45, 70.97, 27.98, 27.08, -999
30/11/16 01, 2.52, 0.60, 4.42, 3.58, 3.94, 5.50, 2.88, 119.52, 1.00, 0.00, 0.00, 0.00, 0.00, 31.96, 1.00, 0.00, 0.00, 0.00, 0.00, 48.37, 1.00, 34.32, 1.00, 0.00, 0.00, 29.68, 1.00, 0.00, 0.00, 86.07, 1.00, 2.99, 22.02, 25.10, 92.15, 25.15, 85.58, 19.04, 82.17, 18.93, 69.96, 28.01, 27.11, -999
30/11/16 02, 2.17, 0.71, 4.98, 3.88, 3.45, 5.50, 3.39, 117.94, 1.00, 0.00, 0.00, 0.00, 0.00, 32.81, 1.00, 0.00, 0.00, 0.00, 0.00, 47.91, 1.00, 0.00, 0.00, 0.00, 0.00, 30.69, 1.00, 0.00, 0.00, 92.44, 1.00, 2.99, 22.93, 25.29, 91.01, 25.34, 86.62, 26.23, 63.53, 26.12, 73.86, 28.25, 27.35, -999
30/11/16 03, 1.91, 0.89, 5.29, 4.34, 2.88, 5.50, 4.24, 117.38, 1.00, 0.00, 0.00, 0.00, 0.00, 0.00, 0.00, 0.00, 0.00, 0.00, 0.00, 47.60, 1.00, 0.00, 0.00, 0.00, 0.00, 29.82, 1.00, 0.00, 0.00, 85.76, 1.00, 2.99, 23.26, 26.82, 76.60, 26.78, 88.63, 26.60, 63.88, 26.50, 77.08, 29.37, 28.47, -999
30/11/16 04, 1.83, 1.54, 5.10, 3.82, 2.50, 5.38, 4.29, 116.49, 1.00, 0.00, 0.00, 0.00, 0.00, 0.00, 0.00, 0.00, 0.00, 0.00, 0.00, 0.00, 0.00, 0.00, 0.00, 0.00, 0.00, 0.00, 0.00, 0.00, 0.00, 67.24, 1.00, 2.99, 23.77, 29.66, 76.76, 29.66, 68.83, 29.33, 63.35, 29.33, 60.13, 31.93, 31.03, -999
30/11/16 05, 1.86, 2.24, 4.92, 3.03, 2.08, 5.11, 3.13, 116.54, 1.00, 0.00, 0.00, 0.00, 0.00, 0.00, 0.00, 0.00, 0.00, 0.00, 0.00, 0.00, 0.00, 0.00, 0.00, 0.00, 0.00, 0.00, 0.00, 0.00, 0.00, 63.48, 1.00, 2.99, 23.74, 30.05, 73.54, 30.05, 66.78, 29.35, 63.40, 29.35, 58.08, 32.30, 31.40, -999
30/11/16 06, 1.75, 2.57, 4.58, 3.64, 1.79, 5.08, 2.71, 117.65, 1.00, 0.00, 0.00, 0.00, 0.00, 0.00, 0.00, 0.00, 0.00, 0.00, 0.00, 48.61, 1.00, 0.00, 0.00, 0.00, 0.00, 31.77, 1.00, 0.00, 0.00, 75.03, 1.00, 2.99, 23.10, 27.95, 75.65, 27.91, 87.89, 26.19, 62.26, 26.07, 70.16, 30.44, 29.54, -999
30/11/16 07, 1.51, 2.81, 4.37, 4.25, 1.76, 5.39, 3.35, 119.50, 1.00, 0.00, 0.00, 0.00, 0.00, 0.00, 0.00, 0.00, 0.00, 0.00, 0.00, 48.37, 1.00, 34.42, 1.00, 0.00, 0.00, 29.94, 1.00, 0.00, 0.00, 64.68, 1.00, 2.99, 22.04, 27.87, 73.70, 27.83, 88.28, 18.86, 81.82, 18.75, 68.93, 30.30, 29.40, -999
30/11/16 08, 1.21, 3.16, 4.06, 4.03, 2.30, 5.50, 3.96, 119.65, 1.00, 0.00, 0.00, 0.00, 0.00, 0.00, 0.00, 0.00, 0.00, 0.00, 0.00, 0.00, 0.00, 34.57, 1.00, 0.00, 0.00, 30.00, 1.00, 0.00, 0.00, 45.86, 1.00, 2.99, 21.95, 29.70, 74.68, 29.70, 62.57, 18.65, 81.35, 18.55, 68.55, 31.88, 30.98, -999
30/11/16 09, 0.97, 3.54, 3.82, 3.05, 2.72, 5.50, 3.85, 98.30, 1.00, 98.32, 1.00, 0.00, 0.00, 0.00, 0.00, 0.00, 0.00, 0.00, 0.00, 50.71, 1.00, 35.20, 1.00, 0.00, 0.00, 30.11, 1.00, 0.00, 0.00, 71.18, 1.00, 2.97, 33.88, 28.69, 70.51, 28.65, 84.58, 19.30, 80.93, 19.19, 68.83, 31.18, 30.28, -999
30/11/16 10, 0.91, 3.75, 3.40, 2.99, 2.97, 5.50, 3.81, 98.45, 1.00, 98.47, 1.00, 0.00, 0.00, 0.00, 0.00, 0.00, 0.00, 0.00, 0.00, 50.12, 1.00, 35.12, 1.00, 0.00, 0.00, 29.82, 1.00, 0.00, 0.00, 68.97, 1.00, 2.97, 33.80, 28.86, 72.24, 28.82, 85.94, 19.29, 81.05, 19.18, 69.75, 31.33, 30.43, -999
30/11/16 11, 0.84, 3.94, 3.07, 3.30, 3.21, 5.50, 4.00, 97.90, 1.00, 97.92, 1.00, 0.00, 0.00, 0.00, 0.00, 0.00, 0.00, 0.00, 0.00, 50.41, 1.00, 34.63, 1.00, 0.00, 0.00, 29.56, 1.00, 0.00, 0.00, 69.31, 1.00, 2.97, 34.10, 29.05, 70.78, 29.01, 85.55, 19.65, 82.25, 19.55, 70.95, 31.52, 30.62, -999
30/11/16 12, 0.81, 3.89, 3.34, 3.44, 3.62, 5.50, 4.40, 98.10, 1.00, 98.12, 1.00, 0.00, 0.00, 34.39, 1.00, 0.00, 0.00, 0.00, 0.00, 49.47, 1.00, 34.37, 1.00, 0.00, 0.00, 30.07, 1.00, 0.00, 0.00, 72.43, 1.00, 2.97, 33.99, 28.18, 91.31, 28.25, 86.61, 19.52, 82.57, 19.41, 69.20, 31.07, 30.17, -999
30/11/16 13, 0.78, 3.77, 3.90, 3.83, 4.04, 5.50, 4.33, 98.68, 1.00, 98.70, 1.00, 0.00, 0.00, 35.59, 1.00, 0.00, 0.00, 0.00, 0.00, 50.01, 1.00, 0.00, 0.00, 0.00, 0.00, 30.45, 1.00, 0.00, 0.00, 72.19, 1.00, 2.97, 33.68, 28.00, 89.08, 28.07, 85.39, 25.79, 62.26, 25.68, 74.21, 30.91, 30.01, -999
30/11/16 14, 0.87, 3.64, 4.37, 3.87, 3.19, 5.37, 4.20, 97.62, 1.00, 97.64, 1.00, 0.00, 0.00, 35.37, 1.00, 0.00, 0.00, 0.00, 0.00, 50.13, 1.00, 0.00, 0.00, 0.00, 0.00, 0.00, 0.00, 0.00, 0.00, 78.72, 1.00, 2.97, 34.25, 27.99, 89.45, 28.06, 85.15, 28.94, 61.84, 28.94, 57.90, 30.94, 30.04, -999
30/11/16 15, 1.07, 3.58, 4.84, 3.83, 2.39, 5.00, 2.52, 97.10, 1.00, 97.12, 1.00, 0.00, 0.00, 34.77, 1.00, 0.00, 0.00, 0.00, 0.00, 49.10, 1.00, 0.00, 0.00, 0.00, 0.00, 0.00, 0.00, 0.00, 0.00, 81.68, 1.00, 2.97, 34.53, 27.99, 90.47, 28.05, 87.13, 29.23, 62.09, 29.23, 55.86, 30.93, 30.03, -999
30/11/16 16, 1.19, 3.53, 5.34, 4.28, 1.75, 5.06, 2.27, 97.24, 1.00, 97.26, 1.00, 0.00, 0.00, 0.00, 0.00, 0.00, 0.00, 0.00, 0.00, 49.56, 1.00, 0.00, 0.00, 0.00, 0.00, 32.22, 1.00, 0.00, 0.00, 75.74, 1.00, 2.97, 34.45, 28.89, 74.14, 28.85, 87.05, 26.30, 60.98, 26.17, 68.67, 31.39, 30.49, -999
30/11/16 17, 1.24, 3.89, 5.00, 4.18, 1.61, 5.29, 2.61, 97.09, 1.00, 97.11, 1.00, 0.00, 0.00, 0.00, 0.00, 0.00, 0.00, 0.00, 0.00, 0.00, 0.00, 35.04, 1.00, 0.00, 0.00, 30.52, 1.00, 0.00, 0.00, 56.78, 1.00, 2.97, 34.54, 31.17, 72.60, 31.17, 65.18, 19.78, 81.68, 19.67, 67.98, 33.39, 32.49, -999
30/11/16 18, 1.28, 4.46, 4.62, 2.93, 2.10, 5.50, 2.91, 97.48, 1.00, 97.50, 1.00, 0.00, 0.00, 0.00, 0.00, 0.00, 0.00, 0.00, 0.00, 50.36, 1.00, 35.03, 1.00, 0.00, 0.00, 30.07, 1.00, 0.00, 0.00, 68.41, 1.00, 2.97, 34.33, 29.55, 72.39, 29.51, 86.14, 19.84, 81.75, 19.73, 69.51, 32.01, 31.11, -999
30/11/16 19, 1.25, 4.65, 4.25, 3.26, 2.54, 5.50, 3.20, 98.30, 1.00, 98.31, 1.00, 0.00, 0.00, 0.00, 0.00, 0.00, 0.00, 0.00, 0.00, 50.52, 1.00, 34.77, 1.00, 0.00, 0.00, 30.30, 1.00, 0.00, 0.00, 64.16, 1.00, 2.97, 33.89, 29.62, 73.15, 29.58, 85.90, 19.47, 81.84, 19.36, 68.38, 32.07, 31.17, -999
30/11/16 20, 1.17, 4.79, 3.92, 3.47, 2.97, 5.50, 3.19, 97.81, 1.00, 97.83, 1.00, 0.00, 0.00, 0.00, 0.00, 0.00, 0.00, 0.00, 0.00, 50.63, 1.00, 34.67, 1.00, 0.00, 0.00, 30.02, 1.00, 0.00, 0.00, 64.67, 1.00, 2.97, 34.15, 29.77, 70.45, 29.73, 85.81, 19.73, 82.26, 19.62, 69.55, 32.22, 31.32, -999
30/11/16 21, 1.14, 4.93, 3.50, 3.61, 3.40, 5.50, 3.45, 98.38, 1.00, 98.40, 1.00, 0.00, 0.00, 0.00, 0.00, 0.00, 0.00, 0.00, 0.00, 50.82, 1.00, 34.50, 1.00, 0.00, 0.00, 30.64, 1.00, 0.00, 0.00, 61.36, 1.00, 2.97, 33.84, 29.84, 70.08, 29.80, 85.51, 19.35, 82.17, 19.24, 67.14, 32.28, 31.38, -999
30/11/16 22, 1.06, 5.04, 3.08, 3.64, 3.79, 5.50, 3.06, 98.25, 1.00, 98.27, 1.00, 0.00, 0.00, 0.00, 0.00, 0.00, 0.00, 0.00, 0.00, 50.87, 1.00, 34.70, 1.00, 0.00, 0.00, 30.34, 1.00, 0.00, 0.00, 60.80, 1.00, 2.97, 33.91, 29.94, 69.94, 29.89, 85.51, 19.39, 81.87, 19.28, 68.19, 32.37, 31.47, -999
30/11/16 23, 1.03, 4.87, 3.39, 3.64, 3.77, 5.50, 3.07, 97.89, 1.00, 97.91, 1.00, 0.00, 0.00, 36.44, 1.00, 0.00, 0.00, 0.00, 0.00, 50.45, 1.00, 0.00, 0.00, 0.00, 0.00, 31.99, 1.00, 0.00, 0.00, 68.24, 1.00, 2.97, 34.11, 28.95, 88.52, 29.02, 85.47, 25.99, 61.93, 25.87, 69.16, 31.86, 30.96, -999
01/12/16 00, 1.11, 4.68, 3.86, 3.69, 2.91, 5.50, 3.09, 97.13, 1.00, 97.15, 1.00, 0.00, 0.00, 35.75, 1.00, 0.00, 0.00, 0.00, 0.00, 50.16, 1.00, 0.00, 0.00, 0.00, 0.00, 31.73, 1.00, 0.00, 0.00, 72.46, 1.00, 2.97, 34.51, 28.91, 89.71, 28.98, 86.01, 26.38, 61.88, 26.26, 70.47, 31.82, 30.92, -999
01/12/16 01, 1.24, 4.54, 4.35, 3.88, 2.16, 5.50, 3.38, 96.65, 1.00, 96.67, 1.00, 0.00, 0.00, 35.11, 1.00, 0.00, 0.00, 0.00, 0.00, 49.44, 1.00, 0.00, 0.00, 0.00, 0.00, 31.14, 1.00, 0.00, 0.00, 75.48, 1.00, 2.98, 34.77, 28.87, 90.78, 28.94, 87.37, 26.73, 61.28, 26.61, 72.86, 31.78, 30.88, -999
01/12/16 02, 1.37, 4.45, 4.86, 4.33, 1.54, 5.50, 4.03, 96.91, 1.00, 96.93, 1.00, 0.00, 0.00, 34.13, 1.00, 0.00, 0.00, 0.00, 0.00, 49.18, 1.00, 34.83, 1.00, 0.00, 0.00, 29.06, 1.00, 0.00, 0.00, 74.05, 1.00, 2.98, 34.63, 28.79, 92.37, 28.86, 87.78, 20.43, 82.69, 20.33, 73.28, 31.68, 30.78, -999
01/12/16 03, 1.42, 4.68, 5.24, 3.75, 2.16, 5.49, 4.74, 94.66, 1.00, 94.68, 1.00, 0.00, 0.00, 0.00, 0.00, 0.00, 0.00, 0.00, 0.00, 0.00, 0.00, 36.73, 1.00, 0.00, 0.00, 0.00, 0.00, 0.00, 0.00, 61.35, 1.00, 2.98, 35.84, 32.32, 75.69, 32.32, 67.25, 26.92, 85.76, 26.92, 60.65, 34.56, 33.66, -999
01/12/16 04, 1.66, 5.23, 4.99, 3.16, 2.85, 5.24, 3.62, 94.87, 1.00, 94.89, 1.00, 0.00, 0.00, 0.00, 0.00, 0.00, 0.00, 0.00, 0.00, 49.56, 1.00, 36.02, 1.00, 0.00, 0.00, 0.00, 0.00, 0.00, 0.00, 74.53, 1.00, 2.98, 35.72, 30.55, 76.84, 30.51, 88.70, 27.04, 87.16, 27.04, 60.52, 33.04, 32.14, -999
01/12/16 05, 1.88, 5.50, 4.83, 3.86, 3.66, 5.00, 2.79, 95.36, 1.00, 95.38, 1.00, 0.00, 0.00, 0.00, 0.00, 0.00, 0.00, 0.00, 0.00, 48.93, 1.00, 35.62, 1.00, 0.00, 0.00, 0.00, 0.00, 0.00, 0.00, 71.21, 1.00, 2.98, 35.46, 30.72, 75.21, 30.68, 90.07, 27.00, 87.82, 27.00, 59.99, 33.19, 32.29, -999
01/12/16 06, 2.28, 5.27, 4.58, 4.33, 3.81, 5.16, 3.23, 88.19, 1.00, 88.21, 1.00, 0.00, 0.00, 0.00, 0.00, 0.00, 0.00, 0.00, 0.00, 0.00, 0.00, 0.00, 0.00, 0.00, 0.00, 33.12, 1.00, 0.00, 0.00, 0.00, 0.00, 2.98, 39.24, 30.27, 74.87, 30.27, 66.65, 30.93, 64.55, 30.80, 70.05, 42.90, 31.46, -999
01/12/16 07, 2.80, 5.27, 4.32, 3.16, 3.36, 5.46, 3.67, 90.33, 1.00, 90.35, 1.00, 0.00, 0.00, 0.00, 0.00, 0.00, 0.00, 0.00, 0.00, 0.00, 0.00, 0.00, 0.00, 0.00, 0.00, 32.51, 1.00, 0.00, 0.00, 0.00, 0.00, 2.98, 38.13, 30.27, 73.58, 30.27, 63.73, 30.20, 62.99, 30.08, 71.54, 41.71, 31.46, -999
01/12/16 08, 3.23, 4.88, 4.00, 3.06, 2.71, 5.50, 4.71, 89.19, 1.00, 89.21, 1.00, 0.00, 0.00, 0.00, 0.00, 0.00, 0.00, 0.00, 0.00, 50.41, 1.00, 0.00, 0.00, 0.00, 0.00, 31.69, 1.00, 0.00, 0.00, 0.00, 0.00, 2.98, 38.72, 27.86, 72.07, 27.82, 84.34, 31.06, 63.28, 30.94, 75.31, 42.51, 29.24, -999
01/12/16 09, 3.79, 4.34, 3.64, 2.98, 2.23, 5.19, 3.38, 89.58, 1.00, 89.59, 1.00, 0.00, 0.00, 0.00, 0.00, 0.00, 0.00, 0.00, 0.00, 49.55, 1.00, 0.00, 0.00, 0.00, 0.00, 0.00, 0.00, 0.00, 0.00, 0.00, 0.00, 2.98, 38.52, 27.39, 70.77, 27.35, 85.57, 34.18, 60.30, 34.18, 55.77, 42.75, 28.76, -999
01/12/16 10, 4.19, 3.82, 3.24, 3.28, 1.36, 5.09, 2.49, 92.52, 1.00, 92.53, 1.00, 0.00, 0.00, 0.00, 0.00, 0.00, 0.00, 0.00, 0.00, 49.42, 1.00, 36.31, 1.00, 0.00, 0.00, 31.54, 1.00, 0.00, 0.00, 0.00, 0.00, 2.98, 36.97, 26.87, 69.75, 26.83, 85.30, 22.37, 82.04, 22.25, 67.11, 40.46, 28.24, -999
01/12/16 11, 4.34, 3.14, 3.18, 3.46, 1.80, 5.23, 2.44, 91.88, 1.00, 91.90, 1.00, 0.00, 0.00, 34.54, 1.00, 0.00, 0.00, 0.00, 0.00, 47.66, 1.00, 36.44, 1.00, 0.00, 0.00, 31.53, 1.00, 0.00, 0.00, 0.00, 0.00, 2.98, 37.31, 23.05, 85.93, 23.11, 84.86, 22.71, 82.13, 22.59, 67.49, 40.85, 24.81, -999
01/12/16 12, 4.51, 2.27, 3.58, 3.71, 2.18, 5.40, 2.53, 111.18, 1.00, 0.00, 0.00, 0.00, 0.00, 33.78, 1.00, 0.00, 0.00, 0.00, 0.00, 46.94, 1.00, 35.97, 1.00, 0.00, 0.00, 31.59, 1.00, 0.00, 0.00, 0.00, 0.00, 2.99, 26.79, 22.35, 86.50, 22.41, 85.43, 22.78, 83.06, 22.66, 67.36, 39.07, 24.09, -999
01/12/16 13, 4.52, 1.42, 3.99, 4.08, 2.67, 5.50, 2.58, 112.47, 1.00, 0.00, 0.00, 0.00, 0.00, 32.16, 1.00, 0.00, 0.00, 0.00, 0.00, 46.75, 1.00, 35.38, 1.00, 0.00, 0.00, 30.59, 1.00, 0.00, 0.00, 0.00, 0.00, 2.99, 26.06, 21.70, 88.45, 21.76, 85.11, 22.66, 83.97, 22.55, 70.62, 38.57, 23.41, -999
01/12/16 14, 4.41, 0.59, 4.46, 4.35, 3.26, 5.50, 3.07, 112.88, 1.00, 0.00, 0.00, 0.00, 0.00, 32.13, 1.00, 0.00, 0.00, 0.00, 0.00, 46.93, 1.00, 35.38, 1.00, 0.00, 0.00, 31.08, 1.00, 0.00, 0.00, 0.00, 0.00, 2.99, 25.83, 20.85, 87.64, 20.91, 83.95, 22.31, 83.62, 22.19, 68.63, 38.35, 22.56, -999
01/12/16 15, 3.93, 0.58, 4.93, 4.34, 3.72, 5.50, 3.02, 118.82, 1.00, 0.00, 0.00, 0.00, 0.00, 33.27, 1.00, 0.00, 0.00, 0.00, 0.00, 48.56, 1.00, 34.49, 1.00, 0.00, 0.00, 30.08, 1.00, 0.00, 0.00, 90.27, 1.00, 2.99, 22.43, 25.09, 90.08, 25.15, 85.24, 19.49, 82.33, 19.38, 69.11, 28.06, 27.16, -999
01/12/16 16, 3.47, 0.68, 5.41, 4.40, 3.82, 5.50, 3.25, 117.08, 1.00, 0.00, 0.00, 0.00, 0.00, 0.00, 0.00, 0.00, 0.00, 0.00, 0.00, 48.79, 1.00, 0.00, 0.00, 0.00, 0.00, 31.50, 1.00, 0.00, 0.00, 89.52, 1.00, 2.99, 23.43, 26.74, 73.49, 26.70, 86.35, 26.86, 62.91, 26.74, 71.74, 29.32, 28.42, -999
01/12/16 17, 3.17, 1.28, 5.05, 3.83, 3.09, 5.50, 3.74, 116.05, 1.00, 0.00, 0.00, 0.00, 0.00, 0.00, 0.00, 0.00, 0.00, 0.00, 0.00, 0.00, 0.00, 0.00, 0.00, 0.00, 0.00, 31.51, 1.00, 0.00, 0.00, 71.07, 1.00, 2.99, 24.02, 29.73, 75.19, 29.73, 63.37, 27.40, 62.35, 27.28, 72.27, 32.03, 31.13, -999
01/12/16 18, 2.93, 1.92, 4.78, 2.78, 2.38, 5.50, 4.23, 117.35, 1.00, 0.00, 0.00, 0.00, 0.00, 0.00, 0.00, 0.00, 0.00, 0.00, 0.00, 49.55, 1.00, 0.00, 0.00, 0.00, 0.00, 31.38, 1.00, 0.00, 0.00, 81.64, 1.00, 2.99, 23.28, 27.53, 73.02, 27.49, 85.71, 26.64, 61.42, 26.52, 71.95, 30.07, 29.17, -999
01/12/16 19, 2.64, 2.25, 4.43, 3.13, 1.64, 5.50, 4.61, 118.85, 1.00, 0.00, 0.00, 0.00, 0.00, 0.00, 0.00, 0.00, 0.00, 0.00, 0.00, 50.23, 1.00, 0.00, 0.00, 0.00, 0.00, 30.95, 1.00, 0.00, 0.00, 74.36, 1.00, 2.99, 22.41, 27.53, 72.84, 27.49, 84.37, 25.85, 59.26, 25.73, 72.62, 30.03, 29.13, -999
01/12/16 20, 2.21, 2.44, 4.08, 3.07, 1.70, 5.40, 4.41, 118.95, 1.00, 0.00, 0.00, 0.00, 0.00, 0.00, 0.00, 0.00, 0.00, 0.00, 0.00, 49.97, 1.00, 36.86, 1.00, 0.00, 0.00, 0.00, 0.00, 0.00, 0.00, 72.01, 1.00, 2.99, 22.36, 27.65, 71.46, 27.61, 85.01, 24.89, 83.49, 24.89, 56.86, 30.14, 29.24, -999
01/12/16 21, 1.89, 2.66, 3.69, 3.20, 2.21, 4.99, 2.49, 119.94, 1.00, 0.00, 0.00, 0.00, 0.00, 0.00, 0.00, 0.00, 0.00, 0.00, 0.00, 50.16, 1.00, 35.20, 1.00, 0.00, 0.00, 30.63, 1.00, 0.00, 0.00, 64.73, 1.00, 2.99, 21.78, 27.66, 69.08, 27.62, 84.65, 18.26, 79.90, 18.15, 66.12, 30.11, 29.21, -999
01/12/16 22, 1.51, 2.81, 3.22, 3.20, 2.38, 5.05, 2.19, 121.91, 1.00, 0.00, 0.00, 0.00, 0.00, 0.00, 0.00, 0.00, 0.00, 0.00, 0.00, 50.54, 1.00, 34.75, 1.00, 0.00, 0.00, 30.15, 1.00, 0.00, 0.00, 53.36, 1.00, 2.99, 20.63, 27.62, 68.83, 27.58, 83.85, 17.20, 79.61, 17.09, 66.62, 30.02, 29.12, -999
01/12/16 23, 1.05, 2.66, 3.21, 2.88, 2.54, 5.19, 2.23, 121.76, 1.00, 0.00, 0.00, 0.00, 0.00, 36.36, 1.00, 0.00, 0.00, 0.00, 0.00, 49.98, 1.00, 34.40, 1.00, 0.00, 0.00, 30.13, 1.00, 0.00, 0.00, 60.48, 1.00, 2.99, 20.72, 26.51, 86.22, 26.58, 83.95, 17.36, 80.35, 17.25, 66.83, 29.37, 28.47, -999
02/12/16 00, 0.87, 2.55, 3.61, 2.80, 2.84, 5.35, 2.34, 98.81, 1.00, 98.83, 1.00, 0.00, 0.00, 35.44, 1.00, 0.00, 0.00, 0.00, 0.00, 49.73, 1.00, 34.86, 1.00, 0.00, 0.00, 30.71, 1.00, 0.00, 0.00, 79.63, 1.00, 2.97, 33.61, 26.92, 88.25, 26.99, 84.85, 18.97, 81.19, 18.86, 66.53, 29.86, 28.96, -999
02/12/16 01, 0.76, 2.49, 4.07, 2.98, 3.14, 5.44, 2.20, 98.93, 1.00, 98.95, 1.00, 0.00, 0.00, 35.24, 1.00, 0.00, 0.00, 0.00, 0.00, 49.34, 1.00, 33.95, 1.00, 0.00, 0.00, 30.25, 1.00, 0.00, 0.00, 79.31, 1.00, 2.97, 33.54, 26.87, 88.56, 26.94, 85.55, 19.21, 82.95, 19.10, 68.30, 29.81, 28.91, -999
02/12/16 02, 0.65, 2.44, 4.53, 3.29, 3.70, 5.50, 2.87, 98.27, 1.00, 98.29, 1.00, 0.00, 0.00, 33.53, 1.00, 0.00, 0.00, 0.00, 0.00, 48.41, 1.00, 33.74, 1.00, 0.00, 0.00, 29.22, 1.00, 0.00, 0.00, 81.84, 1.00, 2.97, 33.90, 26.88, 91.44, 26.94, 87.31, 19.76, 83.85, 19.66, 72.11, 29.79, 28.89, -999
02/12/16 03, 0.68, 2.45, 5.06, 3.89, 3.76, 5.50, 3.71, 97.15, 1.00, 97.17, 1.00, 0.00, 0.00, 33.02, 1.00, 0.00, 0.00, 0.00, 0.00, 47.44, 1.00, 0.00, 0.00, 0.00, 0.00, 30.19, 1.00, 0.00, 0.00, 87.06, 1.00, 2.97, 34.50, 26.95, 92.33, 27.01, 89.15, 26.34, 64.52, 26.23, 75.63, 29.88, 28.98, -999
02/12/16 04, 0.84, 2.68, 5.16, 4.70, 3.32, 5.50, 4.79, 94.68, 1.00, 94.70, 1.00, 0.00, 0.00, 0.00, 0.00, 0.00, 0.00, 0.00, 0.00, 0.00, 0.00, 0.00, 0.00, 0.00, 0.00, 29.78, 1.00, 0.00, 0.00, 70.96, 1.00, 2.98, 35.83, 31.13, 76.45, 31.13, 69.31, 27.61, 63.70, 27.50, 78.19, 33.42, 32.52, -999
02/12/16 05, 1.23, 3.47, 4.96, 3.85, 2.80, 5.31, 4.10, 94.94, 1.00, 94.95, 1.00, 0.00, 0.00, 0.00, 0.00, 0.00, 0.00, 0.00, 0.00, 0.00, 0.00, 0.00, 0.00, 0.00, 0.00, 0.00, 0.00, 0.00, 0.00, 68.09, 1.00, 2.98, 35.69, 31.66, 73.77, 31.66, 66.78, 30.27, 63.77, 30.27, 61.54, 33.94, 33.04, -999
02/12/16 06, 1.57, 4.18, 4.62, 2.76, 2.41, 5.13, 3.53, 94.99, 1.00, 95.01, 1.00, 0.00, 0.00, 0.00, 0.00, 0.00, 0.00, 0.00, 0.00, 49.99, 1.00, 0.00, 0.00, 0.00, 0.00, 0.00, 0.00, 0.00, 0.00, 81.99, 1.00, 2.98, 35.66, 29.78, 74.97, 29.74, 87.10, 30.32, 62.88, 30.32, 59.32, 32.32, 31.42, -999
02/12/16 07, 1.87, 4.52, 4.37, 3.28, 1.91, 4.84, 2.34, 96.47, 1.00, 96.49, 1.00, 0.00, 0.00, 0.00, 0.00, 0.00, 0.00, 0.00, 0.00, 49.66, 1.00, 0.00, 0.00, 0.00, 0.00, 32.18, 1.00, 0.00, 0.00, 73.70, 1.00, 2.98, 34.87, 29.80, 73.03, 29.76, 87.75, 26.98, 60.27, 26.86, 69.52, 32.29, 31.39, -999
02/12/16 08, 1.91, 4.76, 4.03, 3.84, 1.66, 5.12, 2.87, 96.90, 1.00, 96.92, 1.00, 0.00, 0.00, 0.00, 0.00, 0.00, 0.00, 0.00, 0.00, 49.81, 1.00, 35.91, 1.00, 0.00, 0.00, 30.99, 1.00, 0.00, 0.00, 69.93, 1.00, 2.98, 34.64, 29.91, 72.25, 29.87, 87.57, 19.98, 80.36, 19.87, 66.61, 32.38, 31.48, -999
02/12/16 09, 1.86, 4.97, 3.67, 4.29, 1.89, 5.21, 2.60, 96.86, 1.00, 96.88, 1.00, 0.00, 0.00, 0.00, 0.00, 0.00, 0.00, 0.00, 0.00, 50.67, 1.00, 35.39, 1.00, 0.00, 0.00, 30.98, 1.00, 0.00, 0.00, 68.68, 1.00, 2.98, 34.66, 30.05, 70.43, 30.01, 86.02, 20.09, 81.39, 19.98, 66.74, 32.52, 31.62, -999
02/12/16 10, 1.83, 5.15, 3.26, 4.30, 2.28, 5.32, 2.45, 97.88, 1.00, 97.90, 1.00, 0.00, 0.00, 0.00, 0.00, 0.00, 0.00, 0.00, 0.00, 50.52, 1.00, 34.71, 1.00, 0.00, 0.00, 30.80, 1.00, 0.00, 0.00, 63.59, 1.00, 2.97, 34.11, 30.11, 69.93, 30.07, 86.38, 19.82, 82.29, 19.71, 67.10, 32.56, 31.66, -999
02/12/16 11, 1.71, 5.15, 3.18, 4.40, 2.79, 5.46, 2.48, 96.89, 1.00, 96.91, 1.00, 0.00, 0.00, 35.73, 1.00, 0.00, 0.00, 0.00, 0.00, 49.70, 1.00, 34.98, 1.00, 0.00, 0.00, 30.97, 1.00, 0.00, 0.00, 70.42, 1.00, 2.98, 34.64, 29.35, 90.19, 29.42, 87.34, 20.11, 82.12, 20.00, 66.80, 32.25, 31.35, -999
02/12/16 12, 1.71, 5.29, 3.71, 3.66, 3.20, 5.50, 2.43, 97.25, 1.00, 97.27, 1.00, 0.00, 0.00, 36.07, 1.00, 0.00, 0.00, 0.00, 0.00, 0.00, 0.00, 34.73, 1.00, 0.00, 0.00, 30.33, 1.00, 0.00, 0.00, 61.47, 1.00, 2.97, 34.45, 30.59, 90.82, 30.70, 60.20, 20.15, 82.58, 20.04, 68.98, 33.05, 32.15, -999
02/12/16 13, 1.66, 5.32, 4.23, 2.77, 3.64, 5.50, 2.69, 96.88, 1.00, 96.90, 1.00, 0.00, 0.00, 34.23, 1.00, 0.00, 0.00, 0.00, 0.00, 51.09, 1.00, 34.98, 1.00, 0.00, 0.00, 29.90, 1.00, 0.00, 0.00, 69.14, 1.00, 2.98, 34.65, 29.49, 92.89, 29.55, 84.72, 20.34, 82.34, 20.24, 70.56, 32.38, 31.48, -999
02/12/16 14, 1.64, 5.15, 4.81, 2.77, 3.98, 5.50, 3.21, 97.29, 1.00, 97.31, 1.00, 0.00, 0.00, 36.11, 1.00, 0.00, 0.00, 0.00, 0.00, 50.76, 1.00, 34.84, 1.00, 0.00, 0.00, 29.97, 1.00, 0.00, 0.00, 69.20, 1.00, 2.97, 34.43, 29.26, 89.43, 29.33, 85.17, 20.19, 82.44, 20.09, 70.19, 32.17, 31.27, -999
02/12/16 15, 1.73, 4.99, 5.26, 2.91, 3.24, 5.50, 3.71, 96.93, 1.00, 96.95, 1.00, 0.00, 0.00, 34.60, 1.00, 0.00, 0.00, 0.00, 0.00, 50.24, 1.00, 0.00, 0.00, 0.00, 0.00, 31.17, 1.00, 0.00, 0.00, 72.37, 1.00, 2.98, 34.62, 29.25, 92.03, 29.32, 86.18, 26.88, 62.40, 26.76, 72.91, 32.15, 31.25, -999
02/12/16 16, 1.83, 5.11, 5.16, 3.26, 2.52, 5.50, 4.33, 96.90, 1.00, 96.92, 1.00, 0.00, 0.00, 0.00, 0.00, 0.00, 0.00, 0.00, 0.00, 50.40, 1.00, 0.00, 0.00, 0.00, 0.00, 31.55, 1.00, 0.00, 0.00, 68.37, 1.00, 2.98, 34.64, 30.19, 72.75, 30.15, 86.71, 26.89, 61.36, 26.77, 71.60, 32.66, 31.76, -999
02/12/16 17, 1.92, 5.29, 4.77, 3.62, 1.75, 5.50, 4.62, 96.76, 1.00, 96.78, 1.00, 0.00, 0.00, 0.00, 0.00, 0.00, 0.00, 0.00, 0.00, 49.76, 1.00, 0.00, 0.00, 0.00, 0.00, 31.59, 1.00, 0.00, 0.00, 67.70, 1.00, 2.98, 34.71, 30.38, 72.47, 30.34, 88.14, 26.99, 59.67, 26.87, 71.57, 32.84, 31.94, -999
02/12/16 18, 1.91, 5.47, 4.40, 4.19, 1.70, 5.50, 4.74, 96.85, 1.00, 96.87, 1.00, 0.00, 0.00, 0.00, 0.00, 0.00, 0.00, 0.00, 0.00, 50.54, 1.00, 35.48, 1.00, 0.00, 0.00, 29.31, 1.00, 0.00, 0.00, 65.34, 1.00, 2.98, 34.67, 30.47, 71.71, 30.43, 86.70, 20.51, 81.65, 20.41, 72.59, 32.92, 32.02, -999
02/12/16 19, 2.21, 5.08, 4.00, 4.35, 2.20, 5.19, 3.38, 92.40, 1.00, 92.42, 1.00, 0.00, 0.00, 0.00, 0.00, 0.00, 0.00, 0.00, 0.00, 48.31, 1.00, 38.50, 1.00, 0.00, 0.00, 0.00, 0.00, 0.00, 0.00, 0.00, 0.00, 2.98, 37.04, 28.21, 68.30, 28.18, 88.73, 28.03, 83.55, 28.03, 58.84, 40.26, 29.58, -999
02/12/16 20, 2.52, 4.96, 3.51, 3.74, 2.47, 5.07, 2.70, 93.77, 1.00, 93.79, 1.00, 0.00, 0.00, 0.00, 0.00, 0.00, 0.00, 0.00, 0.00, 0.00, 0.00, 35.86, 1.00, 0.00, 0.00, 31.25, 1.00, 0.00, 0.00, 0.00, 0.00, 2.98, 36.31, 29.96, 71.36, 29.96, 59.03, 21.22, 81.70, 21.10, 66.95, 39.27, 31.15, -999
02/12/16 21, 2.71, 4.70, 3.13, 2.74, 2.79, 5.20, 2.58, 93.65, 1.00, 93.67, 1.00, 0.00, 0.00, 0.00, 0.00, 0.00, 0.00, 0.00, 0.00, 50.53, 1.00, 35.87, 1.00, 0.00, 0.00, 31.41, 1.00, 0.00, 0.00, 0.00, 0.00, 2.98, 36.37, 27.67, 69.51, 27.63, 83.92, 21.31, 81.77, 21.20, 66.51, 39.39, 29.05, -999
02/12/16 22, 2.89, 3.98, 3.13, 2.59, 3.07, 5.27, 2.30, 93.57, 1.00, 93.59, 1.00, 0.00, 0.00, 34.71, 1.00, 0.00, 0.00, 0.00, 0.00, 48.75, 1.00, 35.43, 1.00, 0.00, 0.00, 31.46, 1.00, 0.00, 0.00, 0.00, 0.00, 2.98, 36.42, 23.74, 86.33, 23.81, 83.55, 21.54, 82.77, 21.42, 66.56, 39.49, 25.51, -999
02/12/16 23, 3.07, 3.10, 3.55, 2.64, 3.48, 5.35, 2.08, 93.23, 1.00, 93.25, 1.00, 0.00, 0.00, 33.54, 1.00, 0.00, 0.00, 0.00, 0.00, 48.51, 1.00, 35.64, 1.00, 0.00, 0.00, 31.49, 1.00, 0.00, 0.00, 0.00, 0.00, 2.98, 36.60, 23.02, 87.57, 23.08, 83.26, 21.72, 82.57, 21.60, 66.64, 39.73, 24.78, -999
03/12/16 00, 3.26, 2.23, 3.99, 2.63, 3.79, 5.44, 1.95, 92.67, 1.00, 92.69, 1.00, 0.00, 0.00, 33.30, 1.00, 0.00, 0.00, 0.00, 0.00, 47.66, 1.00, 35.26, 1.00, 0.00, 0.00, 31.24, 1.00, 0.00, 0.00, 0.00, 0.00, 2.98, 36.89, 22.28, 87.22, 22.34, 84.09, 22.24, 83.77, 22.12, 68.04, 40.10, 24.02, -999
03/12/16 01, 3.54, 1.37, 4.42, 2.90, 3.62, 5.50, 2.56, 89.55, 1.00, 89.57, 1.00, 0.00, 0.00, 31.80, 1.00, 0.00, 0.00, 0.00, 0.00, 46.63, 1.00, 0.00, 0.00, 0.00, 0.00, 31.76, 1.00, 0.00, 0.00, 0.00, 0.00, 2.98, 38.53, 21.71, 89.01, 21.76, 85.33, 31.00, 63.91, 30.89, 74.98, 42.36, 23.41, -999
03/12/16 02, 3.96, 0.54, 4.89, 3.40, 3.09, 5.50, 3.59, 88.20, 1.00, 88.22, 1.00, 0.00, 0.00, 30.93, 1.00, 0.00, 0.00, 0.00, 0.00, 46.30, 1.00, 0.00, 0.00, 0.00, 0.00, 31.69, 1.00, 0.00, 0.00, 0.00, 0.00, 2.98, 39.24, 21.01, 89.63, 21.06, 85.22, 31.84, 63.20, 31.73, 76.09, 43.27, 22.70, -999
03/12/16 03, 4.05, 0.62, 5.41, 3.89, 2.52, 5.50, 4.59, 94.38, 1.00, 94.39, 1.00, 0.00, 0.00, 0.00, 0.00, 0.00, 0.00, 0.00, 0.00, 48.29, 1.00, 0.00, 0.00, 0.00, 0.00, 30.50, 1.00, 0.00, 0.00, 103.40, 1.00, 2.98, 35.99, 27.60, 75.68, 27.57, 88.15, 29.24, 63.01, 29.13, 77.49, 30.27, 29.37, -999
03/12/16 04, 4.18, 1.22, 5.15, 4.47, 2.02, 5.30, 3.98, 92.57, 1.00, 92.59, 1.00, 0.00, 0.00, 0.00, 0.00, 0.00, 0.00, 0.00, 0.00, 0.00, 0.00, 0.00, 0.00, 0.00, 0.00, 0.00, 0.00, 0.00, 0.00, 87.73, 1.00, 2.98, 36.94, 31.33, 76.09, 31.33, 69.28, 32.60, 62.92, 32.60, 60.83, 33.72, 32.82, -999
03/12/16 05, 4.44, 2.14, 4.92, 3.65, 1.62, 5.08, 3.14, 92.62, 1.00, 92.64, 1.00, 0.00, 0.00, 0.00, 0.00, 0.00, 0.00, 0.00, 0.00, 0.00, 0.00, 0.00, 0.00, 0.00, 0.00, 0.00, 0.00, 0.00, 0.00, 84.04, 1.00, 2.98, 36.92, 31.86, 75.14, 31.86, 67.59, 32.74, 62.13, 32.74, 58.52, 34.23, 33.33, -999
03/12/16 06, 4.27, 2.80, 4.66, 3.22, 2.01, 5.07, 2.81, 115.88, 1.00, 0.00, 0.00, 0.00, 0.00, 0.00, 0.00, 0.00, 0.00, 0.00, 0.00, 49.29, 1.00, 34.99, 1.00, 0.00, 0.00, 30.54, 1.00, 0.00, 0.00, 81.28, 1.00, 2.99, 24.12, 28.41, 74.63, 28.37, 87.08, 21.07, 83.06, 20.96, 69.20, 30.94, 30.04, -999
03/12/16 07, 3.90, 3.13, 4.38, 3.73, 2.60, 5.36, 3.37, 116.45, 1.00, 0.00, 0.00, 0.00, 0.00, 0.00, 0.00, 0.00, 0.00, 0.00, 0.00, 49.49, 1.00, 34.69, 1.00, 0.00, 0.00, 30.42, 1.00, 0.00, 0.00, 77.10, 1.00, 2.99, 23.79, 28.55, 73.14, 28.51, 86.83, 20.79, 83.29, 20.68, 69.31, 31.06, 30.16, -999
03/12/16 08, 3.53, 3.41, 4.05, 4.11, 3.19, 5.50, 4.01, 117.50, 1.00, 0.00, 0.00, 0.00, 0.00, 0.00, 0.00, 0.00, 0.00, 0.00, 0.00, 49.72, 1.00, 34.80, 1.00, 0.00, 0.00, 29.70, 1.00, 0.00, 0.00, 71.12, 1.00, 2.99, 23.19, 28.60, 72.17, 28.56, 86.44, 20.26, 82.58, 20.15, 71.12, 31.08, 30.18, -999
03/12/16 09, 3.14, 3.63, 3.69, 4.35, 3.62, 5.50, 4.42, 118.95, 1.00, 0.00, 0.00, 0.00, 0.00, 0.00, 0.00, 0.00, 0.00, 0.00, 0.00, 49.76, 1.00, 34.27, 1.00, 0.00, 0.00, 30.14, 1.00, 0.00, 0.00, 63.12, 1.00, 2.99, 22.35, 28.60, 70.83, 28.56, 86.37, 19.33, 82.55, 19.23, 68.78, 31.04, 30.14, -999
03/12/16 10, 2.74, 3.80, 3.29, 4.35, 3.92, 5.50, 4.26, 117.24, 1.00, 0.00, 0.00, 0.00, 0.00, 0.00, 0.00, 0.00, 0.00, 0.00, 0.00, 0.00, 0.00, 0.00, 0.00, 0.00, 0.00, 31.74, 1.00, 0.00, 0.00, 53.41, 1.00, 2.99, 23.34, 30.84, 68.90, 30.84, 60.83, 26.69, 61.98, 26.57, 70.76, 33.05, 32.15, -999
03/12/16 11, 2.48, 4.17, 3.06, 2.99, 3.04, 5.50, 4.38, 117.80, 1.00, 0.00, 0.00, 0.00, 0.00, 35.67, 1.00, 0.00, 0.00, 0.00, 0.00, 50.13, 1.00, 0.00, 0.00, 0.00, 0.00, 31.25, 1.00, 0.00, 0.00, 68.74, 1.00, 2.99, 23.02, 28.31, 89.25, 28.38, 85.47, 26.37, 62.48, 26.25, 72.10, 31.21, 30.31, -999
03/12/16 12, 2.21, 3.99, 3.56, 3.21, 2.36, 5.50, 4.76, 118.30, 1.00, 0.00, 0.00, 0.00, 0.00, 35.82, 1.00, 0.00, 0.00, 0.00, 0.00, 50.25, 1.00, 0.00, 0.00, 0.00, 0.00, 31.35, 1.00, 0.00, 0.00, 67.75, 1.00, 2.99, 22.73, 28.09, 88.77, 28.16, 85.01, 26.03, 61.49, 25.91, 71.43, 30.99, 30.09, -999
03/12/16 13, 2.03, 3.84, 4.03, 3.28, 1.63, 5.15, 3.13, 117.07, 1.00, 0.00, 0.00, 0.00, 0.00, 35.24, 1.00, 0.00, 0.00, 0.00, 0.00, 50.13, 1.00, 0.00, 0.00, 0.00, 0.00, 0.00, 0.00, 0.00, 0.00, 74.32, 1.00, 2.99, 23.44, 28.12, 89.81, 28.19, 85.27, 29.30, 59.40, 29.30, 55.97, 31.04, 30.14, -999
03/12/16 14, 1.75, 3.64, 4.52, 3.40, 1.59, 5.12, 2.54, 119.56, 1.00, 0.00, 0.00, 0.00, 0.00, 34.73, 1.00, 0.00, 0.00, 0.00, 0.00, 49.42, 1.00, 34.46, 1.00, 0.00, 0.00, 30.39, 1.00, 0.00, 0.00, 62.63, 1.00, 2.99, 22.00, 27.68, 90.23, 27.74, 86.21, 18.72, 81.61, 18.62, 67.37, 30.52, 29.62, -999
03/12/16 15, 1.40, 3.42, 5.01, 3.74, 2.12, 5.30, 2.70, 119.97, 1.00, 0.00, 0.00, 0.00, 0.00, 34.55, 1.00, 0.00, 0.00, 0.00, 0.00, 49.27, 1.00, 34.41, 1.00, 0.00, 0.00, 30.20, 1.00, 0.00, 0.00, 62.13, 1.00, 2.99, 21.77, 27.45, 90.32, 27.51, 86.26, 18.50, 81.48, 18.39, 67.74, 30.28, 29.38, -999
03/12/16 16, 1.06, 3.27, 5.29, 4.04, 2.59, 5.50, 2.96, 120.64, 1.00, 0.00, 0.00, 0.00, 0.00, 0.00, 0.00, 0.00, 0.00, 0.00, 0.00, 48.72, 1.00, 34.38, 1.00, 0.00, 0.00, 29.94, 1.00, 0.00, 0.00, 55.04, 1.00, 2.99, 21.37, 28.13, 73.54, 28.09, 87.87, 18.11, 81.14, 18.00, 68.21, 30.52, 29.62, -999
03/12/16 17, 0.94, 3.48, 4.93, 4.59, 2.98, 5.50, 3.02, 97.40, 1.00, 97.42, 1.00, 0.00, 0.00, 0.00, 0.00, 0.00, 0.00, 0.00, 0.00, 0.00, 0.00, 34.83, 1.00, 0.00, 0.00, 29.62, 1.00, 0.00, 0.00, 57.52, 1.00, 2.97, 34.37, 30.82, 72.45, 30.82, 65.16, 19.77, 82.03, 19.67, 70.87, 33.05, 32.15, -999
03/12/16 18, 0.98, 4.08, 4.55, 3.23, 3.37, 5.50, 3.56, 97.46, 1.00, 97.48, 1.00, 0.00, 0.00, 0.00, 0.00, 0.00, 0.00, 0.00, 0.00, 0.00, 0.00, 34.21, 1.00, 0.00, 0.00, 29.67, 1.00, 0.00, 0.00, 54.04, 1.00, 2.97, 34.34, 31.16, 72.41, 31.16, 64.76, 19.89, 83.20, 19.79, 70.83, 33.37, 32.47, -999
03/12/16 19, 0.97, 4.34, 4.17, 3.35, 3.91, 5.50, 4.00, 98.00, 1.00, 98.02, 1.00, 0.00, 0.00, 0.00, 0.00, 0.00, 0.00, 0.00, 0.00, 50.85, 1.00, 34.48, 1.00, 0.00, 0.00, 29.84, 1.00, 0.00, 0.00, 66.72, 1.00, 2.97, 34.05, 29.36, 71.98, 29.32, 84.99, 19.65, 82.50, 19.54, 70.05, 31.82, 30.92, -999
03/12/16 20, 1.04, 4.52, 3.80, 3.32, 3.44, 5.50, 4.31, 98.32, 1.00, 98.34, 1.00, 0.00, 0.00, 0.00, 0.00, 0.00, 0.00, 0.00, 0.00, 50.83, 1.00, 0.00, 0.00, 0.00, 0.00, 31.56, 1.00, 0.00, 0.00, 65.28, 1.00, 2.97, 33.87, 29.51, 69.31, 29.47, 85.17, 25.91, 61.72, 25.79, 70.60, 31.96, 31.06, -999
03/12/16 21, 1.10, 4.67, 3.34, 3.33, 2.60, 5.50, 4.42, 97.87, 1.00, 97.88, 1.00, 0.00, 0.00, 0.00, 0.00, 0.00, 0.00, 0.00, 0.00, 51.36, 1.00, 0.00, 0.00, 0.00, 0.00, 31.08, 1.00, 0.00, 0.00, 66.19, 1.00, 2.97, 34.12, 29.67, 68.36, 29.62, 84.24, 26.18, 61.16, 26.07, 72.52, 32.13, 31.23, -999
03/12/16 22, 1.20, 4.73, 3.12, 2.95, 1.79, 5.45, 4.56, 98.12, 1.00, 98.14, 1.00, 0.00, 0.00, 37.57, 1.00, 0.00, 0.00, 0.00, 0.00, 51.09, 1.00, 0.00, 0.00, 0.00, 0.00, 0.00, 0.00, 0.00, 0.00, 70.40, 1.00, 2.97, 33.98, 28.80, 86.30, 28.88, 84.05, 29.00, 58.85, 29.00, 54.60, 31.74, 30.84, -999
03/12/16 23, 1.26, 4.53, 3.52, 2.69, 1.41, 4.98, 2.32, 98.52, 1.00, 98.54, 1.00, 0.00, 0.00, 37.11, 1.00, 0.00, 0.00, 0.00, 0.00, 50.91, 1.00, 35.55, 1.00, 0.00, 0.00, 30.76, 1.00, 0.00, 0.00, 68.34, 1.00, 2.97, 33.77, 28.57, 86.92, 28.64, 84.17, 19.07, 80.08, 18.96, 66.49, 31.49, 30.59, -999
04/12/16 00, 1.15, 4.33, 3.93, 2.59, 1.68, 5.09, 2.20, 97.65, 1.00, 97.67, 1.00, 0.00, 0.00, 34.95, 1.00, 0.00, 0.00, 0.00, 0.00, 49.96, 1.00, 34.68, 1.00, 0.00, 0.00, 30.44, 1.00, 0.00, 0.00, 71.96, 1.00, 2.97, 34.24, 28.58, 90.76, 28.65, 86.07, 19.71, 82.22, 19.60, 68.16, 31.48, 30.58, -999
04/12/16 01, 1.11, 4.19, 4.45, 2.99, 2.25, 5.34, 2.65, 97.03, 1.00, 97.04, 1.00, 0.00, 0.00, 34.17, 1.00, 0.00, 0.00, 0.00, 0.00, 48.89, 1.00, 34.45, 1.00, 0.00, 0.00, 30.20, 1.00, 0.00, 0.00, 74.71, 1.00, 2.98, 34.57, 28.55, 92.05, 28.62, 88.09, 20.05, 82.95, 19.94, 69.28, 31.44, 30.54, -999
04/12/16 02, 1.14, 4.11, 5.00, 3.69, 2.85, 5.50, 3.41, 96.90, 1.00, 96.92, 1.00, 0.00, 0.00, 33.59, 1.00, 0.00, 0.00, 0.00, 0.00, 48.63, 1.00, 34.39, 1.00, 0.00, 0.00, 28.82, 1.00, 0.00, 0.00, 75.82, 1.00, 2.98, 34.64, 28.51, 92.98, 28.57, 88.53, 20.47, 83.47, 20.37, 74.06, 31.39, 30.49, -999
04/12/16 03, 1.18, 4.13, 5.36, 4.37, 3.45, 5.50, 4.42, 96.26, 1.00, 96.28, 1.00, 0.00, 0.00, 0.00, 0.00, 0.00, 0.00, 0.00, 0.00, 48.09, 1.00, 33.71, 1.00, 0.00, 0.00, 28.22, 1.00, 0.00, 0.00, 74.05, 1.00, 2.98, 34.98, 29.49, 76.91, 29.45, 90.40, 21.05, 85.19, 20.96, 76.44, 31.97, 31.07, -999
04/12/16 04, 1.43, 4.71, 5.17, 4.00, 3.90, 5.35, 4.11, 93.25, 1.00, 93.27, 1.00, 0.00, 0.00, 0.00, 0.00, 0.00, 0.00, 0.00, 0.00, 0.00, 0.00, 0.00, 0.00, 0.00, 0.00, 0.00, 0.00, 0.00, 0.00, 67.53, 1.00, 2.98, 36.58, 32.85, 76.79, 32.85, 69.21, 31.10, 64.99, 31.10, 60.91, 35.12, 34.22, -999
04/12/16 05, 1.84, 5.42, 5.00, 3.25, 3.54, 5.12, 3.26, 93.35, 1.00, 93.37, 1.00, 0.00, 0.00, 0.00, 0.00, 0.00, 0.00, 0.00, 0.00, 0.00, 0.00, 0.00, 0.00, 0.00, 0.00, 0.00, 0.00, 0.00, 0.00, 64.05, 1.00, 2.98, 36.53, 33.27, 76.19, 33.27, 68.55, 31.27, 64.68, 31.27, 60.04, 35.52, 34.62, -999
04/12/16 06, 2.39, 5.25, 4.79, 3.59, 3.20, 4.93, 2.58, 89.15, 1.00, 89.17, 1.00, 0.00, 0.00, 0.00, 0.00, 0.00, 0.00, 0.00, 0.00, 48.61, 1.00, 0.00, 0.00, 0.00, 0.00, 32.63, 1.00, 0.00, 0.00, 0.00, 0.00, 2.98, 38.74, 28.36, 75.47, 28.32, 88.32, 30.58, 63.88, 30.46, 71.49, 42.34, 29.73, -999
04/12/16 07, 2.88, 4.74, 4.55, 4.25, 2.74, 5.31, 3.47, 89.40, 1.00, 89.42, 1.00, 0.00, 0.00, 0.00, 0.00, 0.00, 0.00, 0.00, 0.00, 48.49, 1.00, 0.00, 0.00, 0.00, 0.00, 32.76, 1.00, 0.00, 0.00, 0.00, 0.00, 2.98, 38.61, 27.86, 74.48, 27.82, 88.03, 30.65, 63.35, 30.52, 71.09, 42.29, 29.22, -999
04/12/16 08, 3.33, 4.48, 4.27, 3.99, 2.27, 5.50, 4.28, 89.78, 1.00, 89.80, 1.00, 0.00, 0.00, 0.00, 0.00, 0.00, 0.00, 0.00, 0.00, 0.00, 0.00, 0.00, 0.00, 0.00, 0.00, 31.61, 1.00, 0.00, 0.00, 0.00, 0.00, 2.98, 38.41, 29.48, 73.06, 29.48, 66.48, 30.82, 62.18, 30.71, 75.34, 42.17, 30.67, -999
04/12/16 09, 3.80, 4.41, 3.94, 3.07, 1.67, 5.37, 4.19, 89.11, 1.00, 89.12, 1.00, 0.00, 0.00, 0.00, 0.00, 0.00, 0.00, 0.00, 0.00, 49.96, 1.00, 0.00, 0.00, 0.00, 0.00, 0.00, 0.00, 0.00, 0.00, 0.00, 0.00, 2.98, 38.77, 27.42, 71.37, 27.38, 84.80, 34.40, 60.40, 34.40, 57.50, 43.04, 28.80, -999
04/12/16 10, 4.17, 3.88, 3.55, 3.16, 1.82, 4.98, 2.44, 92.05, 1.00, 92.07, 1.00, 0.00, 0.00, 0.00, 0.00, 0.00, 0.00, 0.00, 0.00, 49.63, 1.00, 36.47, 1.00, 0.00, 0.00, 31.50, 1.00, 0.00, 0.00, 0.00, 0.00, 2.98, 37.22, 26.92, 71.24, 26.88, 84.93, 22.55, 81.93, 22.44, 67.52, 40.70, 28.29, -999
04/12/16 11, 4.34, 3.35, 3.17, 3.29, 2.18, 5.17, 2.56, 91.55, 1.00, 91.57, 1.00, 0.00, 0.00, 0.00, 0.00, 0.00, 0.00, 0.00, 0.00, 49.51, 1.00, 36.42, 1.00, 0.00, 0.00, 31.49, 1.00, 0.00, 0.00, 0.00, 0.00, 2.98, 37.48, 26.40, 70.03, 26.36, 84.64, 22.89, 82.36, 22.77, 67.81, 41.03, 27.77, -999
04/12/16 12, 4.53, 2.62, 3.25, 3.32, 2.55, 5.37, 2.73, 112.93, 1.00, 0.00, 0.00, 0.00, 0.00, 34.70, 1.00, 0.00, 0.00, 0.00, 0.00, 48.16, 1.00, 35.90, 1.00, 0.00, 0.00, 31.55, 1.00, 0.00, 0.00, 0.00, 0.00, 2.99, 25.80, 22.45, 85.06, 22.52, 83.35, 22.07, 82.46, 21.95, 66.78, 38.36, 24.22, -999
04/12/16 13, 4.39, 1.75, 3.62, 3.20, 2.94, 5.44, 2.46, 113.26, 1.00, 0.00, 0.00, 0.00, 0.00, 33.39, 1.00, 0.00, 0.00, 0.00, 0.00, 47.81, 1.00, 35.64, 1.00, 0.00, 0.00, 31.48, 1.00, 0.00, 0.00, 0.00, 0.00, 2.99, 25.61, 21.77, 86.55, 21.83, 83.31, 21.94, 82.80, 21.83, 66.90, 38.17, 23.51, -999
04/12/16 14, 4.23, 0.89, 4.03, 3.15, 3.35, 5.50, 2.36, 113.16, 1.00, 0.00, 0.00, 0.00, 0.00, 32.94, 1.00, 0.00, 0.00, 0.00, 0.00, 47.38, 1.00, 35.53, 1.00, 0.00, 0.00, 31.03, 1.00, 0.00, 0.00, 0.00, 0.00, 2.99, 25.67, 21.01, 86.53, 21.07, 83.31, 22.10, 83.15, 21.98, 68.59, 38.17, 22.74, -999
04/12/16 15, 3.89, 0.54, 4.45, 3.20, 3.74, 5.50, 2.46, 119.19, 1.00, 0.00, 0.00, 0.00, 0.00, 34.84, 1.00, 0.00, 0.00, 0.00, 0.00, 48.88, 1.00, 34.59, 1.00, 0.00, 0.00, 30.41, 1.00, 0.00, 0.00, 89.18, 1.00, 2.99, 22.22, 24.98, 87.37, 25.05, 84.54, 19.15, 81.84, 19.04, 67.73, 27.97, 27.07, -999
04/12/16 16, 3.40, 0.60, 4.86, 3.33, 3.89, 5.50, 2.48, 118.29, 1.00, 0.00, 0.00, 0.00, 0.00, 34.94, 1.00, 0.00, 0.00, 0.00, 0.00, 49.19, 1.00, 0.00, 0.00, 0.00, 0.00, 31.98, 1.00, 0.00, 0.00, 93.23, 1.00, 2.99, 22.73, 25.09, 87.29, 25.15, 84.05, 26.12, 62.14, 26.00, 69.35, 28.10, 27.20, -999
04/12/16 17, 3.01, 0.69, 5.25, 3.26, 3.04, 5.50, 2.65, 118.74, 1.00, 0.00, 0.00, 0.00, 0.00, 34.93, 1.00, 0.00, 0.00, 0.00, 0.00, 49.13, 1.00, 0.00, 0.00, 0.00, 0.00, 32.06, 1.00, 0.00, 0.00, 90.61, 1.00, 2.99, 22.48, 25.14, 87.36, 25.21, 84.23, 25.78, 60.61, 25.66, 68.74, 28.14, 27.24, -999
04/12/16 18, 2.64, 1.02, 4.89, 3.29, 2.10, 5.50, 2.67, 119.22, 1.00, 0.00, 0.00, 0.00, 0.00, 0.00, 0.00, 0.00, 0.00, 0.00, 0.00, 49.97, 1.00, 0.00, 0.00, 0.00, 0.00, 31.87, 1.00, 0.00, 0.00, 80.53, 1.00, 2.99, 22.20, 26.56, 70.35, 26.51, 83.91, 25.49, 59.73, 25.37, 69.10, 29.09, 28.19, -999
04/12/16 19, 2.24, 1.31, 4.43, 3.07, 1.46, 5.50, 2.73, 121.02, 1.00, 0.00, 0.00, 0.00, 0.00, 0.00, 0.00, 0.00, 0.00, 0.00, 0.00, 49.82, 1.00, 35.00, 1.00, 0.00, 0.00, 29.97, 1.00, 0.00, 0.00, 70.35, 1.00, 2.99, 21.16, 26.47, 70.31, 26.43, 84.13, 17.83, 79.79, 17.72, 67.81, 28.94, 28.04, -999
04/12/16 20, 1.77, 1.51, 3.99, 3.01, 1.75, 5.50, 2.72, 121.07, 1.00, 0.00, 0.00, 0.00, 0.00, 0.00, 0.00, 0.00, 0.00, 0.00, 0.00, 50.21, 1.00, 34.67, 1.00, 0.00, 0.00, 30.14, 1.00, 0.00, 0.00, 68.36, 1.00, 2.99, 21.13, 26.60, 68.31, 26.56, 83.49, 17.80, 80.34, 17.69, 67.25, 29.07, 28.17, -999
04/12/16 21, 1.34, 1.69, 3.49, 2.69, 2.10, 5.50, 2.58, 121.59, 1.00, 0.00, 0.00, 0.00, 0.00, 0.00, 0.00, 0.00, 0.00, 0.00, 0.00, 49.56, 1.00, 34.82, 1.00, 0.00, 0.00, 30.14, 1.00, 0.00, 0.00, 64.24, 1.00, 2.99, 20.82, 26.69, 69.54, 26.65, 84.85, 17.39, 79.68, 17.29, 66.82, 29.14, 28.24, -999
04/12/16 22, 0.97, 1.87, 3.05, 2.91, 2.31, 5.50, 2.38, 99.46, 1.00, 99.48, 1.00, 0.00, 0.00, 0.00, 0.00, 0.00, 0.00, 0.00, 0.00, 50.25, 1.00, 34.95, 1.00, 0.00, 0.00, 30.53, 1.00, 0.00, 0.00, 77.59, 1.00, 2.97, 33.26, 27.27, 70.51, 27.23, 84.08, 18.69, 80.76, 18.58, 66.85, 29.79, 28.89, -999
04/12/16 23, 0.79, 1.91, 3.31, 2.82, 2.61, 5.50, 2.18, 98.82, 1.00, 98.84, 1.00, 0.00, 0.00, 34.98, 1.00, 0.00, 0.00, 0.00, 0.00, 49.44, 1.00, 34.59, 1.00, 0.00, 0.00, 30.25, 1.00, 0.00, 0.00, 84.02, 1.00, 2.97, 33.60, 26.31, 88.46, 26.38, 84.81, 19.13, 81.79, 19.02, 68.22, 29.28, 28.38, -999
05/12/16 00, 0.68, 1.90, 3.78, 3.02, 3.04, 5.50, 2.35, 99.07, 1.00, 99.09, 1.00, 0.00, 0.00, 35.13, 1.00, 0.00, 0.00, 0.00, 0.00, 49.39, 1.00, 34.57, 1.00, 0.00, 0.00, 29.93, 1.00, 0.00, 0.00, 82.80, 1.00, 2.97, 33.47, 26.30, 88.18, 26.37, 84.89, 19.04, 81.75, 18.93, 69.15, 29.26, 28.36, -999
05/12/16 01, 0.56, 1.88, 4.24, 3.20, 3.42, 5.50, 2.69, 98.96, 1.00, 98.97, 1.00, 0.00, 0.00, 33.30, 1.00, 0.00, 0.00, 0.00, 0.00, 49.15, 1.00, 34.31, 1.00, 0.00, 0.00, 29.90, 1.00, 0.00, 0.00, 83.06, 1.00, 2.97, 33.53, 26.32, 91.25, 26.38, 85.35, 19.11, 82.27, 19.01, 69.33, 29.25, 28.35, -999
05/12/16 02, 0.46, 1.89, 4.77, 3.45, 3.84, 5.50, 3.01, 98.27, 1.00, 98.29, 1.00, 0.00, 0.00, 33.07, 1.00, 0.00, 0.00, 0.00, 0.00, 48.37, 1.00, 33.91, 1.00, 0.00, 0.00, 28.61, 1.00, 0.00, 0.00, 85.28, 1.00, 2.97, 33.90, 26.35, 91.65, 26.41, 86.85, 19.77, 83.59, 19.67, 73.98, 29.28, 28.38, -999
05/12/16 03, 0.50, 1.94, 5.31, 3.96, 3.85, 5.50, 4.13, 97.10, 1.00, 97.12, 1.00, 0.00, 0.00, 0.00, 0.00, 0.00, 0.00, 0.00, 0.00, 47.67, 1.00, 0.00, 0.00, 0.00, 0.00, 29.83, 1.00, 0.00, 0.00, 83.74, 1.00, 2.97, 34.53, 27.76, 76.50, 27.72, 89.43, 26.33, 64.86, 26.22, 76.78, 30.29, 29.39, -999
05/12/16 04, 0.74, 2.42, 5.10, 4.38, 3.47, 5.39, 4.29, 94.67, 1.00, 94.69, 1.00, 0.00, 0.00, 0.00, 0.00, 0.00, 0.00, 0.00, 0.00, 0.00, 0.00, 0.00, 0.00, 0.00, 0.00, 0.00, 0.00, 0.00, 0.00, 73.37, 1.00, 2.98, 35.83, 31.09, 76.46, 31.09, 70.63, 30.11, 64.58, 30.11, 60.28, 33.40, 32.50, -999
05/12/16 05, 1.12, 3.20, 4.90, 3.83, 3.12, 5.13, 3.18, 93.44, 1.00, 93.46, 1.00, 0.00, 0.00, 0.00, 0.00, 0.00, 0.00, 0.00, 0.00, 0.00, 0.00, 0.00, 0.00, 0.00, 0.00, 0.00, 0.00, 0.00, 0.00, 73.85, 1.00, 2.98, 36.49, 31.91, 76.70, 31.91, 67.59, 30.83, 64.03, 30.83, 60.09, 34.22, 33.32, -999
05/12/16 06, 1.50, 3.91, 4.74, 3.11, 2.72, 5.00, 2.70, 96.52, 1.00, 96.54, 1.00, 0.00, 0.00, 0.00, 0.00, 0.00, 0.00, 0.00, 0.00, 49.86, 1.00, 0.00, 0.00, 0.00, 0.00, 31.54, 1.00, 0.00, 0.00, 76.58, 1.00, 2.98, 34.84, 29.29, 73.13, 29.25, 86.86, 26.85, 62.91, 26.73, 71.60, 31.80, 30.90, -999
05/12/16 07, 1.64, 4.19, 4.39, 3.56, 2.16, 5.39, 3.68, 97.22, 1.00, 97.24, 1.00, 0.00, 0.00, 0.00, 0.00, 0.00, 0.00, 0.00, 0.00, 50.12, 1.00, 0.00, 0.00, 0.00, 0.00, 32.17, 1.00, 0.00, 0.00, 72.79, 1.00, 2.97, 34.46, 29.42, 72.02, 29.38, 86.49, 26.57, 60.89, 26.44, 69.12, 31.91, 31.01, -999
05/12/16 08, 1.72, 4.43, 4.01, 3.86, 1.38, 5.50, 4.02, 97.39, 1.00, 97.41, 1.00, 0.00, 0.00, 0.00, 0.00, 0.00, 0.00, 0.00, 0.00, 49.91, 1.00, 35.19, 1.00, 0.00, 0.00, 29.75, 1.00, 0.00, 0.00, 70.11, 1.00, 2.97, 34.37, 29.58, 73.41, 29.54, 87.05, 20.16, 81.81, 20.06, 70.85, 32.05, 31.15, -999
05/12/16 09, 1.65, 4.63, 3.70, 4.22, 1.89, 5.50, 4.38, 97.49, 1.00, 97.51, 1.00, 0.00, 0.00, 0.00, 0.00, 0.00, 0.00, 0.00, 0.00, 50.27, 1.00, 35.38, 1.00, 0.00, 0.00, 29.93, 1.00, 0.00, 0.00, 68.23, 1.00, 2.97, 34.32, 29.72, 69.74, 29.68, 86.49, 19.99, 81.30, 19.88, 70.10, 32.18, 31.28, -999
05/12/16 10, 1.59, 4.82, 3.26, 4.39, 2.27, 5.50, 4.52, 97.21, 1.00, 97.23, 1.00, 0.00, 0.00, 0.00, 0.00, 0.00, 0.00, 0.00, 0.00, 50.62, 1.00, 34.79, 1.00, 0.00, 0.00, 29.57, 1.00, 0.00, 0.00, 67.80, 1.00, 2.97, 34.47, 29.88, 68.21, 29.84, 85.96, 20.30, 82.63, 20.20, 71.57, 32.34, 31.44, -999
05/12/16 11, 1.59, 4.89, 3.08, 4.35, 2.83, 5.38, 4.24, 97.38, 1.00, 97.40, 1.00, 0.00, 0.00, 36.07, 1.00, 0.00, 0.00, 0.00, 0.00, 49.96, 1.00, 36.78, 1.00, 0.00, 0.00, 0.00, 0.00, 0.00, 0.00, 71.07, 1.00, 2.97, 34.38, 29.07, 89.31, 29.15, 86.56, 25.85, 84.60, 25.85, 58.39, 31.99, 31.09, -999
05/12/16 12, 1.65, 4.81, 3.58, 4.26, 3.34, 5.03, 2.66, 96.02, 1.00, 96.04, 1.00, 0.00, 0.00, 36.76, 1.00, 0.00, 0.00, 0.00, 0.00, 0.00, 0.00, 36.80, 1.00, 0.00, 0.00, 0.00, 0.00, 0.00, 0.00, 69.57, 1.00, 2.98, 35.11, 30.41, 89.40, 30.53, 65.97, 26.41, 85.13, 26.41, 57.18, 32.92, 32.02, -999
05/12/16 13, 1.70, 5.13, 4.07, 3.02, 3.79, 5.21, 2.84, 96.47, 1.00, 96.49, 1.00, 0.00, 0.00, 36.90, 1.00, 0.00, 0.00, 0.00, 0.00, 0.00, 0.00, 34.60, 1.00, 0.00, 0.00, 30.45, 1.00, 0.00, 0.00, 65.18, 1.00, 2.98, 34.87, 30.53, 89.28, 30.65, 54.53, 20.45, 83.11, 20.34, 68.88, 33.02, 32.12, -999
05/12/16 14, 1.78, 5.09, 4.53, 2.19, 3.64, 5.50, 3.38, 97.47, 1.00, 97.49, 1.00, 0.00, 0.00, 35.46, 1.00, 0.00, 0.00, 0.00, 0.00, 50.34, 1.00, 0.00, 0.00, 0.00, 0.00, 32.05, 1.00, 0.00, 0.00, 69.95, 1.00, 2.97, 34.33, 29.26, 90.56, 29.33, 86.01, 26.58, 62.69, 26.46, 69.56, 32.16, 31.26, -999
05/12/16 15, 1.83, 4.93, 5.03, 2.61, 2.90, 5.50, 4.04, 96.74, 1.00, 96.76, 1.00, 0.00, 0.00, 35.74, 1.00, 0.00, 0.00, 0.00, 0.00, 50.59, 1.00, 0.00, 0.00, 0.00, 0.00, 31.34, 1.00, 0.00, 0.00, 73.96, 1.00, 2.98, 34.72, 29.17, 89.98, 29.24, 85.41, 26.98, 63.04, 26.86, 72.42, 32.10, 31.20, -999
05/12/16 16, 1.93, 4.89, 5.28, 2.85, 2.33, 5.50, 4.53, 96.49, 1.00, 96.51, 1.00, 0.00, 0.00, 0.00, 0.00, 0.00, 0.00, 0.00, 0.00, 51.06, 1.00, 0.00, 0.00, 0.00, 0.00, 31.13, 1.00, 0.00, 0.00, 71.69, 1.00, 2.98, 34.86, 30.04, 71.66, 30.00, 85.23, 27.16, 60.86, 27.04, 73.32, 32.53, 31.63, -999
05/12/16 17, 2.10, 5.12, 4.85, 2.95, 1.52, 5.31, 3.88, 95.60, 1.00, 95.62, 1.00, 0.00, 0.00, 0.00, 0.00, 0.00, 0.00, 0.00, 0.00, 51.05, 1.00, 0.00, 0.00, 0.00, 0.00, 0.00, 0.00, 0.00, 0.00, 75.22, 1.00, 2.98, 35.33, 30.40, 72.52, 30.36, 85.61, 30.40, 61.43, 30.40, 56.96, 32.91, 32.01, -999
05/12/16 18, 2.17, 5.33, 4.47, 3.11, 2.06, 5.05, 2.54, 96.77, 1.00, 96.79, 1.00, 0.00, 0.00, 0.00, 0.00, 0.00, 0.00, 0.00, 0.00, 50.87, 1.00, 35.20, 1.00, 0.00, 0.00, 30.78, 1.00, 0.00, 0.00, 67.38, 1.00, 2.98, 34.71, 30.37, 73.43, 30.33, 85.94, 20.39, 82.01, 20.27, 67.72, 32.84, 31.94, -999
05/12/16 19, 2.11, 5.50, 4.14, 3.32, 2.52, 5.26, 2.77, 94.24, 1.00, 94.26, 1.00, 0.00, 0.00, 0.00, 0.00, 0.00, 0.00, 0.00, 0.00, 50.32, 1.00, 35.81, 1.00, 0.00, 0.00, 31.10, 1.00, 0.00, 0.00, 0.00, 0.00, 2.98, 36.06, 28.49, 70.76, 28.45, 85.15, 20.86, 81.42, 20.75, 67.12, 38.89, 29.86, -999
05/12/16 20, 2.31, 4.96, 3.73, 3.39, 2.80, 5.39, 2.69, 93.85, 1.00, 93.87, 1.00, 0.00, 0.00, 0.00, 0.00, 0.00, 0.00, 0.00, 0.00, 49.85, 1.00, 35.70, 1.00, 0.00, 0.00, 31.24, 1.00, 0.00, 0.00, 0.00, 0.00, 2.98, 36.27, 27.99, 70.20, 27.95, 85.58, 21.13, 81.88, 21.02, 66.93, 39.16, 29.36, -999
05/12/16 21, 2.51, 4.44, 3.30, 3.58, 3.11, 5.50, 2.53, 94.25, 1.00, 94.27, 1.00, 0.00, 0.00, 0.00, 0.00, 0.00, 0.00, 0.00, 0.00, 50.26, 1.00, 35.77, 1.00, 0.00, 0.00, 31.24, 1.00, 0.00, 0.00, 0.00, 0.00, 2.98, 36.05, 27.43, 67.10, 27.39, 84.21, 21.01, 81.64, 20.89, 66.78, 39.00, 28.81, -999
05/12/16 22, 2.67, 3.75, 3.15, 3.30, 3.34, 5.50, 2.44, 95.12, 1.00, 95.13, 1.00, 0.00, 0.00, 34.19, 1.00, 0.00, 0.00, 0.00, 0.00, 48.81, 1.00, 35.56, 1.00, 0.00, 0.00, 30.78, 1.00, 0.00, 0.00, 0.00, 0.00, 2.98, 35.59, 23.57, 87.04, 23.63, 83.24, 20.85, 81.86, 20.74, 68.18, 38.60, 25.34, -999
05/12/16 23, 2.78, 2.88, 3.59, 3.03, 3.59, 5.50, 2.50, 93.66, 1.00, 93.67, 1.00, 0.00, 0.00, 34.47, 1.00, 0.00, 0.00, 0.00, 0.00, 48.21, 1.00, 35.26, 1.00, 0.00, 0.00, 31.00, 1.00, 0.00, 0.00, 0.00, 0.00, 2.98, 36.37, 22.73, 85.72, 22.79, 83.54, 21.61, 83.12, 21.49, 68.19, 39.41, 24.49, -999
06/12/16 00, 2.96, 2.00, 3.97, 3.04, 4.00, 5.50, 2.54, 91.16, 1.00, 91.18, 1.00, 0.00, 0.00, 32.62, 1.00, 0.00, 0.00, 0.00, 0.00, 47.99, 1.00, 0.00, 0.00, 0.00, 0.00, 32.27, 1.00, 0.00, 0.00, 0.00, 0.00, 2.98, 37.69, 22.09, 88.11, 22.15, 83.28, 29.90, 63.05, 29.78, 72.10, 41.25, 23.83, -999
06/12/16 01, 3.34, 1.15, 4.42, 3.00, 3.26, 5.50, 3.13, 88.41, 1.00, 88.42, 1.00, 0.00, 0.00, 31.84, 1.00, 0.00, 0.00, 0.00, 0.00, 46.93, 1.00, 0.00, 0.00, 0.00, 0.00, 31.81, 1.00, 0.00, 0.00, 0.00, 0.00, 2.98, 39.13, 21.45, 88.69, 21.50, 84.55, 31.47, 62.01, 31.35, 75.28, 43.01, 23.16, -999
06/12/16 02, 3.71, 0.57, 4.90, 3.36, 2.47, 5.50, 4.11, 94.85, 1.00, 94.87, 1.00, 0.00, 0.00, 32.67, 1.00, 0.00, 0.00, 0.00, 0.00, 47.66, 1.00, 0.00, 0.00, 0.00, 0.00, 30.47, 1.00, 0.00, 0.00, 110.58, 1.00, 2.98, 35.73, 25.74, 91.68, 25.80, 87.53, 28.88, 62.68, 28.77, 77.24, 28.83, 27.93, -999
06/12/16 03, 3.77, 0.89, 5.43, 4.03, 1.92, 5.39, 4.30, 93.78, 1.00, 93.80, 1.00, 0.00, 0.00, 0.00, 0.00, 0.00, 0.00, 0.00, 0.00, 48.26, 1.00, 0.00, 0.00, 0.00, 0.00, 0.00, 0.00, 0.00, 0.00, 103.99, 1.00, 2.98, 36.30, 27.92, 76.61, 27.88, 88.52, 31.82, 62.71, 31.82, 60.46, 30.60, 29.70, -999
06/12/16 04, 3.98, 1.56, 5.22, 4.28, 1.52, 5.14, 3.24, 93.39, 1.00, 93.41, 1.00, 0.00, 0.00, 0.00, 0.00, 0.00, 0.00, 0.00, 0.00, 0.00, 0.00, 36.99, 1.00, 0.00, 0.00, 0.00, 0.00, 0.00, 0.00, 83.00, 1.00, 2.98, 36.51, 31.17, 77.39, 31.17, 68.95, 28.67, 87.03, 28.67, 60.15, 33.53, 32.63, -999
06/12/16 05, 4.09, 2.43, 5.09, 3.44, 2.35, 4.96, 2.62, 93.42, 1.00, 93.43, 1.00, 0.00, 0.00, 0.00, 0.00, 0.00, 0.00, 0.00, 0.00, 0.00, 0.00, 35.12, 1.00, 0.00, 0.00, 30.28, 1.00, 0.00, 0.00, 78.74, 1.00, 2.98, 36.50, 31.61, 76.40, 31.61, 68.57, 22.95, 84.72, 22.85, 71.94, 33.94, 33.04, -999
06/12/16 06, 4.09, 3.11, 4.89, 3.59, 3.06, 5.37, 3.77, 94.40, 1.00, 94.42, 1.00, 0.00, 0.00, 0.00, 0.00, 0.00, 0.00, 0.00, 0.00, 49.64, 1.00, 34.67, 1.00, 0.00, 0.00, 31.02, 1.00, 0.00, 0.00, 91.52, 1.00, 2.98, 35.97, 29.22, 74.93, 29.18, 87.23, 22.54, 85.08, 22.43, 69.09, 31.82, 30.92, -999
06/12/16 07, 4.00, 3.54, 4.62, 4.25, 3.77, 5.50, 4.20, 93.95, 1.00, 93.97, 1.00, 0.00, 0.00, 0.00, 0.00, 0.00, 0.00, 0.00, 0.00, 49.78, 1.00, 35.53, 1.00, 0.00, 0.00, 29.64, 1.00, 0.00, 0.00, 90.44, 1.00, 2.98, 36.22, 29.59, 74.82, 29.55, 87.31, 22.82, 83.87, 22.72, 73.88, 32.18, 31.28, -999
06/12/16 08, 4.04, 3.98, 4.35, 3.99, 3.92, 5.42, 4.43, 95.12, 1.00, 95.14, 1.00, 0.00, 0.00, 0.00, 0.00, 0.00, 0.00, 0.00, 0.00, 49.57, 1.00, 0.00, 0.00, 0.00, 0.00, 0.00, 0.00, 0.00, 0.00, 86.29, 1.00, 2.98, 35.59, 29.81, 70.11, 29.77, 87.95, 31.64, 63.78, 31.64, 57.58, 32.38, 31.48, -999
06/12/16 09, 4.17, 4.54, 3.90, 3.07, 3.31, 5.03, 2.65, 94.54, 1.00, 94.56, 1.00, 0.00, 0.00, 0.00, 0.00, 0.00, 0.00, 0.00, 0.00, 0.00, 0.00, 0.00, 0.00, 0.00, 0.00, 0.00, 0.00, 0.00, 0.00, 67.79, 1.00, 2.98, 35.90, 32.71, 70.98, 32.71, 63.09, 31.99, 61.57, 31.99, 57.00, 34.99, 34.09, -999
06/12/16 10, 4.17, 5.08, 3.50, 3.16, 2.46, 5.26, 2.93, 95.08, 1.00, 95.10, 1.00, 0.00, 0.00, 0.00, 0.00, 0.00, 0.00, 0.00, 0.00, 51.39, 1.00, 0.00, 0.00, 0.00, 0.00, 32.67, 1.00, 0.00, 0.00, 80.40, 1.00, 2.98, 35.61, 30.54, 69.85, 30.50, 85.07, 28.79, 60.63, 28.67, 69.56, 33.08, 32.18, -999
06/12/16 11, 4.15, 5.38, 3.07, 3.29, 1.60, 5.50, 3.38, 94.63, 1.00, 94.65, 1.00, 0.00, 0.00, 0.00, 0.00, 0.00, 0.00, 0.00, 0.00, 50.46, 1.00, 0.00, 0.00, 0.00, 0.00, 31.90, 1.00, 0.00, 0.00, 79.55, 1.00, 2.98, 35.85, 30.85, 72.12, 30.81, 87.26, 29.01, 61.86, 28.90, 72.51, 33.38, 32.48, -999
06/12/16 12, 4.06, 5.42, 3.42, 3.32, 1.95, 5.50, 3.83, 95.39, 1.00, 95.41, 1.00, 0.00, 0.00, 37.26, 1.00, 0.00, 0.00, 0.00, 0.00, 50.01, 1.00, 35.55, 1.00, 0.00, 0.00, 29.44, 1.00, 0.00, 0.00, 80.48, 1.00, 2.98, 35.45, 29.73, 87.81, 29.81, 87.12, 22.20, 83.20, 22.09, 73.88, 32.72, 31.82, -999
06/12/16 13, 3.91, 5.34, 3.86, 3.20, 2.51, 5.50, 4.71, 96.01, 1.00, 96.03, 1.00, 0.00, 0.00, 35.12, 1.00, 0.00, 0.00, 0.00, 0.00, 50.46, 1.00, 35.84, 1.00, 0.00, 0.00, 29.84, 1.00, 0.00, 0.00, 78.04, 1.00, 2.98, 35.12, 29.68, 91.57, 29.75, 86.18, 21.63, 82.14, 21.52, 72.02, 32.62, 31.72, -999
06/12/16 14, 3.82, 5.29, 4.41, 3.15, 2.92, 5.22, 3.51, 95.49, 1.00, 95.51, 1.00, 0.00, 0.00, 35.87, 1.00, 0.00, 0.00, 0.00, 0.00, 50.33, 1.00, 37.23, 1.00, 0.00, 0.00, 0.00, 0.00, 0.00, 0.00, 81.32, 1.00, 2.98, 35.39, 29.64, 90.23, 29.71, 86.41, 27.81, 85.74, 27.81, 56.56, 32.61, 31.71, -999
06/12/16 15, 3.75, 5.23, 4.90, 3.20, 3.48, 4.96, 2.19, 95.45, 1.00, 95.47, 1.00, 0.00, 0.00, 35.82, 1.00, 0.00, 0.00, 0.00, 0.00, 50.10, 1.00, 34.83, 1.00, 0.00, 0.00, 31.50, 1.00, 0.00, 0.00, 80.67, 1.00, 2.98, 35.42, 29.58, 90.26, 29.65, 86.79, 21.69, 83.96, 21.58, 66.57, 32.55, 31.65, -999
06/12/16 16, 3.63, 5.23, 5.24, 3.33, 3.97, 5.07, 2.05, 95.08, 1.00, 95.09, 1.00, 0.00, 0.00, 0.00, 0.00, 0.00, 0.00, 0.00, 0.00, 50.61, 1.00, 0.00, 0.00, 0.00, 0.00, 32.86, 1.00, 0.00, 0.00, 77.93, 1.00, 2.98, 35.61, 30.63, 74.00, 30.58, 86.72, 28.40, 63.42, 28.27, 68.45, 33.15, 32.25, -999
06/12/16 17, 3.86, 5.48, 4.90, 3.26, 3.29, 5.31, 2.37, 90.13, 1.00, 90.15, 1.00, 0.00, 0.00, 0.00, 0.00, 0.00, 0.00, 0.00, 0.00, 3.77, 1.00, 0.00, 0.00, 0.00, 0.00, 33.51, 1.00, 0.00, 0.00, 0.00, 0.00, 2.98, 38.23, 30.46, 74.03, 30.46, 64.20, 30.58, 62.47, 30.45, 68.23, 42.07, 31.65, -999
06/12/16 18, 4.23, 5.39, 4.59, 3.29, 2.57, 5.49, 2.46, 90.30, 1.00, 90.32, 1.00, 0.00, 0.00, 0.00, 0.00, 0.00, 0.00, 50.52, 1.00, 0.00, 0.00, 0.00, 0.00, 0.00, 0.00, 33.39, 1.00, 0.00, 0.00, 0.00, 0.00, 2.98, 38.14, 28.37, 73.31, 28.32, 84.76, 30.68, 62.18, 30.55, 68.78, 42.06, 29.74, -999
06/12/16 19, 4.58, 4.86, 4.25, 3.07, 1.91, 5.50, 2.92, 112.42, 1.00, 0.00, 0.00, 0.00, 0.00, 0.00, 0.00, 0.00, 0.00, 50.62, 1.00, 0.00, 0.00, 0.00, 0.00, 0.00, 0.00, 32.69, 1.00, 0.00, 0.00, 0.00, 0.00, 2.99, 26.09, 27.82, 70.60, 27.78, 83.97, 29.24, 60.06, 29.12, 69.92, 38.73, 29.20, -999
06/12/16 20, 4.50, 4.32, 3.82, 3.01, 1.67, 5.50, 2.97, 113.50, 1.00, 0.00, 0.00, 0.00, 0.00, 0.00, 0.00, 0.00, 0.00, 50.65, 1.00, 0.00, 0.00, 36.12, 1.00, 0.00, 0.00, 30.69, 1.00, 0.00, 0.00, 0.00, 0.00, 2.99, 25.48, 27.28, 71.19, 27.24, 83.36, 21.93, 81.93, 21.82, 69.56, 38.09, 28.66, -999
06/12/16 21, 4.32, 3.78, 3.43, 2.69, 2.07, 5.50, 3.21, 113.92, 1.00, 0.00, 0.00, 0.00, 0.00, 0.00, 0.00, 0.00, 0.00, 50.55, 1.00, 0.00, 0.00, 36.11, 1.00, 0.00, 0.00, 31.38, 1.00, 0.00, 0.00, 0.00, 0.00, 2.99, 25.24, 26.75, 70.43, 26.71, 83.03, 21.49, 81.51, 21.37, 66.81, 37.84, 28.13, 1
06/12/16 22, 4.12, 3.25, 3.03, 2.91, 2.38, 5.50, 2.73, 114.95, 1.00, 0.00, 0.00, 0.00, 0.00, 0.00, 0.00, 0.00, 0.00, 50.25, 1.00, 0.00, 0.00, 35.91, 1.00, 0.00, 0.00, 31.33, 1.00, 0.00, 0.00, 0.00, 0.00, 2.99, 24.65, 26.24, 66.51, 26.20, 83.12, 20.95, 81.33, 20.83, 66.42, 37.29, 27.62, 1
06/12/16 23, 3.88, 2.37, 3.32, 2.82, 2.65, 5.49, 2.27, 114.01, 1.00, 0.00, 0.00, 0.00, 0.00, 34.47, 1.00, 0.00, 0.00, 48.63, 1.00, 0.00, 0.00, 35.73, 1.00, 0.00, 0.00, 31.25, 1.00, 0.00, 0.00, 0.00, 0.00, 2.99, 25.19, 22.17, 85.17, 22.24, 82.27, 21.48, 82.18, 21.36, 67.23, 37.68, 23.94, 1
07/12/16 00, 3.73, 1.49, 3.69, 3.02, 3.02, 5.50, 2.47, 113.12, 1.00, 0.00, 0.00, 0.00, 0.00, 32.28, 1.00, 0.00, 0.00, 48.10, 1.00, 0.00, 0.00, 35.42, 1.00, 0.00, 0.00, 30.26, 1.00, 0.00, 0.00, 0.00, 0.00, 2.99, 25.69, 21.61, 88.17, 21.66, 82.64, 22.17, 83.41, 22.06, 71.21, 38.02, 23.34, 1
07/12/16 01, 3.67, 0.64, 4.16, 3.20, 3.50, 5.50, 3.09, 112.98, 1.00, 0.00, 0.00, 0.00, 0.00, 32.88, 1.00, 0.00, 0.00, 47.16, 1.00, 0.00, 0.00, 35.03, 1.00, 0.00, 0.00, 30.31, 1.00, 0.00, 0.00, 0.00, 0.00, 2.99, 25.77, 20.80, 86.41, 20.85, 83.54, 22.28, 84.20, 22.17, 71.18, 38.05, 22.52, 1
07/12/16 02, 3.33, 0.51, 4.58, 3.45, 4.04, 5.50, 3.58, 116.46, 1.00, 0.00, 0.00, 0.00, 0.00, 32.72, 1.00, 0.00, 0.00, 48.56, 1.00, 0.00, 0.00, 0.00, 0.00, 0.00, 0.00, 30.77, 1.00, 0.00, 0.00, 99.84, 1.00, 2.99, 23.79, 25.25, 91.11, 25.31, 85.43, 27.23, 64.16, 27.12, 74.61, 28.27, 27.37, 1
07/12/16 03, 3.03, 0.70, 5.11, 3.96, 3.47, 5.50, 4.50, 116.47, 1.00, 0.00, 0.00, 0.00, 0.00, 32.69, 1.00, 0.00, 0.00, 47.86, 1.00, 0.00, 0.00, 0.00, 0.00, 0.00, 0.00, 29.96, 1.00, 0.00, 0.00, 98.38, 1.00, 2.99, 23.78, 25.43, 91.33, 25.48, 86.90, 27.27, 64.08, 27.17, 77.28, 28.43, 27.53, 1
07/12/16 04, 2.86, 1.07, 5.12, 4.38, 3.00, 5.34, 4.19, 115.22, 1.00, 0.00, 0.00, 0.00, 0.00, 0.00, 0.00, 0.00, 0.00, 47.46, 1.00, 0.00, 0.00, 0.00, 0.00, 0.00, 0.00, 0.00, 0.00, 0.00, 0.00, 92.53, 1.00, 2.99, 24.50, 27.39, 75.46, 27.36, 89.51, 30.23, 64.14, 30.23, 61.10, 29.98, 29.08, 1
07/12/16 05, 2.86, 1.81, 4.87, 3.83, 2.66, 5.13, 3.38, 115.37, 1.00, 0.00, 0.00, 0.00, 0.00, 0.00, 0.00, 0.00, 0.00, 0.00, 0.00, 0.00, 0.00, 0.00, 0.00, 0.00, 0.00, 0.00, 0.00, 0.00, 0.00, 70.37, 1.00, 2.99, 24.41, 30.20, 75.99, 30.20, 67.94, 30.28, 63.22, 30.28, 59.77, 32.49, 31.59, 1
07/12/16 06, 2.82, 2.54, 4.66, 3.11, 2.18, 4.86, 2.38, 115.47, 1.00, 0.00, 0.00, 0.00, 0.00, 0.00, 0.00, 0.00, 0.00, 0.00, 0.00, 0.00, 0.00, 0.00, 0.00, 0.00, 0.00, 31.67, 1.00, 0.00, 0.00, 65.69, 1.00, 2.99, 24.36, 30.53, 75.27, 30.53, 64.59, 27.58, 61.91, 27.47, 71.89, 32.79, 31.89, 1
07/12/16 07, 2.64, 2.96, 4.41, 3.56, 1.54, 5.26, 3.44, 116.71, 1.00, 0.00, 0.00, 0.00, 0.00, 0.00, 0.00, 0.00, 0.00, 49.12, 1.00, 0.00, 0.00, 0.00, 0.00, 0.00, 0.00, 32.15, 1.00, 0.00, 0.00, 77.08, 1.00, 2.99, 23.65, 28.39, 73.75, 28.35, 87.44, 26.83, 61.16, 26.71, 69.46, 30.90, 30.00, 1
07/12/16 08, 2.31, 3.18, 4.10, 3.86, 1.95, 5.50, 3.69, 120.00, 1.00, 0.00, 0.00, 0.00, 0.00, 0.00, 0.00, 0.00, 0.00, 49.81, 1.00, 0.00, 0.00, 34.84, 1.00, 0.00, 0.00, 30.16, 1.00, 0.00, 0.00, 60.83, 1.00, 2.99, 21.75, 28.11, 71.46, 28.07, 85.84, 18.46, 80.71, 18.35, 67.82, 30.54, 29.64, 1
07/12/16 09, 1.90, 3.29, 3.71, 4.22, 2.31, 5.50, 3.90, 119.18, 1.00, 0.00, 0.00, 0.00, 0.00, 0.00, 0.00, 0.00, 0.00, 50.60, 1.00, 0.00, 0.00, 35.45, 1.00, 0.00, 0.00, 29.57, 1.00, 0.00, 0.00, 63.26, 1.00, 2.99, 22.22, 28.24, 69.96, 28.20, 84.42, 18.93, 80.12, 18.83, 70.20, 30.69, 29.79, 1
07/12/16 10, 1.55, 3.41, 3.28, 4.39, 2.47, 5.50, 4.18, 119.98, 1.00, 0.00, 0.00, 0.00, 0.00, 0.00, 0.00, 0.00, 0.00, 50.42, 1.00, 0.00, 0.00, 35.02, 1.00, 0.00, 0.00, 29.23, 1.00, 0.00, 0.00, 58.02, 1.00, 2.99, 21.76, 28.28, 71.22, 28.24, 84.81, 18.59, 80.52, 18.49, 70.90, 30.70, 29.80, 1
07/12/16 11, 1.20, 3.48, 2.91, 4.35, 2.72, 5.50, 4.56, 120.50, 1.00, 0.00, 0.00, 0.00, 0.00, 36.38, 1.00, 0.00, 0.00, 49.98, 1.00, 0.00, 0.00, 34.47, 1.00, 0.00, 0.00, 29.24, 1.00, 0.00, 0.00, 59.95, 1.00, 2.99, 21.46, 27.31, 86.99, 27.38, 84.81, 18.37, 81.25, 18.27, 70.68, 30.17, 29.27, 1
07/12/16 12, 0.96, 3.28, 3.35, 4.26, 3.09, 5.50, 4.85, 98.00, 1.00, 98.02, 1.00, 0.00, 0.00, 35.47, 1.00, 0.00, 0.00, 49.94, 1.00, 0.00, 0.00, 36.39, 1.00, 0.00, 0.00, 0.00, 0.00, 0.00, 0.00, 78.38, 1.00, 2.97, 34.05, 27.62, 88.91, 27.69, 85.20, 25.32, 84.78, 25.32, 57.34, 30.57, 29.67, 1
07/12/16 13, 1.02, 3.21, 3.83, 3.02, 3.63, 5.10, 2.95, 97.60, 1.00, 97.62, 1.00, 0.00, 0.00, 35.43, 1.00, 0.00, 0.00, 49.51, 1.00, 0.00, 0.00, 37.12, 1.00, 0.00, 0.00, 0.00, 0.00, 0.00, 0.00, 80.46, 1.00, 2.97, 34.26, 27.59, 88.94, 27.65, 85.99, 25.39, 83.52, 25.39, 57.08, 30.53, 29.63, 1
07/12/16 14, 1.05, 3.39, 4.31, 2.19, 3.85, 5.03, 2.35, 98.21, 1.00, 98.23, 1.00, 0.00, 0.00, 35.31, 1.00, 0.00, 0.00, 0.00, 0.00, 0.00, 0.00, 34.29, 1.00, 0.00, 0.00, 30.71, 1.00, 0.00, 0.00, 68.79, 1.00, 2.97, 33.93, 29.04, 90.60, 29.15, 63.47, 19.45, 82.62, 19.33, 67.02, 31.53, 30.63, 1
07/12/16 15, 1.07, 3.63, 4.82, 2.61, 3.55, 5.22, 2.47, 97.87, 1.00, 97.89, 1.00, 0.00, 0.00, 35.29, 1.00, 0.00, 0.00, 50.42, 1.00, 0.00, 0.00, 0.00, 0.00, 0.00, 0.00, 32.03, 1.00, 0.00, 0.00, 76.83, 1.00, 2.97, 34.11, 27.94, 89.55, 28.01, 84.58, 26.02, 62.82, 25.90, 69.08, 30.88, 29.98, 1
07/12/16 16, 1.14, 3.54, 5.28, 2.85, 2.84, 5.48, 2.93, 97.76, 1.00, 97.78, 1.00, 0.00, 0.00, 34.93, 1.00, 0.00, 0.00, 49.87, 1.00, 0.00, 0.00, 0.00, 0.00, 0.00, 0.00, 32.14, 1.00, 0.00, 0.00, 77.97, 1.00, 2.97, 34.17, 27.90, 90.12, 27.96, 85.61, 26.09, 62.33, 25.97, 68.75, 30.83, 29.93, 1
07/12/16 17, 1.23, 3.78, 4.94, 2.95, 2.17, 5.50, 3.41, 97.12, 1.00, 97.14, 1.00, 0.00, 0.00, 0.00, 0.00, 0.00, 0.00, 50.76, 1.00, 0.00, 0.00, 0.00, 0.00, 0.00, 0.00, 31.10, 1.00, 0.00, 0.00, 75.03, 1.00, 2.97, 34.52, 29.06, 72.84, 29.02, 84.94, 26.54, 61.03, 26.42, 72.80, 31.57, 30.67, 1
07/12/16 18, 1.36, 4.03, 4.57, 3.11, 1.40, 5.50, 4.07, 97.56, 1.00, 97.58, 1.00, 0.00, 0.00, 0.00, 0.00, 0.00, 0.00, 50.65, 1.00, 0.00, 0.00, 35.57, 1.00, 0.00, 0.00, 29.13, 1.00, 0.00, 0.00, 71.36, 1.00, 2.97, 34.28, 29.20, 72.51, 29.15, 85.27, 19.97, 80.95, 19.87, 72.59, 31.68, 30.78, 1
07/12/16 19, 1.31, 4.25, 4.20, 3.32, 1.78, 5.50, 4.76, 97.53, 1.00, 97.55, 1.00, 0.00, 0.00, 0.00, 0.00, 0.00, 0.00, 50.12, 1.00, 0.00, 0.00, 35.54, 1.00, 0.00, 0.00, 29.73, 1.00, 0.00, 0.00, 69.76, 1.00, 2.97, 34.30, 29.38, 72.28, 29.34, 86.49, 19.81, 80.83, 19.70, 70.56, 31.85, 30.95, 1
07/12/16 20, 1.37, 4.46, 3.83, 3.39, 2.15, 5.20, 3.35, 97.59, 1.00, 97.61, 1.00, 0.00, 0.00, 0.00, 0.00, 0.00, 0.00, 51.00, 1.00, 0.00, 0.00, 37.50, 1.00, 0.00, 0.00, 0.00, 0.00, 0.00, 0.00, 69.06, 1.00, 2.97, 34.27, 29.54, 72.01, 29.50, 84.91, 25.52, 82.94, 25.52, 57.10, 32.02, 31.12, 1
07/12/16 21, 1.37, 4.64, 3.48, 3.58, 2.45, 5.11, 2.62, 98.46, 1.00, 98.48, 1.00, 0.00, 0.00, 0.00, 0.00, 0.00, 0.00, 51.25, 1.00, 0.00, 0.00, 35.25, 1.00, 0.00, 0.00, 30.94, 1.00, 0.00, 0.00, 63.98, 1.00, 2.97, 33.80, 29.59, 67.78, 29.55, 84.46, 19.16, 80.71, 19.05, 65.96, 32.04, 31.14, 1
07/12/16 22, 1.26, 4.77, 2.98, 3.30, 2.70, 5.08, 2.10, 98.14, 1.00, 98.16, 1.00, 0.00, 0.00, 37.15, 1.00, 0.00, 0.00, 51.08, 1.00, 0.00, 0.00, 35.24, 1.00, 0.00, 0.00, 31.00, 1.00, 0.00, 0.00, 68.08, 1.00, 2.97, 33.97, 28.79, 87.07, 28.86, 84.11, 19.27, 80.83, 19.15, 65.86, 31.71, 30.81, 1
07/12/16 23, 1.17, 4.56, 3.41, 3.03, 2.93, 5.07, 1.70, 98.40, 1.00, 98.42, 1.00, 0.00, 0.00, 36.30, 1.00, 0.00, 0.00, 50.15, 1.00, 0.00, 0.00, 34.73, 1.00, 0.00, 0.00, 30.82, 1.00, 0.00, 0.00, 68.04, 1.00, 2.97, 33.83, 28.66, 88.49, 28.73, 85.91, 19.28, 81.72, 19.17, 66.48, 31.56, 30.66, 1
08/12/16 00, 1.08, 4.37, 3.88, 3.04, 3.30, 5.19, 1.73, 97.73, 1.00, 97.75, 1.00, 0.00, 0.00, 35.72, 1.00, 0.00, 0.00, 49.63, 1.00, 0.00, 0.00, 34.77, 1.00, 0.00, 0.00, 30.81, 1.00, 0.00, 0.00, 71.23, 1.00, 2.97, 34.19, 28.59, 89.44, 28.66, 86.76, 19.52, 81.88, 19.41, 66.74, 31.49, 30.59, 1
08/12/16 01, 1.04, 4.26, 4.36, 3.00, 3.64, 5.33, 1.83, 97.31, 1.00, 97.33, 1.00, 0.00, 0.00, 35.75, 1.00, 0.00, 0.00, 0.00, 0.00, -0.88, 1.00, 34.50, 1.00, 0.00, 0.00, 30.28, 1.00, 0.00, 0.00, 65.85, 1.00, 2.97, 34.41, 29.80, 90.60, 29.91, 63.70, 19.82, 82.65, 19.72, 68.80, 32.27, 31.37, 1
08/12/16 02, 1.07, 4.57, 4.86, 3.36, 4.07, 5.50, 2.61, 96.64, 1.00, 96.66, 1.00, 0.00, 0.00, 34.79, 1.00, 0.00, 0.00, 0.00, 0.00, 0.43, 1.00, 0.00, 0.00, 0.00, 0.00, 31.09, 1.00, 0.00, 0.00, 67.57, 1.00, 2.98, 34.78, 30.17, 92.63, 30.28, 64.08, 26.66, 64.42, 26.54, 72.96, 32.65, 31.75, 1
08/12/16 03, 1.23, 4.63, 5.24, 4.03, 3.54, 5.50, 3.40, 95.87, 1.00, 95.89, 1.00, 0.00, 0.00, 0.00, 0.00, 0.00, 0.00, 49.56, 1.00, 0.00, 0.00, 0.00, 0.00, 0.00, 0.00, 30.04, 1.00, 0.00, 0.00, 74.01, 1.00, 2.98, 35.19, 29.93, 75.76, 29.89, 88.14, 27.21, 64.21, 27.10, 76.98, 32.42, 31.52, 1
08/12/16 04, 1.43, 4.89, 4.99, 4.28, 3.08, 5.50, 4.69, 95.18, 1.00, 95.20, 1.00, 0.00, 0.00, 0.00, 0.00, 0.00, 0.00, 49.79, 1.00, 0.00, 0.00, 0.00, 0.00, 0.00, 0.00, 30.12, 1.00, 0.00, 0.00, 75.44, 1.00, 2.98, 35.56, 30.23, 76.05, 30.19, 87.99, 27.60, 64.17, 27.49, 77.10, 32.73, 31.83, 1
08/12/16 05, 1.76, 5.22, 4.78, 3.44, 2.72, 5.26, 3.71, 93.77, 1.00, 93.79, 1.00, 0.00, 0.00, 0.00, 0.00, 0.00, 0.00, 0.00, 0.00, 0.00, 0.00, 0.00, 0.00, 0.00, 0.00, 0.00, 0.00, 0.00, 0.00, 63.58, 1.00, 2.98, 36.31, 33.03, 76.35, 33.03, 67.31, 31.05, 63.69, 31.05, 58.46, 35.29, 34.39, 1
08/12/16 06, 2.25, 5.50, 4.60, 3.59, 2.33, 5.03, 2.60, 91.10, 1.00, 91.12, 1.00, 0.00, 0.00, 0.00, 0.00, 0.00, 0.00, 0.00, 0.00, 0.00, 0.00, 0.00, 0.00, 0.00, 0.00, 32.80, 1.00, 0.00, 0.00, 0.00, 0.00, 2.98, 37.72, 30.50, 75.28, 30.50, 66.03, 29.55, 62.26, 29.42, 69.81, 41.12, 31.69, 1
08/12/16 07, 2.67, 5.24, 4.36, 4.25, 1.73, 5.33, 3.13, 89.66, 1.00, 89.68, 1.00, 0.00, 0.00, 0.00, 0.00, 0.00, 0.00, 50.21, 1.00, 0.00, 0.00, 0.00, 0.00, 0.00, 0.00, 32.94, 1.00, 0.00, 0.00, 0.00, 0.00, 2.98, 38.47, 28.24, 72.54, 28.20, 85.26, 30.40, 60.85, 30.27, 70.16, 42.08, 29.61, 1
08/12/16 08, 3.04, 4.71, 4.00, 3.99, 1.59, 5.50, 3.68, 91.60, 1.00, 91.62, 1.00, 0.00, 0.00, 0.00, 0.00, 0.00, 0.00, 49.83, 1.00, 0.00, 0.00, 36.55, 1.00, 0.00, 0.00, 30.22, 1.00, 0.00, 0.00, 0.00, 0.00, 2.98, 37.46, 27.73, 70.70, 27.69, 85.50, 22.61, 81.84, 22.51, 71.79, 40.65, 29.11, 1
08/12/16 09, 3.32, 4.18, 3.58, 3.07, 1.96, 5.50, 4.21, 92.21, 1.00, 92.22, 1.00, 0.00, 0.00, 0.00, 0.00, 0.00, 0.00, 50.01, 1.00, 0.00, 0.00, 36.29, 1.00, 0.00, 0.00, 30.50, 1.00, 0.00, 0.00, 0.00, 0.00, 2.98, 37.14, 27.19, 69.49, 27.15, 84.56, 22.42, 82.12, 22.31, 70.68, 40.38, 28.57, 1
08/12/16 10, 3.54, 3.65, 3.14, 3.16, 2.34, 5.50, 4.45, 92.13, 1.00, 92.15, 1.00, 0.00, 0.00, 0.00, 0.00, 0.00, 0.00, 49.00, 1.00, 0.00, 0.00, 35.95, 1.00, 0.00, 0.00, 30.58, 1.00, 0.00, 0.00, 0.00, 0.00, 2.98, 37.18, 26.73, 69.51, 26.70, 86.01, 22.62, 82.94, 22.51, 70.64, 40.49, 28.10, 1
08/12/16 11, 3.76, 2.89, 3.28, 3.29, 2.80, 5.50, 4.62, 92.36, 1.00, 92.38, 1.00, 0.00, 0.00, 33.73, 1.00, 0.00, 0.00, 48.11, 1.00, 0.00, 0.00, 35.76, 1.00, 0.00, 0.00, 30.45, 1.00, 0.00, 0.00, 0.00, 0.00, 2.98, 37.06, 22.84, 87.08, 22.91, 83.93, 22.68, 83.33, 22.57, 71.12, 40.43, 24.59, 1
08/12/16 12, 3.98, 2.03, 3.72, 3.32, 3.29, 5.40, 4.31, 89.79, 1.00, 89.81, 1.00, 0.00, 0.00, 34.24, 1.00, 0.00, 0.00, 47.48, 1.00, 0.00, 0.00, 38.09, 1.00, 0.00, 0.00, 0.00, 0.00, 0.00, 0.00, 0.00, 0.00, 2.98, 38.41, 21.99, 85.38, 22.05, 84.16, 30.12, 86.43, 30.12, 56.13, 42.25, 23.74, 1
08/12/16 13, 4.35, 1.28, 4.09, 3.20, 3.82, 4.96, 2.28, 91.92, 1.00, 91.94, 1.00, 0.00, 0.00, 34.88, 1.00, 0.00, 0.00, 0.00, 0.00, 0.00, 0.00, 35.86, 1.00, 0.00, 0.00, 31.06, 1.00, 0.00, 0.00, 0.00, 0.00, 2.98, 37.29, 25.16, 87.47, 25.26, 61.01, 22.97, 83.43, 22.85, 69.36, 40.84, 26.55, 1
08/12/16 14, 4.50, 0.77, 4.50, 3.15, 3.59, 5.28, 2.98, 111.50, 1.00, 0.00, 0.00, 0.00, 0.00, 32.65, 1.00, 0.00, 0.00, 47.77, 1.00, 0.00, 0.00, 0.00, 0.00, 0.00, 0.00, 32.96, 1.00, 0.00, 0.00, 0.00, 0.00, 2.99, 26.61, 20.89, 86.86, 20.95, 82.53, 29.47, 63.41, 29.34, 69.16, 39.08, 22.62, 1
08/12/16 15, 4.28, 0.64, 4.93, 3.20, 2.97, 5.50, 3.27, 117.09, 1.00, 0.00, 0.00, 0.00, 0.00, 33.54, 1.00, 0.00, 0.00, 49.20, 1.00, 0.00, 0.00, 0.00, 0.00, 0.00, 0.00, 31.59, 1.00, 0.00, 0.00, 97.85, 1.00, 2.99, 23.43, 25.26, 89.80, 25.32, 84.26, 27.00, 61.33, 26.88, 71.57, 28.29, 27.39, 1
08/12/16 16, 3.88, 0.79, 5.41, 3.33, 2.13, 5.50, 3.72, 116.17, 1.00, 0.00, 0.00, 0.00, 0.00, 0.00, 0.00, 0.00, 0.00, 49.95, 1.00, 0.00, 0.00, 0.00, 0.00, 0.00, 0.00, 31.67, 1.00, 0.00, 0.00, 92.29, 1.00, 2.99, 23.95, 26.93, 74.19, 26.89, 84.37, 27.40, 61.09, 27.28, 71.71, 29.53, 28.63, 1
08/12/16 17, 3.54, 1.21, 5.07, 3.26, 1.56, 5.50, 4.09, 117.88, 1.00, 0.00, 0.00, 0.00, 0.00, 0.00, 0.00, 0.00, 0.00, 49.66, 1.00, 0.00, 0.00, 35.43, 1.00, 0.00, 0.00, 29.71, 1.00, 0.00, 0.00, 83.34, 1.00, 2.99, 22.97, 26.90, 72.84, 26.86, 84.91, 19.87, 81.10, 19.77, 70.71, 29.44, 28.54, 1
08/12/16 18, 3.12, 1.56, 4.70, 3.29, 1.95, 5.50, 4.41, 119.09, 1.00, 0.00, 0.00, 0.00, 0.00, 0.00, 0.00, 0.00, 0.00, 49.49, 1.00, 0.00, 0.00, 34.99, 1.00, 0.00, 0.00, 29.55, 1.00, 0.00, 0.00, 76.78, 1.00, 2.99, 22.27, 26.96, 72.77, 26.92, 85.29, 19.23, 81.22, 19.13, 70.56, 29.47, 28.57, 1
08/12/16 19, 2.68, 1.83, 4.33, 3.07, 2.35, 5.50, 4.67, 119.14, 1.00, 0.00, 0.00, 0.00, 0.00, 0.00, 0.00, 0.00, 0.00, 50.17, 1.00, 0.00, 0.00, 34.92, 1.00, 0.00, 0.00, 29.87, 1.00, 0.00, 0.00, 74.62, 1.00, 2.99, 22.25, 27.13, 72.93, 27.09, 84.15, 19.10, 81.20, 18.99, 69.42, 29.63, 28.73, 1
08/12/16 20, 2.27, 2.08, 3.99, 3.01, 2.71, 5.50, 4.60, 120.41, 1.00, 0.00, 0.00, 0.00, 0.00, 0.00, 0.00, 0.00, 0.00, 50.04, 1.00, 0.00, 0.00, 34.97, 1.00, 0.00, 0.00, 29.40, 1.00, 0.00, 0.00, 67.54, 1.00, 2.99, 21.51, 27.15, 70.74, 27.11, 84.42, 18.37, 80.39, 18.26, 70.17, 29.61, 28.71, 1
08/12/16 21, 1.83, 2.25, 3.58, 2.69, 2.91, 5.50, 4.75, 120.56, 1.00, 0.00, 0.00, 0.00, 0.00, 0.00, 0.00, 0.00, 0.00, 50.19, 1.00, 0.00, 0.00, 34.47, 1.00, 0.00, 0.00, 30.04, 1.00, 0.00, 0.00, 65.18, 1.00, 2.99, 21.43, 27.26, 69.99, 27.22, 84.25, 18.20, 81.07, 18.09, 67.95, 29.71, 28.81, 1
08/12/16 22, 1.42, 2.40, 3.15, 2.91, 3.23, 5.50, 4.30, 121.21, 1.00, 0.00, 0.00, 0.00, 0.00, 0.00, 0.00, 0.00, 0.00, 50.50, 1.00, 0.00, 0.00, 34.27, 1.00, 0.00, 0.00, 29.46, 1.00, 0.00, 0.00, 60.63, 1.00, 2.99, 21.04, 27.30, 68.57, 27.26, 83.67, 17.94, 81.15, 17.83, 69.54, 29.73, 28.83, 1
08/12/16 23, 1.00, 2.27, 3.28, 2.82, 3.54, 5.50, 4.38, 121.93, 1.00, 0.00, 0.00, 0.00, 0.00, 35.62, 1.00, 0.00, 0.00, 49.87, 1.00, 0.00, 0.00, 34.27, 1.00, 0.00, 0.00, 29.47, 1.00, 0.00, 0.00, 62.35, 1.00, 2.99, 20.62, 26.23, 87.26, 26.30, 83.93, 17.45, 80.67, 17.34, 69.01, 29.09, 28.19, 1
09/12/16 00, 0.78, 2.17, 3.72, 3.02, 3.76, 5.50, 4.35, 98.55, 1.00, 98.57, 1.00, 0.00, 0.00, 34.79, 1.00, 0.00, 0.00, 49.06, 1.00, 0.00, 0.00, 34.54, 1.00, 0.00, 0.00, 29.14, 1.00, 0.00, 0.00, 83.19, 1.00, 2.97, 33.75, 26.58, 89.04, 26.64, 85.85, 19.54, 82.30, 19.44, 72.14, 29.53, 28.63, 1
09/12/16 01, 0.73, 2.16, 4.20, 3.20, 3.84, 5.50, 4.95, 96.65, 1.00, 96.67, 1.00, 0.00, 0.00, 34.09, 1.00, 0.00, 0.00, 48.27, 1.00, 0.00, 0.00, 0.00, 0.00, 0.00, 0.00, 0.00, 0.00, 0.00, 0.00, 92.54, 1.00, 2.98, 34.77, 26.69, 90.32, 26.75, 87.42, 29.15, 63.58, 29.15, 57.84, 29.68, 28.78, 1
09/12/16 02, 1.00, 2.38, 4.71, 3.45, 3.20, 5.12, 3.13, 96.53, 1.00, 96.54, 1.00, 0.00, 0.00, 34.04, 1.00, 0.00, 0.00, 0.00, 0.00, 0.00, 0.00, 0.00, 0.00, 0.00, 0.00, 0.00, 0.00, 0.00, 0.00, 81.08, 1.00, 2.98, 34.84, 28.79, 92.51, 28.89, 67.33, 29.41, 63.54, 29.41, 58.27, 31.33, 30.43, 1
09/12/16 03, 1.18, 2.85, 5.27, 3.96, 2.68, 5.13, 2.84, 96.31, 1.00, 96.33, 1.00, 0.00, 0.00, 33.52, 1.00, 0.00, 0.00, 0.00, 0.00, 0.00, 0.00, 0.00, 0.00, 0.00, 0.00, 31.49, 1.00, 0.00, 0.00, 78.14, 1.00, 2.98, 34.95, 29.12, 93.70, 29.22, 66.05, 26.78, 63.56, 26.67, 71.71, 31.64, 30.74, 1
09/12/16 04, 1.37, 3.33, 5.16, 4.38, 2.27, 5.50, 3.84, 96.06, 1.00, 96.07, 1.00, 0.00, 0.00, 0.00, 0.00, 0.00, 0.00, 48.91, 1.00, 0.00, 0.00, 0.00, 0.00, 0.00, 0.00, 29.25, 1.00, 0.00, 0.00, 81.20, 1.00, 2.98, 35.09, 28.96, 77.50, 28.92, 88.41, 27.30, 63.31, 27.20, 79.57, 31.49, 30.59, 1
09/12/16 05, 1.59, 3.69, 5.05, 3.83, 1.90, 5.43, 4.49, 94.47, 1.00, 94.49, 1.00, 0.00, 0.00, 0.00, 0.00, 0.00, 0.00, 48.34, 1.00, 0.00, 0.00, 0.00, 0.00, 0.00, 0.00, 0.00, 0.00, 0.00, 0.00, 86.07, 1.00, 2.98, 35.94, 29.58, 76.80, 29.55, 90.09, 30.52, 62.53, 30.52, 60.38, 32.14, 31.24, 1
09/12/16 06, 1.92, 4.26, 4.88, 3.11, 1.61, 5.17, 3.35, 95.76, 1.00, 95.78, 1.00, 0.00, 0.00, 0.00, 0.00, 0.00, 0.00, 0.00, 0.00, 1.78, 1.00, 36.88, 1.00, 0.00, 0.00, 0.00, 0.00, 0.00, 0.00, 61.60, 1.00, 2.98, 35.25, 31.77, 74.58, 31.77, 65.56, 26.65, 85.23, 26.65, 59.79, 34.02, 33.12, 1
09/12/16 07, 2.08, 4.87, 4.59, 3.56, 2.29, 4.89, 2.36, 96.28, 1.00, 96.29, 1.00, 0.00, 0.00, 0.00, 0.00, 0.00, 0.00, 0.00, 0.00, 0.00, 0.00, 35.09, 1.00, 0.00, 0.00, 30.62, 1.00, 0.00, 0.00, 55.35, 1.00, 2.98, 34.97, 32.05, 73.13, 32.05, 66.43, 20.53, 82.34, 20.42, 68.41, 34.27, 33.37, 1
09/12/16 08, 2.05, 5.18, 4.25, 3.86, 2.77, 5.16, 2.83, 97.48, 1.00, 97.50, 1.00, 0.00, 0.00, 0.00, 0.00, 0.00, 0.00, 50.25, 1.00, 0.00, 0.00, 35.47, 1.00, 0.00, 0.00, 30.73, 1.00, 0.00, 0.00, 65.49, 1.00, 2.97, 34.33, 30.19, 71.29, 30.15, 87.04, 19.95, 81.10, 19.83, 67.44, 32.64, 31.74, 1
09/12/16 09, 1.95, 5.33, 3.84, 4.22, 3.00, 5.34, 2.90, 97.83, 1.00, 97.85, 1.00, 0.00, 0.00, 0.00, 0.00, 0.00, 0.00, 50.97, 1.00, 0.00, 0.00, 34.75, 1.00, 0.00, 0.00, 30.81, 1.00, 0.00, 0.00, 62.86, 1.00, 2.97, 34.14, 30.26, 69.17, 30.22, 85.73, 19.88, 82.28, 19.77, 67.14, 32.71, 31.81, 1
09/12/16 10, 1.84, 5.45, 3.38, 4.39, 3.43, 5.47, 2.82, 97.21, 1.00, 97.23, 1.00, 0.00, 0.00, 0.00, 0.00, 0.00, 0.00, 51.44, 1.00, 0.00, 0.00, 35.26, 1.00, 0.00, 0.00, 30.88, 1.00, 0.00, 0.00, 64.04, 1.00, 2.97, 34.47, 30.40, 67.27, 30.35, 84.86, 19.98, 81.50, 19.86, 66.99, 32.85, 31.95, 1
09/12/16 11, 1.92, 5.15, 3.09, 4.35, 3.66, 5.50, 2.79, 93.93, 1.00, 93.95, 1.00, 0.00, 0.00, 35.17, 1.00, 0.00, 0.00, 49.15, 1.00, 0.00, 0.00, 35.08, 1.00, 0.00, 0.00, 30.19, 1.00, 0.00, 0.00, 0.00, 0.00, 2.98, 36.22, 24.82, 86.62, 24.88, 83.95, 21.35, 83.19, 21.24, 70.62, 39.01, 26.60, 1
09/12/16 12, 2.17, 4.26, 3.52, 4.26, 3.86, 5.50, 3.31, 90.39, 1.00, 90.41, 1.00, 0.00, 0.00, 33.45, 1.00, 0.00, 0.00, 48.83, 1.00, 0.00, 0.00, 0.00, 0.00, 0.00, 0.00, 30.53, 1.00, 0.00, 0.00, 0.00, 0.00, 2.98, 38.09, 24.17, 88.85, 24.22, 83.89, 30.21, 61.21, 30.10, 78.37, 41.56, 25.92, 1
09/12/16 13, 2.62, 3.39, 4.00, 3.02, 2.90, 5.50, 4.73, 92.53, 1.00, 92.55, 1.00, 0.00, 0.00, 34.82, 1.00, 0.00, 0.00, 47.06, 1.00, 0.00, 0.00, 0.00, 0.00, 0.00, 0.00, 32.08, 1.00, 0.00, 0.00, 0.00, 0.00, 2.98, 36.97, 23.33, 85.74, 23.40, 86.25, 29.13, 62.65, 29.01, 72.00, 40.35, 25.09, 1
09/12/16 14, 3.02, 2.53, 4.37, 2.19, 2.27, 5.29, 3.82, 88.31, 1.00, 88.33, 1.00, 0.00, 0.00, 34.80, 1.00, 0.00, 0.00, 0.00, 0.00, 0.00, 0.00, 0.00, 0.00, 0.00, 0.00, 0.00, 0.00, 0.00, 0.00, 0.00, 0.00, 2.98, 39.18, 26.41, 88.84, 26.51, 64.60, 34.43, 61.70, 34.43, 57.57, 43.37, 27.80, 1
09/12/16 15, 3.55, 2.16, 4.82, 2.61, 1.58, 5.05, 2.59, 91.25, 1.00, 91.27, 1.00, 0.00, 0.00, 34.56, 1.00, 0.00, 0.00, 0.00, 0.00, 0.00, 0.00, 0.00, 0.00, 0.00, 0.00, 32.97, 1.00, 0.00, 0.00, 0.00, 0.00, 2.98, 37.64, 26.05, 88.90, 26.16, 61.48, 30.00, 61.26, 29.87, 69.65, 41.33, 27.44, 1
09/12/16 16, 3.77, 1.40, 5.24, 2.85, 1.87, 5.30, 2.99, 91.44, 1.00, 91.45, 1.00, 0.00, 0.00, 31.82, 1.00, 0.00, 0.00, 47.72, 1.00, 0.00, 0.00, 36.29, 1.00, 0.00, 0.00, 31.22, 1.00, 0.00, 0.00, 0.00, 0.00, 2.98, 37.54, 21.61, 88.87, 21.66, 83.34, 22.81, 82.51, 22.69, 68.66, 40.93, 23.33, 1
09/12/16 17, 4.01, 0.83, 5.02, 2.95, 2.31, 5.50, 3.36, 91.44, 1.00, 91.46, 1.00, 0.00, 0.00, 0.00, 0.00, 0.00, 0.00, 48.74, 1.00, 0.00, 0.00, 36.12, 1.00, 0.00, 0.00, 30.17, 1.00, 0.00, 0.00, 0.00, 0.00, 2.98, 37.54, 23.94, 71.96, 23.90, 83.70, 23.22, 83.23, 23.11, 72.57, 41.01, 25.31, 1
09/12/16 18, 4.12, 0.58, 4.61, 3.11, 2.79, 5.50, 4.06, 95.87, 1.00, 95.89, 1.00, 0.00, 0.00, 0.00, 0.00, 0.00, 0.00, 50.04, 1.00, 0.00, 0.00, 35.63, 1.00, 0.00, 0.00, 30.00, 1.00, 0.00, 0.00, 99.82, 1.00, 2.98, 35.19, 27.19, 72.70, 27.14, 84.49, 21.80, 82.67, 21.69, 71.68, 29.84, 28.94, 1
09/12/16 19, 3.91, 1.10, 4.25, 3.32, 3.20, 5.50, 4.53, 95.92, 1.00, 95.94, 1.00, 0.00, 0.00, 0.00, 0.00, 0.00, 0.00, 50.53, 1.00, 0.00, 0.00, 35.33, 1.00, 0.00, 0.00, 30.55, 1.00, 0.00, 0.00, 97.14, 1.00, 2.98, 35.16, 27.49, 66.93, 27.45, 83.80, 21.64, 83.04, 21.53, 69.74, 30.13, 29.23, 1
09/12/16 20, 3.71, 1.58, 3.71, 3.39, 3.63, 5.50, 4.50, 96.35, 1.00, 96.36, 1.00, 0.00, 0.00, 0.00, 0.00, 0.00, 0.00, 50.84, 1.00, 0.00, 0.00, 35.09, 1.00, 0.00, 0.00, 30.79, 1.00, 0.00, 0.00, 93.44, 1.00, 2.98, 34.94, 27.73, 69.73, 27.69, 83.42, 21.33, 83.15, 21.22, 68.64, 30.35, 29.45, 1
09/12/16 21, 3.53, 2.03, 3.27, 3.58, 3.91, 5.50, 4.23, 96.10, 1.00, 96.11, 1.00, 0.00, 0.00, 0.00, 0.00, 0.00, 0.00, 50.52, 1.00, 0.00, 0.00, 0.00, 0.00, 0.00, 0.00, 32.54, 1.00, 0.00, 0.00, 92.54, 1.00, 2.98, 35.07, 28.14, 68.22, 28.10, 84.47, 28.08, 61.86, 27.96, 69.32, 30.75, 29.85, 1
09/12/16 22, 3.45, 2.38, 3.01, 3.30, 3.02, 5.50, 3.98, 96.94, 1.00, 96.95, 1.00, 0.00, 0.00, 35.95, 1.00, 0.00, 0.00, 50.67, 1.00, 0.00, 0.00, 0.00, 0.00, 0.00, 0.00, 32.35, 1.00, 0.00, 0.00, 95.37, 1.00, 2.98, 34.62, 26.83, 87.28, 26.90, 82.98, 27.71, 61.87, 27.59, 69.62, 29.90, 29.00, -999
09/12/16 23, 3.31, 2.47, 3.46, 3.03, 2.25, 5.50, 3.87, 96.34, 1.00, 96.36, 1.00, 0.00, 0.00, 35.33, 1.00, 0.00, 0.00, 50.64, 1.00, 0.00, 0.00, 0.00, 0.00, 0.00, 0.00, 31.53, 1.00, 0.00, 0.00, 96.37, 1.00, 2.98, 34.94, 26.96, 88.49, 27.02, 83.15, 28.02, 60.94, 27.90, 72.79, 30.02, 29.12, -999
10/12/16 00, 3.23, 2.58, 3.93, 3.04, 1.52, 5.50, 4.41, 96.23, 1.00, 96.25, 1.00, 0.00, 0.00, 34.68, 1.00, 0.00, 0.00, 50.36, 1.00, 0.00, 0.00, 35.91, 1.00, 0.00, 0.00, 30.08, 1.00, 0.00, 0.00, 94.65, 1.00, 2.98, 35.00, 27.06, 89.71, 27.12, 83.80, 21.19, 81.57, 21.09, 70.84, 30.10, 29.20, -999
10/12/16 01, 3.07, 2.51, 4.42, 3.00, 1.92, 5.50, 4.67, 95.69, 1.00, 95.71, 1.00, 0.00, 0.00, 33.42, 1.00, 0.00, 0.00, 34.61, 1.00, 34.59, 1.00, 35.18, 1.00, 0.00, 0.00, 29.23, 1.00, 0.00, 0.00, 97.64, 1.00, 2.98, 35.29, 26.68, 91.41, 26.71, 107.22, 21.80, 83.46, 21.70, 74.13, 29.94, 29.04, -999
10/12/16 02, 3.06, 2.47, 4.96, 3.36, 2.59, 5.27, 3.83, 95.53, 1.00, 95.55, 1.00, 0.00, 0.00, 33.76, 1.00, 0.00, 0.00, 0.00, 0.00, 48.40, 1.00, 36.84, 1.00, 0.00, 0.00, 0.00, 0.00, 0.00, 0.00, 97.48, 1.00, 2.98, 35.37, 27.10, 91.28, 27.16, 87.54, 27.39, 86.02, 27.39, 59.95, 30.12, 29.22, -999
10/12/16 03, 3.09, 2.70, 5.27, 4.03, 3.26, 5.00, 2.75, 95.10, 1.00, 95.12, 1.00, 0.00, 0.00, 0.00, 0.00, 0.00, 0.00, 0.00, 0.00, 48.44, 1.00, 36.52, 1.00, 0.00, 0.00, 0.00, 0.00, 0.00, 0.00, 89.99, 1.00, 2.98, 35.60, 28.80, 75.67, 28.76, 89.08, 27.59, 86.82, 27.59, 58.78, 31.38, 30.48, -999
10/12/16 04, 3.12, 3.38, 5.01, 3.76, 3.92, 5.19, 3.09, 94.22, 1.00, 94.23, 1.00, 0.00, 0.00, 0.00, 0.00, 0.00, 0.00, 0.00, 0.00, 0.00, 0.00, 34.21, 1.00, 0.00, 0.00, 30.23, 1.00, 0.00, 0.00, 70.73, 1.00, 2.98, 36.07, 31.81, 75.78, 31.81, 68.39, 22.30, 85.61, 22.19, 71.43, 34.10, 33.20, -999
10/12/16 05, 3.31, 4.15, 4.78, 2.91, 3.66, 5.50, 4.27, 94.66, 1.00, 94.68, 1.00, 0.00, 0.00, 0.00, 0.00, 0.00, 0.00, 0.00, 0.00, 49.52, 1.00, 0.00, 0.00, 0.00, 0.00, 30.69, 1.00, 0.00, 0.00, 84.47, 1.00, 2.98, 35.84, 29.90, 74.92, 29.86, 88.12, 28.68, 64.10, 28.57, 76.33, 32.45, 31.55, -999
10/12/16 06, 3.48, 4.53, 4.51, 3.58, 3.15, 5.36, 4.14, 93.80, 1.00, 93.82, 1.00, 0.00, 0.00, 0.00, 0.00, 0.00, 0.00, 0.00, 0.00, 49.75, 1.00, 0.00, 0.00, 0.00, 0.00, 0.00, 0.00, 0.00, 0.00, 86.56, 1.00, 2.98, 36.29, 30.37, 74.39, 30.33, 88.16, 31.76, 63.47, 31.76, 59.34, 32.94, 32.04, -999
10/12/16 07, 3.71, 4.92, 4.23, 4.13, 2.62, 5.05, 2.81, 93.75, 1.00, 93.77, 1.00, 0.00, 0.00, 0.00, 0.00, 0.00, 0.00, 0.00, 0.00, 49.99, 1.00, 0.00, 0.00, 0.00, 0.00, 0.00, 0.00, 0.00, 0.00, 85.04, 1.00, 2.98, 36.32, 30.67, 73.37, 30.63, 87.99, 31.92, 62.51, 31.92, 57.77, 33.23, 32.33, -999
10/12/16 08, 3.84, 5.26, 3.91, 4.59, 2.01, 5.20, 2.90, 94.49, 1.00, 94.51, 1.00, 0.00, 0.00, 0.00, 0.00, 0.00, 0.00, 0.00, 0.00, 0.00, 0.00, 0.00, 0.00, 0.00, 0.00, 32.79, 1.00, 0.00, 0.00, 62.68, 1.00, 2.98, 35.93, 33.00, 72.33, 33.00, 64.52, 28.73, 61.32, 28.61, 69.04, 35.25, 34.35, -999
10/12/16 09, 4.02, 5.59, 3.56, 3.15, 1.63, 5.44, 3.17, 92.38, 1.00, 92.40, 1.00, 0.00, 0.00, 0.00, 0.00, 0.00, 0.00, 0.00, 0.00, 0.00, 0.00, 36.12, 1.00, 0.00, 0.00, 31.25, 1.00, 0.00, 0.00, 0.00, 0.00, 2.98, 37.05, 30.59, 71.74, 30.59, 61.61, 22.48, 82.49, 22.37, 68.24, 40.49, 31.78, -999
10/12/16 10, 4.19, 5.19, 3.20, 2.86, 2.10, 5.50, 3.49, 92.19, 1.00, 92.21, 1.00, 0.00, 0.00, 0.00, 0.00, 0.00, 0.00, 0.00, 0.00, 50.51, 1.00, 36.37, 1.00, 0.00, 0.00, 31.04, 1.00, 0.00, 0.00, 0.00, 0.00, 2.98, 37.14, 28.17, 69.04, 28.12, 84.46, 22.64, 82.19, 22.53, 69.10, 40.64, 29.54, -999
10/12/16 11, 4.36, 4.47, 3.19, 2.82, 2.47, 5.50, 3.50, 90.89, 1.00, 90.91, 1.00, 0.00, 0.00, 34.55, 1.00, 0.00, 0.00, 0.00, 0.00, 48.91, 1.00, 36.02, 1.00, 0.00, 0.00, 30.81, 1.00, 0.00, 0.00, 0.00, 0.00, 2.98, 37.83, 24.24, 87.09, 24.30, 83.73, 23.50, 83.69, 23.39, 70.73, 41.41, 26.01, -999
10/12/16 12, 4.47, 3.59, 3.63, 2.84, 2.99, 5.50, 3.83, 113.07, 1.00, 0.00, 0.00, 0.00, 0.00, 33.82, 1.00, 0.00, 0.00, 0.00, 0.00, 48.19, 1.00, 35.62, 1.00, 0.00, 0.00, 30.27, 1.00, 0.00, 0.00, 0.00, 0.00, 2.99, 25.72, 23.52, 87.60, 23.58, 84.35, 22.37, 83.27, 22.27, 71.39, 38.29, 25.27, -999
10/12/16 13, 4.32, 2.72, 4.07, 3.06, 3.44, 5.50, 4.27, 113.04, 1.00, 0.00, 0.00, 0.00, 0.00, 34.09, 1.00, 0.00, 0.00, 0.00, 0.00, 47.70, 1.00, 35.77, 1.00, 0.00, 0.00, 30.40, 1.00, 0.00, 0.00, 0.00, 0.00, 2.99, 25.74, 22.68, 86.31, 22.74, 84.42, 22.28, 82.90, 22.17, 70.87, 38.25, 24.43, -999
10/12/16 14, 4.19, 1.86, 4.46, 3.31, 3.79, 5.50, 4.54, 112.78, 1.00, 0.00, 0.00, 0.00, 0.00, 32.02, 1.00, 0.00, 0.00, 0.00, 0.00, 47.03, 1.00, 35.32, 1.00, 0.00, 0.00, 29.76, 1.00, 0.00, 0.00, 0.00, 0.00, 2.99, 25.89, 22.13, 89.09, 22.18, 85.05, 22.64, 84.05, 22.53, 73.30, 38.33, 23.84, -999
10/12/16 15, 4.27, 1.02, 4.93, 3.67, 3.71, 5.30, 3.86, 111.28, 1.00, 0.00, 0.00, 0.00, 0.00, 32.27, 1.00, 0.00, 0.00, 0.00, 0.00, 47.14, 1.00, 0.00, 0.00, 0.00, 0.00, 0.00, 0.00, 0.00, 0.00, 0.00, 0.00, 2.99, 26.74, 21.25, 87.82, 21.31, 83.98, 32.42, 63.09, 32.42, 57.53, 39.32, 22.97, -999
10/12/16 16, 4.28, 0.62, 5.25, 3.79, 3.02, 5.04, 2.57, 115.98, 1.00, 0.00, 0.00, 0.00, 0.00, 0.00, 0.00, 0.00, 0.00, 0.00, 0.00, 48.53, 1.00, 0.00, 0.00, 0.00, 0.00, 32.41, 1.00, 0.00, 0.00, 93.50, 1.00, 2.99, 24.06, 26.93, 73.59, 26.89, 87.05, 27.47, 62.53, 27.35, 69.18, 29.53, 28.63, -999
10/12/16 17, 3.94, 1.09, 4.90, 4.27, 2.35, 5.32, 3.00, 116.02, 1.00, 0.00, 0.00, 0.00, 0.00, 0.00, 0.00, 0.00, 0.00, 0.00, 0.00, 49.16, 1.00, 0.00, 0.00, 0.00, 0.00, 32.32, 1.00, 0.00, 0.00, 91.00, 1.00, 2.99, 24.04, 27.20, 73.02, 27.16, 86.13, 27.40, 61.35, 27.28, 69.41, 29.80, 28.90, -999
10/12/16 18, 3.62, 1.52, 4.54, 4.47, 1.60, 5.50, 3.49, 116.68, 1.00, 0.00, 0.00, 0.00, 0.00, 0.00, 0.00, 0.00, 0.00, 0.00, 0.00, 49.05, 1.00, 0.00, 0.00, 0.00, 0.00, 31.24, 1.00, 0.00, 0.00, 86.49, 1.00, 2.99, 23.66, 27.39, 72.05, 27.36, 86.52, 27.15, 61.10, 27.03, 72.95, 29.96, 29.06, -999
10/12/16 19, 3.27, 2.16, 4.15, 3.31, 1.79, 5.50, 4.04, 117.87, 1.00, 0.00, 0.00, 0.00, 0.00, 0.00, 0.00, 0.00, 0.00, 0.00, 0.00, 0.00, 0.00, 35.34, 1.00, 0.00, 0.00, 29.75, 1.00, 0.00, 0.00, 60.28, 1.00, 2.99, 22.98, 29.71, 70.82, 29.71, 62.04, 19.85, 81.24, 19.75, 70.54, 31.95, 31.05, -999
10/12/16 20, 2.84, 2.48, 3.73, 3.11, 2.17, 5.50, 4.33, 119.78, 1.00, 0.00, 0.00, 0.00, 0.00, 0.00, 0.00, 0.00, 0.00, 0.00, 0.00, 50.46, 1.00, 34.88, 1.00, 0.00, 0.00, 29.88, 1.00, 0.00, 0.00, 67.92, 1.00, 2.99, 21.87, 27.55, 70.79, 27.51, 83.95, 18.71, 80.88, 18.60, 68.97, 30.01, 29.11, -999
10/12/16 21, 2.40, 2.65, 3.33, 2.89, 2.52, 5.50, 4.24, 120.23, 1.00, 0.00, 0.00, 0.00, 0.00, 0.00, 0.00, 0.00, 0.00, 0.00, 0.00, 50.63, 1.00, 35.18, 1.00, 0.00, 0.00, 30.11, 1.00, 0.00, 0.00, 64.23, 1.00, 2.99, 21.61, 27.62, 68.03, 27.58, 83.68, 18.26, 79.92, 18.15, 67.80, 30.07, 29.17, -999
10/12/16 22, 1.95, 2.67, 3.13, 2.60, 2.65, 5.50, 3.87, 121.35, 1.00, 0.00, 0.00, 0.00, 0.00, 36.19, 1.00, 0.00, 0.00, 0.00, 0.00, 50.50, 1.00, 34.64, 1.00, 0.00, 0.00, 30.10, 1.00, 0.00, 0.00, 63.13, 1.00, 2.99, 20.96, 26.60, 86.62, 26.67, 83.02, 17.65, 80.24, 17.54, 67.21, 29.48, 28.58, -999
10/12/16 23, 1.49, 2.42, 3.55, 2.17, 2.88, 5.50, 3.45, 121.38, 1.00, 0.00, 0.00, 0.00, 0.00, 36.03, 1.00, 0.00, 0.00, 0.00, 0.00, 50.30, 1.00, 34.50, 1.00, 0.00, 0.00, 30.00, 1.00, 0.00, 0.00, 64.25, 1.00, 2.99, 20.94, 26.40, 86.71, 26.47, 83.23, 17.65, 80.48, 17.55, 67.56, 29.28, 28.38, -999
11/12/16 00, 1.06, 2.18, 3.95, 2.04, 3.12, 5.50, 3.22, 120.41, 1.00, 0.00, 0.00, 0.00, 0.00, 34.10, 1.00, 0.00, 0.00, 0.00, 0.00, 48.66, 1.00, 33.85, 1.00, 0.00, 0.00, 29.17, 1.00, 0.00, 0.00, 68.85, 1.00, 2.99, 21.51, 26.44, 90.06, 26.50, 86.41, 18.58, 82.50, 18.48, 71.11, 29.29, 28.39, -999
11/12/16 01, 0.92, 2.16, 4.46, 2.66, 3.65, 5.50, 3.82, 97.52, 1.00, 97.54, 1.00, 0.00, 0.00, 33.42, 1.00, 0.00, 0.00, 0.00, 0.00, 48.32, 1.00, 34.03, 1.00, 0.00, 0.00, 28.86, 1.00, 0.00, 0.00, 87.26, 1.00, 2.97, 34.31, 26.64, 91.37, 26.70, 87.23, 20.24, 83.85, 20.14, 73.69, 29.58, 28.68, -999
11/12/16 02, 0.97, 2.23, 5.00, 3.33, 3.79, 5.50, 4.77, 97.01, 1.00, 97.03, 1.00, 0.00, 0.00, 32.77, 1.00, 0.00, 0.00, 0.00, 0.00, 48.23, 1.00, 0.00, 0.00, 0.00, 0.00, 29.98, 1.00, 0.00, 0.00, 89.64, 1.00, 2.98, 34.58, 26.76, 92.54, 26.81, 87.52, 26.58, 64.37, 26.47, 76.54, 29.71, 28.81, -999
11/12/16 03, 1.22, 2.44, 5.35, 3.95, 3.31, 5.23, 3.59, 95.35, 1.00, 95.37, 1.00, 0.00, 0.00, 0.00, 0.00, 0.00, 0.00, 0.00, 0.00, 47.87, 1.00, 0.00, 0.00, 0.00, 0.00, 0.00, 0.00, 0.00, 0.00, 89.08, 1.00, 2.98, 35.47, 28.52, 77.18, 28.49, 89.84, 29.95, 64.32, 29.95, 60.35, 31.10, 30.20, -999
11/12/16 04, 1.53, 2.96, 5.19, 4.40, 2.93, 4.98, 2.71, 93.82, 1.00, 93.83, 1.00, 0.00, 0.00, 0.00, 0.00, 0.00, 0.00, 0.00, 0.00, 0.00, 0.00, 0.00, 0.00, 0.00, 0.00, 0.00, 0.00, 0.00, 0.00, 74.24, 1.00, 2.98, 36.29, 31.71, 76.67, 31.71, 69.86, 30.85, 64.07, 30.85, 59.69, 34.02, 33.12, -999
11/12/16 05, 1.84, 3.72, 5.00, 3.69, 2.59, 5.06, 2.86, 94.46, 1.00, 94.48, 1.00, 0.00, 0.00, 0.00, 0.00, 0.00, 0.00, 0.00, 0.00, 0.00, 0.00, 0.00, 0.00, 0.00, 0.00, 31.64, 1.00, 0.00, 0.00, 67.71, 1.00, 2.98, 35.94, 31.88, 76.54, 31.88, 68.72, 27.91, 63.61, 27.80, 72.33, 34.15, 33.25, -999
11/12/16 06, 2.09, 4.43, 4.82, 2.91, 2.21, 5.47, 3.94, 95.30, 1.00, 95.32, 1.00, 0.00, 0.00, 0.00, 0.00, 0.00, 0.00, 0.00, 0.00, 49.39, 1.00, 0.00, 0.00, 0.00, 0.00, 31.48, 1.00, 0.00, 0.00, 78.68, 1.00, 2.98, 35.49, 29.92, 75.41, 29.88, 88.40, 27.67, 63.04, 27.56, 72.65, 32.43, 31.53, -999
11/12/16 07, 2.30, 4.75, 4.58, 3.62, 1.79, 5.45, 4.70, 94.59, 1.00, 94.61, 1.00, 0.00, 0.00, 0.00, 0.00, 0.00, 0.00, 0.00, 0.00, 49.69, 1.00, 0.00, 0.00, 0.00, 0.00, 0.00, 0.00, 0.00, 0.00, 81.08, 1.00, 2.98, 35.87, 30.33, 74.71, 30.29, 88.23, 30.86, 62.29, 30.86, 59.76, 32.86, 31.96, -999
11/12/16 08, 2.54, 5.07, 4.31, 4.20, 1.60, 5.15, 3.34, 95.56, 1.00, 95.57, 1.00, 0.00, 0.00, 0.00, 0.00, 0.00, 0.00, 0.00, 0.00, 50.05, 1.00, 37.40, 1.00, 0.00, 0.00, 0.00, 0.00, 0.00, 0.00, 74.68, 1.00, 2.98, 35.36, 30.37, 73.06, 30.33, 87.56, 26.97, 84.59, 26.97, 57.92, 32.87, 31.97, -999
11/12/16 09, 2.60, 5.39, 3.97, 4.24, 2.15, 5.06, 2.69, 95.84, 1.00, 95.86, 1.00, 0.00, 0.00, 0.00, 0.00, 0.00, 0.00, 0.00, 0.00, 0.00, 0.00, 35.43, 1.00, 0.00, 0.00, 30.80, 1.00, 0.00, 0.00, 54.81, 1.00, 2.98, 35.20, 32.53, 71.57, 32.53, 64.78, 20.86, 82.09, 20.75, 68.14, 34.74, 33.84, -999
11/12/16 10, 2.77, 5.52, 3.59, 2.91, 2.59, 5.30, 3.01, 92.83, 1.00, 92.85, 1.00, 0.00, 0.00, 0.00, 0.00, 0.00, 0.00, 0.00, 0.00, 50.52, 1.00, 35.78, 1.00, 0.00, 0.00, 31.25, 1.00, 0.00, 0.00, 0.00, 0.00, 2.98, 36.81, 28.50, 70.47, 28.46, 84.76, 21.81, 82.41, 21.69, 67.54, 39.86, 29.88, -999
11/12/16 11, 2.99, 4.99, 3.18, 2.96, 2.98, 5.46, 3.00, 93.26, 1.00, 93.28, 1.00, 0.00, 0.00, 0.00, 0.00, 0.00, 0.00, 0.00, 0.00, 50.48, 1.00, 35.75, 1.00, 0.00, 0.00, 31.08, 1.00, 0.00, 0.00, 0.00, 0.00, 2.98, 36.58, 27.97, 69.71, 27.92, 84.33, 21.75, 82.42, 21.63, 68.06, 39.69, 29.34, -999
11/12/16 12, 3.18, 4.27, 3.19, 2.87, 3.33, 5.50, 3.33, 92.58, 1.00, 92.60, 1.00, 0.00, 0.00, 34.20, 1.00, 0.00, 0.00, 0.00, 0.00, 48.89, 1.00, 35.74, 1.00, 0.00, 0.00, 30.62, 1.00, 0.00, 0.00, 0.00, 0.00, 2.98, 36.94, 24.08, 87.53, 24.14, 83.61, 22.29, 82.96, 22.17, 70.15, 40.13, 25.85, -999
11/12/16 13, 3.40, 3.39, 3.64, 2.85, 3.71, 5.50, 3.62, 93.20, 1.00, 93.22, 1.00, 0.00, 0.00, 34.00, 1.00, 0.00, 0.00, 0.00, 0.00, 48.54, 1.00, 35.52, 1.00, 0.00, 0.00, 30.57, 1.00, 0.00, 0.00, 0.00, 0.00, 2.98, 36.61, 23.26, 87.05, 23.33, 83.46, 22.15, 83.22, 22.04, 70.18, 39.86, 25.02, -999
11/12/16 14, 3.60, 2.52, 4.07, 2.84, 3.82, 5.50, 3.90, 91.09, 1.00, 91.11, 1.00, 0.00, 0.00, 33.71, 1.00, 0.00, 0.00, 0.00, 0.00, 48.14, 1.00, 0.00, 0.00, 0.00, 0.00, 32.71, 1.00, 0.00, 0.00, 0.00, 0.00, 2.98, 37.73, 22.47, 86.74, 22.53, 83.41, 30.14, 62.90, 30.01, 70.73, 41.44, 24.22, -999
11/12/16 15, 3.94, 1.66, 4.47, 2.87, 3.09, 5.50, 4.00, 91.57, 1.00, 91.59, 1.00, 0.00, 0.00, 33.23, 1.00, 0.00, 0.00, 0.00, 0.00, 48.09, 1.00, 0.00, 0.00, 0.00, 0.00, 32.69, 1.00, 0.00, 0.00, 0.00, 0.00, 2.98, 37.47, 21.67, 86.71, 21.73, 82.68, 30.06, 62.02, 29.94, 70.74, 41.25, 23.41, -999
11/12/16 16, 4.25, 0.80, 4.86, 2.68, 2.33, 5.50, 4.09, 90.86, 1.00, 90.88, 1.00, 0.00, 0.00, 33.52, 1.00, 0.00, 0.00, 0.00, 0.00, 47.79, 1.00, 0.00, 0.00, 0.00, 0.00, 33.00, 1.00, 0.00, 0.00, 0.00, 0.00, 2.98, 37.85, 20.81, 85.38, 20.87, 82.36, 30.48, 60.49, 30.35, 70.03, 41.74, 22.55, -999
11/12/16 17, 4.25, 0.68, 5.22, 2.55, 1.51, 5.50, 3.95, 97.02, 1.00, 97.03, 1.00, 0.00, 0.00, 34.63, 1.00, 0.00, 0.00, 0.00, 0.00, 49.61, 1.00, 36.14, 1.00, 0.00, 0.00, 30.64, 1.00, 0.00, 0.00, 104.26, 1.00, 2.98, 34.58, 25.42, 88.14, 25.48, 83.59, 20.82, 80.79, 20.71, 68.62, 28.51, 27.61, -999
11/12/16 18, 3.97, 1.11, 4.95, 2.53, 1.80, 5.50, 3.79, 96.83, 1.00, 96.85, 1.00, 0.00, 0.00, 0.00, 0.00, 0.00, 0.00, 0.00, 0.00, 50.60, 1.00, 35.91, 1.00, 0.00, 0.00, 30.58, 1.00, 0.00, 0.00, 94.60, 1.00, 2.98, 34.68, 27.34, 70.66, 27.30, 83.45, 20.95, 81.33, 20.84, 68.94, 29.97, 29.07, -999
11/12/16 19, 3.71, 1.56, 4.50, 2.30, 2.14, 5.50, 3.74, 96.78, 1.00, 96.80, 1.00, 0.00, 0.00, 0.00, 0.00, 0.00, 0.00, 0.00, 0.00, 50.58, 1.00, 35.69, 1.00, 0.00, 0.00, 30.90, 1.00, 0.00, 0.00, 92.17, 1.00, 2.98, 34.70, 27.65, 70.82, 27.61, 83.81, 20.89, 81.67, 20.77, 67.81, 30.26, 29.36, -999
11/12/16 20, 3.48, 1.99, 4.07, 2.26, 2.51, 5.50, 3.42, 97.05, 1.00, 97.07, 1.00, 0.00, 0.00, 0.00, 0.00, 0.00, 0.00, 0.00, 0.00, 50.25, 1.00, 35.59, 1.00, 0.00, 0.00, 30.61, 1.00, 0.00, 0.00, 88.77, 1.00, 2.97, 34.56, 27.92, 68.81, 27.88, 84.73, 20.75, 81.70, 20.64, 68.64, 30.50, 29.60, -999
11/12/16 21, 3.25, 2.39, 3.59, 2.47, 2.84, 5.50, 3.39, 96.70, 1.00, 96.72, 1.00, 0.00, 0.00, 0.00, 0.00, 0.00, 0.00, 0.00, 0.00, 50.66, 1.00, 35.37, 1.00, 0.00, 0.00, 30.44, 1.00, 0.00, 0.00, 87.54, 1.00, 2.98, 34.74, 28.23, 69.87, 28.18, 84.22, 20.98, 82.31, 20.87, 69.44, 30.81, 29.91, -999
11/12/16 22, 3.07, 2.77, 3.16, 2.48, 3.23, 5.50, 3.54, 97.09, 1.00, 97.11, 1.00, 0.00, 0.00, 0.00, 0.00, 0.00, 0.00, 0.00, 0.00, 50.89, 1.00, 35.36, 1.00, 0.00, 0.00, 30.86, 1.00, 0.00, 0.00, 84.07, 1.00, 2.97, 34.54, 28.42, 69.16, 28.38, 83.97, 20.59, 81.94, 20.48, 67.67, 30.98, 30.08, -999
11/12/16 23, 2.87, 2.95, 3.16, 2.38, 3.53, 5.50, 3.24, 96.15, 1.00, 96.17, 1.00, 0.00, 0.00, 35.77, 1.00, 0.00, 0.00, 0.00, 0.00, 50.02, 1.00, 35.08, 1.00, 0.00, 0.00, 30.47, 1.00, 0.00, 0.00, 91.92, 1.00, 2.98, 35.04, 27.37, 88.13, 27.44, 84.75, 21.19, 83.03, 21.08, 69.55, 30.40, 29.50, -999
12/12/16 00, 2.76, 3.01, 3.63, 2.59, 3.95, 5.50, 3.44, 96.68, 1.00, 96.70, 1.00, 0.00, 0.00, 36.07, 1.00, 0.00, 0.00, 0.00, 0.00, 50.20, 1.00, 34.68, 1.00, 0.00, 0.00, 29.83, 1.00, 0.00, 0.00, 89.41, 1.00, 2.98, 34.76, 27.40, 87.63, 27.47, 84.41, 21.14, 83.66, 21.03, 71.57, 30.42, 29.52, -999
12/12/16 01, 2.75, 3.06, 4.07, 2.67, 3.43, 5.50, 4.13, 95.95, 1.00, 95.97, 1.00, 0.00, 0.00, 34.98, 1.00, 0.00, 0.00, 0.00, 0.00, 49.84, 1.00, 0.00, 0.00, 0.00, 0.00, 31.36, 1.00, 0.00, 0.00, 92.23, 1.00, 2.98, 35.15, 27.51, 89.65, 27.58, 85.22, 27.79, 63.70, 27.68, 73.15, 30.53, 29.63, -999
12/12/16 02, 2.79, 3.14, 4.55, 2.94, 2.89, 5.50, 4.71, 95.51, 1.00, 95.52, 1.00, 0.00, 0.00, 33.72, 1.00, 0.00, 0.00, 0.00, 0.00, 48.85, 1.00, 0.00, 0.00, 0.00, 0.00, 30.29, 1.00, 0.00, 0.00, 93.13, 1.00, 2.98, 35.39, 27.67, 91.91, 27.73, 87.27, 28.12, 63.16, 28.01, 77.06, 30.67, 29.77, -999
12/12/16 03, 2.96, 3.27, 5.10, 3.54, 2.35, 5.30, 4.07, 94.47, 1.00, 94.49, 1.00, 0.00, 0.00, 33.09, 1.00, 0.00, 0.00, 0.00, 0.00, 48.23, 1.00, 0.00, 0.00, 0.00, 0.00, 0.00, 0.00, 0.00, 0.00, 97.22, 1.00, 2.98, 35.94, 27.94, 93.20, 28.00, 88.70, 31.16, 63.08, 31.16, 59.80, 30.94, 30.04, -999
12/12/16 04, 3.20, 3.62, 5.15, 4.30, 1.90, 5.02, 2.88, 93.87, 1.00, 93.89, 1.00, 0.00, 0.00, 0.00, 0.00, 0.00, 0.00, 0.00, 0.00, 48.92, 1.00, 0.00, 0.00, 0.00, 0.00, 0.00, 0.00, 0.00, 0.00, 90.45, 1.00, 2.98, 36.26, 29.72, 76.08, 29.68, 89.09, 31.56, 62.64, 31.56, 59.72, 32.31, 31.41, -999
12/12/16 05, 3.43, 4.29, 4.92, 3.81, 1.46, 5.09, 2.99, 93.65, 1.00, 93.67, 1.00, 0.00, 0.00, 0.00, 0.00, 0.00, 0.00, 0.00, 0.00, 0.00, 0.00, 35.44, 1.00, 0.00, 0.00, 30.35, 1.00, 0.00, 0.00, 68.30, 1.00, 2.98, 36.37, 32.50, 74.37, 32.50, 68.91, 22.37, 83.67, 22.26, 71.12, 34.78, 33.88, -999
12/12/16 06, 3.51, 5.00, 4.62, 3.04, 2.13, 5.47, 3.94, 94.32, 1.00, 94.34, 1.00, 0.00, 0.00, 0.00, 0.00, 0.00, 0.00, 0.00, 0.00, 0.00, 0.00, 35.38, 1.00, 0.00, 0.00, 30.39, 1.00, 0.00, 0.00, 63.04, 1.00, 2.98, 36.02, 32.77, 75.99, 32.77, 66.24, 22.11, 83.43, 22.01, 70.73, 35.02, 34.12, -999
12/12/16 07, 3.48, 5.32, 4.43, 3.60, 2.72, 5.50, 4.95, 94.70, 1.00, 94.71, 1.00, 0.00, 0.00, 0.00, 0.00, 0.00, 0.00, 0.00, 0.00, 51.11, 1.00, 37.77, 1.00, 0.00, 0.00, 0.00, 0.00, 0.00, 0.00, 78.21, 1.00, 2.98, 35.82, 30.70, 74.03, 30.66, 85.80, 27.77, 84.69, 27.77, 60.51, 33.23, 32.33, -999
12/12/16 08, 3.67, 5.31, 4.13, 3.65, 3.17, 5.23, 3.69, 92.52, 1.00, 92.53, 1.00, 0.00, 0.00, 0.00, 0.00, 0.00, 0.00, 0.00, 0.00, 50.10, 1.00, 37.20, 1.00, 0.00, 0.00, 0.00, 0.00, 0.00, 0.00, 0.00, 0.00, 2.98, 36.97, 28.32, 71.15, 28.28, 85.43, 28.83, 86.81, 28.83, 57.40, 40.58, 29.69, -999
12/12/16 09, 3.90, 4.78, 3.73, 3.73, 3.81, 5.00, 2.50, 92.75, 1.00, 92.76, 1.00, 0.00, 0.00, 0.00, 0.00, 0.00, 0.00, 0.00, 0.00, 49.95, 1.00, 35.75, 1.00, 0.00, 0.00, 31.17, 1.00, 0.00, 0.00, 0.00, 0.00, 2.98, 36.85, 27.80, 70.74, 27.76, 85.19, 22.37, 83.03, 22.26, 68.41, 40.25, 29.17, -999
12/12/16 10, 4.12, 4.25, 3.32, 3.75, 3.66, 5.26, 2.93, 90.57, 1.00, 90.58, 1.00, 0.00, 0.00, 0.00, 0.00, 0.00, 0.00, 0.00, 0.00, 49.17, 1.00, 0.00, 0.00, 0.00, 0.00, 33.27, 1.00, 0.00, 0.00, 0.00, 0.00, 2.98, 38.00, 27.32, 70.52, 27.28, 86.23, 30.52, 62.25, 30.39, 69.05, 41.87, 28.69, -999
12/12/16 11, 4.45, 3.73, 2.93, 4.06, 2.85, 5.50, 3.16, 90.90, 1.00, 90.92, 1.00, 0.00, 0.00, 33.73, 1.00, 0.00, 0.00, 0.00, 0.00, 48.05, 1.00, 0.00, 0.00, 0.00, 0.00, 32.28, 1.00, 0.00, 0.00, 0.00, 0.00, 2.98, 37.83, 23.69, 87.92, 23.75, 84.78, 30.66, 61.57, 30.54, 72.82, 41.77, 25.44, -999
12/12/16 12, 4.52, 2.86, 3.40, 4.14, 2.07, 5.50, 3.74, 112.62, 1.00, 0.00, 0.00, 0.00, 0.00, 33.77, 1.00, 0.00, 0.00, 0.00, 0.00, 47.17, 1.00, 0.00, 0.00, 0.00, 0.00, 33.02, 1.00, 0.00, 0.00, 0.00, 0.00, 2.99, 25.98, 22.91, 87.08, 22.98, 85.59, 29.10, 61.99, 28.98, 68.59, 38.63, 24.66, -999
12/12/16 13, 4.51, 2.01, 3.84, 4.45, 1.46, 5.50, 3.40, 113.05, 1.00, 0.00, 0.00, 0.00, 0.00, 32.75, 1.00, 0.00, 0.00, 0.00, 0.00, 47.20, 1.00, 37.02, 1.00, 0.00, 0.00, 29.75, 1.00, 0.00, 0.00, 0.00, 0.00, 2.99, 25.73, 22.17, 87.98, 22.23, 84.79, 22.18, 80.59, 22.07, 72.87, 38.30, 23.90, -999
12/12/16 14, 4.36, 1.35, 4.31, 3.90, 1.64, 5.50, 4.17, 112.92, 1.00, 0.00, 0.00, 0.00, 0.00, 34.55, 1.00, 0.00, 0.00, 0.00, 0.00, 0.00, 0.00, 35.95, 1.00, 0.00, 0.00, 30.26, 1.00, 0.00, 0.00, 0.00, 0.00, 2.99, 25.81, 25.25, 88.11, 25.35, 61.50, 22.34, 82.65, 22.23, 71.38, 38.32, 26.64, -999
12/12/16 15, 4.24, 0.87, 4.73, 2.65, 2.14, 5.50, 4.56, 113.01, 1.00, 0.00, 0.00, 0.00, 0.00, 32.02, 1.00, 0.00, 0.00, 0.00, 0.00, 47.83, 1.00, 36.17, 1.00, 0.00, 0.00, 30.46, 1.00, 0.00, 0.00, 0.00, 0.00, 2.99, 25.76, 21.05, 88.00, 21.10, 82.53, 22.16, 82.07, 22.05, 70.55, 38.24, 22.77, -999
12/12/16 16, 3.90, 0.55, 5.19, 2.56, 2.49, 5.50, 4.67, 119.18, 1.00, 0.00, 0.00, 0.00, 0.00, 34.87, 1.00, 0.00, 0.00, 0.00, 0.00, 48.74, 1.00, 35.05, 1.00, 0.00, 0.00, 29.50, 1.00, 0.00, 0.00, 89.19, 1.00, 2.99, 22.22, 25.00, 87.31, 25.06, 84.82, 19.27, 81.16, 19.17, 70.76, 27.98, 27.08, -999
12/12/16 17, 3.43, 0.83, 4.97, 2.89, 2.83, 5.40, 4.39, 117.44, 1.00, 0.00, 0.00, 0.00, 0.00, 0.00, 0.00, 0.00, 0.00, 0.00, 0.00, 49.92, 1.00, 36.74, 1.00, 0.00, 0.00, 0.00, 0.00, 0.00, 0.00, 87.76, 1.00, 2.99, 23.23, 26.73, 71.97, 26.68, 84.18, 25.93, 84.75, 25.93, 56.78, 29.30, 28.40, -999
12/12/16 18, 3.07, 1.22, 4.56, 2.88, 3.36, 4.98, 2.46, 118.98, 1.00, 0.00, 0.00, 0.00, 0.00, 0.00, 0.00, 0.00, 0.00, 0.00, 0.00, 49.47, 1.00, 34.49, 1.00, 0.00, 0.00, 30.60, 1.00, 0.00, 0.00, 79.14, 1.00, 2.99, 22.34, 26.73, 72.31, 26.69, 85.06, 19.16, 82.01, 19.05, 67.12, 29.25, 28.35, -999
12/12/16 19, 2.64, 1.52, 4.19, 3.11, 3.74, 5.16, 2.55, 120.32, 1.00, 0.00, 0.00, 0.00, 0.00, 0.00, 0.00, 0.00, 0.00, 0.00, 0.00, 49.70, 1.00, 33.76, 1.00, 0.00, 0.00, 30.59, 1.00, 0.00, 0.00, 72.02, 1.00, 2.99, 21.56, 26.75, 70.00, 26.71, 84.63, 18.46, 82.53, 18.35, 66.42, 29.23, 28.33, -999
12/12/16 20, 2.20, 1.77, 3.74, 3.19, 3.93, 5.26, 2.37, 119.11, 1.00, 0.00, 0.00, 0.00, 0.00, 0.00, 0.00, 0.00, 0.00, 0.00, 0.00, 49.73, 1.00, 0.00, 0.00, 0.00, 0.00, 32.34, 1.00, 0.00, 0.00, 75.91, 1.00, 2.99, 22.26, 27.13, 69.69, 27.09, 84.94, 25.41, 63.48, 25.29, 67.37, 29.63, 28.73, -999
12/12/16 21, 1.87, 2.03, 3.30, 3.31, 3.26, 5.40, 2.33, 119.59, 1.00, 0.00, 0.00, 0.00, 0.00, 0.00, 0.00, 0.00, 0.00, 0.00, 0.00, 50.30, 1.00, 0.00, 0.00, 0.00, 0.00, 32.36, 1.00, 0.00, 0.00, 72.20, 1.00, 2.99, 21.98, 27.23, 69.56, 27.19, 83.95, 25.09, 61.25, 24.96, 66.95, 29.72, 28.82, -999
12/12/16 22, 1.54, 2.16, 3.09, 3.04, 2.38, 5.48, 2.12, 119.93, 1.00, 0.00, 0.00, 0.00, 0.00, 36.00, 1.00, 0.00, 0.00, 0.00, 0.00, 50.08, 1.00, 0.00, 0.00, 0.00, 0.00, 32.28, 1.00, 0.00, 0.00, 73.52, 1.00, 2.99, 21.79, 26.41, 86.77, 26.48, 83.65, 24.85, 60.42, 24.73, 67.02, 29.33, 28.43, -999
12/12/16 23, 1.22, 2.03, 3.51, 2.80, 1.50, 5.50, 2.09, 120.34, 1.00, 0.00, 0.00, 0.00, 0.00, 34.97, 1.00, 0.00, 0.00, 0.00, 0.00, 49.58, 1.00, 0.00, 0.00, 0.00, 0.00, 31.87, 1.00, 0.00, 0.00, 72.24, 1.00, 2.99, 21.55, 26.30, 88.45, 26.36, 84.53, 24.63, 60.24, 24.51, 68.24, 29.19, 28.29, -999
13/12/16 00, 0.92, 1.91, 3.98, 2.93, 1.84, 5.50, 2.00, 99.18, 1.00, 99.20, 1.00, 0.00, 0.00, 33.42, 1.00, 0.00, 0.00, 0.00, 0.00, 49.41, 1.00, 35.05, 1.00, 0.00, 0.00, 29.98, 1.00, 0.00, 0.00, 82.85, 1.00, 2.97, 33.41, 26.34, 91.08, 26.40, 84.89, 18.95, 80.84, 18.84, 68.91, 29.27, 28.37, -999
13/12/16 01, 0.77, 1.91, 4.52, 3.13, 2.21, 5.50, 2.35, 97.85, 1.00, 97.87, 1.00, 0.00, 0.00, 34.47, 1.00, 0.00, 0.00, 0.00, 0.00, 48.93, 1.00, 34.95, 1.00, 0.00, 0.00, 29.38, 1.00, 0.00, 0.00, 87.55, 1.00, 2.97, 34.13, 26.35, 89.34, 26.41, 85.81, 19.69, 81.74, 19.58, 71.53, 29.32, 28.42, -999
13/12/16 02, 0.74, 1.95, 4.99, 3.49, 2.64, 5.50, 3.11, 97.60, 1.00, 97.62, 1.00, 0.00, 0.00, 33.44, 1.00, 0.00, 0.00, 0.00, 0.00, 48.21, 1.00, 34.49, 1.00, 0.00, 0.00, 29.24, 1.00, 0.00, 0.00, 87.91, 1.00, 2.97, 34.26, 26.44, 91.14, 26.49, 87.23, 19.90, 82.75, 19.80, 72.19, 29.38, 28.48, -999
13/12/16 03, 0.75, 2.13, 5.18, 4.07, 3.18, 5.50, 3.87, 97.09, 1.00, 97.11, 1.00, 0.00, 0.00, 0.00, 0.00, 0.00, 0.00, 0.00, 0.00, 48.03, 1.00, 33.78, 1.00, 0.00, 0.00, 28.53, 1.00, 0.00, 0.00, 82.20, 1.00, 2.97, 34.54, 27.85, 75.68, 27.81, 88.87, 20.41, 84.44, 20.31, 74.86, 30.38, 29.48, -999
13/12/16 04, 0.84, 2.58, 4.93, 4.38, 3.90, 5.47, 4.65, 95.99, 1.00, 96.01, 1.00, 0.00, 0.00, 0.00, 0.00, 0.00, 0.00, 0.00, 0.00, 0.00, 0.00, 35.95, 1.00, 0.00, 0.00, 0.00, 0.00, 0.00, 0.00, 67.24, 1.00, 2.98, 35.13, 30.70, 75.85, 30.70, 69.17, 26.16, 86.41, 26.16, 60.99, 32.97, 32.07, -999
13/12/16 05, 1.17, 3.33, 4.71, 3.55, 3.56, 5.24, 3.65, 93.99, 1.00, 94.01, 1.00, 0.00, 0.00, 0.00, 0.00, 0.00, 0.00, 0.00, 0.00, 0.00, 0.00, 0.00, 0.00, 0.00, 0.00, 0.00, 0.00, 0.00, 0.00, 71.63, 1.00, 2.98, 36.19, 31.83, 75.19, 31.83, 68.19, 30.62, 63.78, 30.62, 59.09, 34.13, 33.23, -999
13/12/16 06, 1.53, 3.98, 4.46, 3.12, 3.01, 4.99, 2.57, 96.15, 1.00, 96.17, 1.00, 0.00, 0.00, 0.00, 0.00, 0.00, 0.00, 0.00, 0.00, 49.17, 1.00, 0.00, 0.00, 0.00, 0.00, 31.90, 1.00, 0.00, 0.00, 77.31, 1.00, 2.98, 35.04, 29.43, 73.75, 29.39, 88.33, 26.97, 63.32, 26.85, 70.46, 31.93, 31.03, -999
13/12/16 07, 1.69, 4.28, 4.15, 3.81, 2.48, 5.33, 3.33, 96.54, 1.00, 96.56, 1.00, 0.00, 0.00, 0.00, 0.00, 0.00, 0.00, 0.00, 0.00, 49.74, 1.00, 0.00, 0.00, 0.00, 0.00, 31.97, 1.00, 0.00, 0.00, 74.60, 1.00, 2.98, 34.83, 29.59, 73.76, 29.55, 87.39, 26.89, 63.16, 26.77, 70.16, 32.09, 31.19, -999
13/12/16 08, 1.81, 4.54, 3.85, 4.25, 2.02, 5.50, 4.02, 96.72, 1.00, 96.74, 1.00, 0.00, 0.00, 0.00, 0.00, 0.00, 0.00, 0.00, 0.00, 50.00, 1.00, 0.00, 0.00, 0.00, 0.00, 31.14, 1.00, 0.00, 0.00, 72.66, 1.00, 2.98, 34.73, 29.77, 70.20, 29.73, 87.08, 27.01, 60.15, 26.89, 73.14, 32.26, 31.36, -999
13/12/16 09, 1.88, 4.77, 3.43, 4.54, 1.45, 5.50, 4.60, 97.99, 1.00, 98.01, 1.00, 0.00, 0.00, 0.00, 0.00, 0.00, 0.00, 0.00, 0.00, 0.00, 0.00, 35.53, 1.00, 0.00, 0.00, 30.24, 1.00, 0.00, 0.00, 50.61, 1.00, 2.97, 34.05, 31.62, 71.16, 31.62, 63.16, 19.68, 80.74, 19.57, 68.79, 33.82, 32.92, -999
13/12/16 10, 1.78, 5.29, 3.05, 3.00, 1.80, 5.50, 4.37, 97.64, 1.00, 97.66, 1.00, 0.00, 0.00, 0.00, 0.00, 0.00, 0.00, 0.00, 0.00, 50.75, 1.00, 35.34, 1.00, 0.00, 0.00, 30.01, 1.00, 0.00, 0.00, 63.38, 1.00, 2.97, 34.24, 30.24, 69.03, 30.20, 86.06, 19.96, 81.34, 19.85, 69.82, 32.69, 31.79, -999
13/12/16 11, 1.68, 5.16, 3.28, 3.26, 2.20, 5.50, 4.44, 97.43, 1.00, 97.45, 1.00, 0.00, 0.00, 36.31, 1.00, 0.00, 0.00, 0.00, 0.00, 50.74, 1.00, 35.03, 1.00, 0.00, 0.00, 29.76, 1.00, 0.00, 0.00, 68.80, 1.00, 2.97, 34.35, 29.25, 89.05, 29.32, 85.19, 20.16, 82.08, 20.05, 70.81, 32.16, 31.26, -999
13/12/16 12, 1.62, 4.97, 3.77, 3.30, 2.67, 5.50, 4.72, 96.57, 1.00, 96.58, 1.00, 0.00, 0.00, 35.31, 1.00, 0.00, 0.00, 0.00, 0.00, 50.71, 1.00, 36.03, 1.00, 0.00, 0.00, 29.33, 1.00, 0.00, 0.00, 72.59, 1.00, 2.98, 34.82, 29.20, 90.76, 29.27, 85.20, 20.33, 80.51, 20.23, 72.35, 32.12, 31.22, -999
13/12/16 13, 1.72, 4.85, 4.29, 3.34, 2.81, 5.24, 3.63, 97.45, 1.00, 97.47, 1.00, 0.00, 0.00, 34.82, 1.00, 0.00, 0.00, 0.00, 0.00, 50.55, 1.00, 36.74, 1.00, 0.00, 0.00, 0.00, 0.00, 0.00, 0.00, 71.27, 1.00, 2.97, 34.34, 29.08, 91.49, 29.14, 85.39, 25.90, 84.73, 25.90, 56.26, 31.98, 31.08, -999
13/12/16 14, 1.70, 4.70, 4.83, 3.43, 3.32, 5.06, 2.53, 97.24, 1.00, 97.26, 1.00, 0.00, 0.00, 34.54, 1.00, 0.00, 0.00, 0.00, 0.00, 50.51, 1.00, 34.83, 1.00, 0.00, 0.00, 30.83, 1.00, 0.00, 0.00, 72.34, 1.00, 2.97, 34.46, 28.96, 91.84, 29.02, 85.37, 20.05, 82.31, 19.93, 67.22, 31.86, 30.96, -999
13/12/16 15, 1.64, 4.61, 5.27, 3.50, 3.70, 5.23, 2.60, 96.97, 1.00, 96.99, 1.00, 0.00, 0.00, 0.00, 0.00, 0.00, 0.00, 0.00, 0.00, 50.56, 1.00, 34.74, 1.00, 0.00, 0.00, 30.52, 1.00, 0.00, 0.00, 70.18, 1.00, 2.98, 34.60, 29.74, 74.16, 29.69, 85.92, 20.21, 82.63, 20.10, 68.42, 32.21, 31.31, -999
13/12/16 16, 1.66, 4.81, 4.94, 3.67, 3.83, 5.48, 3.04, 96.40, 1.00, 96.42, 1.00, 0.00, 0.00, 0.00, 0.00, 0.00, 0.00, 0.00, 0.00, 50.79, 1.00, 0.00, 0.00, 0.00, 0.00, 32.44, 1.00, 0.00, 0.00, 71.82, 1.00, 2.98, 34.90, 29.99, 72.91, 29.94, 85.73, 26.85, 63.12, 26.73, 68.43, 32.47, 31.57, -999
13/12/16 17, 1.80, 5.04, 4.57, 3.73, 3.12, 5.50, 3.34, 96.12, 1.00, 96.14, 1.00, 0.00, 0.00, 0.00, 0.00, 0.00, 0.00, 0.00, 0.00, 50.09, 1.00, 0.00, 0.00, 0.00, 0.00, 31.36, 1.00, 0.00, 0.00, 71.60, 1.00, 2.98, 35.06, 30.23, 71.75, 30.19, 87.36, 27.20, 62.75, 27.09, 72.59, 32.71, 31.81, -999
13/12/16 18, 1.94, 5.26, 4.17, 4.15, 2.47, 5.50, 3.96, 97.04, 1.00, 97.06, 1.00, 0.00, 0.00, 0.00, 0.00, 0.00, 0.00, 0.00, 0.00, 50.28, 1.00, 0.00, 0.00, 0.00, 0.00, 30.78, 1.00, 0.00, 0.00, 67.05, 1.00, 2.97, 34.56, 30.31, 72.76, 30.27, 87.07, 27.01, 61.81, 26.90, 74.34, 32.77, 31.87, -999
13/12/16 19, 2.02, 5.44, 3.83, 4.43, 1.77, 5.50, 4.79, 97.33, 1.00, 97.35, 1.00, 0.00, 0.00, 0.00, 0.00, 0.00, 0.00, 0.00, 0.00, 50.50, 1.00, 0.00, 0.00, 0.00, 0.00, 31.50, 1.00, 0.00, 0.00, 64.97, 1.00, 2.97, 34.41, 30.43, 70.68, 30.39, 86.75, 26.85, 59.55, 26.73, 71.74, 32.88, 31.98, -999
13/12/16 20, 2.25, 5.42, 3.42, 3.73, 1.73, 5.09, 2.88, 92.75, 1.00, 92.77, 1.00, 0.00, 0.00, 0.00, 0.00, 0.00, 0.00, 0.00, 0.00, 0.00, 0.00, 38.21, 1.00, 0.00, 0.00, 0.00, 0.00, 0.00, 0.00, 0.00, 0.00, 2.98, 36.85, 30.42, 68.70, 30.42, 60.24, 27.93, 84.00, 27.93, 53.96, 40.07, 31.61, -999
13/12/16 21, 2.49, 5.11, 2.96, 2.98, 2.11, 5.05, 2.20, 94.50, 1.00, 94.52, 1.00, 0.00, 0.00, 35.53, 1.00, 0.00, 0.00, 0.00, 0.00, 49.05, 1.00, 36.19, 1.00, 0.00, 0.00, 31.33, 1.00, 0.00, 0.00, 0.00, 0.00, 2.98, 35.92, 24.75, 86.45, 24.82, 83.99, 20.74, 80.63, 20.62, 66.20, 38.85, 26.54, -999
13/12/16 22, 2.64, 4.21, 3.38, 3.00, 2.29, 5.10, 1.91, 94.61, 1.00, 94.63, 1.00, 0.00, 0.00, 34.14, 1.00, 0.00, 0.00, 0.00, 0.00, 48.82, 1.00, 35.98, 1.00, 0.00, 0.00, 31.11, 1.00, 0.00, 0.00, 0.00, 0.00, 2.98, 35.86, 24.04, 87.59, 24.10, 83.69, 20.87, 81.12, 20.76, 67.09, 38.85, 25.80, -999
13/12/16 23, 2.77, 3.34, 3.83, 2.97, 2.54, 5.27, 2.06, 93.97, 1.00, 93.99, 1.00, 0.00, 0.00, 34.19, 1.00, 0.00, 0.00, 0.00, 0.00, 48.46, 1.00, 35.78, 1.00, 0.00, 0.00, 31.36, 1.00, 0.00, 0.00, 0.00, 0.00, 2.98, 36.20, 23.19, 86.67, 23.26, 83.53, 21.23, 81.84, 21.11, 66.62, 39.23, 24.96, -999
14/12/16 00, 2.94, 2.46, 4.24, 2.96, 2.87, 5.37, 1.95, 92.45, 1.00, 92.47, 1.00, 0.00, 0.00, 33.06, 1.00, 0.00, 0.00, 0.00, 0.00, 47.46, 1.00, 35.27, 1.00, 0.00, 0.00, 31.40, 1.00, 0.00, 0.00, 0.00, 0.00, 2.98, 37.01, 22.56, 87.89, 22.62, 84.72, 22.17, 83.68, 22.05, 67.41, 40.13, 24.30, -999
14/12/16 01, 3.17, 1.61, 4.67, 3.30, 3.41, 5.50, 2.17, 91.26, 1.00, 91.28, 1.00, 0.00, 0.00, 31.99, 1.00, 0.00, 0.00, 0.00, 0.00, 46.18, 1.00, 35.64, 1.00, 0.00, 0.00, 30.61, 1.00, 0.00, 0.00, 0.00, 0.00, 2.98, 37.64, 21.98, 88.97, 22.03, 86.39, 22.97, 83.82, 22.86, 70.89, 40.88, 23.68, -999
14/12/16 02, 3.45, 0.79, 5.14, 3.92, 3.88, 5.50, 2.77, 90.87, 1.00, 90.89, 1.00, 0.00, 0.00, 31.35, 1.00, 0.00, 0.00, 0.00, 0.00, 46.33, 1.00, 35.23, 1.00, 0.00, 0.00, 29.73, 1.00, 0.00, 0.00, 0.00, 0.00, 2.98, 37.84, 21.21, 89.20, 21.26, 85.35, 23.62, 85.20, 23.51, 74.39, 41.20, 22.90, -999
14/12/16 03, 3.58, 0.82, 5.23, 4.35, 3.59, 5.50, 3.92, 94.59, 1.00, 94.61, 1.00, 0.00, 0.00, 0.00, 0.00, 0.00, 0.00, 0.00, 0.00, 47.84, 1.00, 0.00, 0.00, 0.00, 0.00, 30.69, 1.00, 0.00, 0.00, 101.05, 1.00, 2.98, 35.87, 27.68, 76.53, 27.64, 89.05, 28.84, 64.26, 28.73, 76.47, 30.33, 29.43, -999
14/12/16 04, 3.70, 1.64, 5.03, 3.79, 3.13, 5.49, 4.95, 93.15, 1.00, 93.17, 1.00, 0.00, 0.00, 0.00, 0.00, 0.00, 0.00, 0.00, 0.00, 0.00, 0.00, 0.00, 0.00, 0.00, 0.00, 0.00, 0.00, 0.00, 0.00, 84.04, 1.00, 2.98, 36.64, 31.35, 76.39, 31.35, 69.46, 32.15, 64.25, 32.15, 61.74, 33.72, 32.82, -999
14/12/16 05, 3.97, 2.52, 4.83, 3.13, 2.78, 5.31, 4.12, 92.55, 1.00, 92.57, 1.00, 0.00, 0.00, 0.00, 0.00, 0.00, 0.00, 0.00, 0.00, 0.00, 0.00, 0.00, 0.00, 0.00, 0.00, 0.00, 0.00, 0.00, 0.00, 82.14, 1.00, 2.98, 36.96, 32.04, 75.93, 32.04, 67.46, 32.54, 63.61, 32.54, 59.42, 34.40, 33.50, -999
14/12/16 06, 4.20, 3.12, 4.62, 3.47, 2.36, 5.00, 2.82, 92.97, 1.00, 92.99, 1.00, 0.00, 0.00, 0.00, 0.00, 0.00, 0.00, 0.00, 0.00, 49.63, 1.00, 0.00, 0.00, 0.00, 0.00, 0.00, 0.00, 0.00, 0.00, 97.02, 1.00, 2.98, 36.73, 29.57, 76.88, 29.53, 87.59, 32.40, 62.94, 32.40, 58.52, 32.21, 31.31, -999
14/12/16 07, 4.32, 3.60, 4.49, 3.99, 1.88, 5.18, 3.08, 94.22, 1.00, 94.24, 1.00, 0.00, 0.00, 0.00, 0.00, 0.00, 0.00, 0.00, 0.00, 49.45, 1.00, 0.00, 0.00, 0.00, 0.00, 32.52, 1.00, 0.00, 0.00, 90.44, 1.00, 2.98, 36.07, 29.67, 73.22, 29.63, 88.03, 29.17, 60.88, 29.04, 70.47, 32.25, 31.35, -999
14/12/16 08, 4.31, 4.02, 4.16, 4.51, 1.43, 5.50, 3.66, 94.69, 1.00, 94.70, 1.00, 0.00, 0.00, 0.00, 0.00, 0.00, 0.00, 0.00, 0.00, 0.00, 0.00, 35.43, 1.00, 0.00, 0.00, 31.53, 1.00, 0.00, 0.00, 68.76, 1.00, 2.98, 35.82, 32.27, 74.81, 32.27, 67.41, 22.12, 83.35, 22.00, 66.90, 34.56, 33.66, -999
14/12/16 09, 4.21, 4.74, 3.92, 3.42, 2.07, 5.50, 3.18, 94.90, 1.00, 94.92, 1.00, 0.00, 0.00, 0.00, 0.00, 0.00, 0.00, 0.00, 0.00, 0.00, 0.00, 36.41, 1.00, 0.00, 0.00, 31.15, 1.00, 0.00, 0.00, 64.42, 1.00, 2.98, 35.71, 32.62, 71.77, 32.62, 59.44, 21.80, 81.29, 21.69, 67.88, 34.88, 33.98, -999
14/12/16 10, 4.06, 5.12, 3.55, 2.93, 2.32, 5.50, 2.97, 95.11, 1.00, 95.13, 1.00, 0.00, 0.00, 0.00, 0.00, 0.00, 0.00, 0.00, 0.00, 51.26, 1.00, 35.98, 1.00, 0.00, 0.00, 31.00, 1.00, 0.00, 0.00, 78.84, 1.00, 2.98, 35.60, 30.53, 70.59, 30.49, 85.32, 21.83, 82.08, 21.71, 68.42, 33.06, 32.16, -999
14/12/16 11, 3.93, 5.41, 3.14, 3.01, 2.68, 5.50, 2.95, 95.00, 1.00, 95.02, 1.00, 0.00, 0.00, 0.00, 0.00, 0.00, 0.00, 0.00, 0.00, 50.86, 1.00, 35.46, 1.00, 0.00, 0.00, 30.72, 1.00, 0.00, 0.00, 77.16, 1.00, 2.98, 35.66, 30.77, 72.73, 30.72, 86.36, 22.03, 83.20, 21.92, 69.55, 33.28, 32.38, -999
14/12/16 12, 4.05, 4.97, 3.26, 3.28, 3.19, 5.50, 3.20, 91.09, 1.00, 91.11, 1.00, 0.00, 0.00, 33.65, 1.00, 0.00, 0.00, 0.00, 0.00, 49.15, 1.00, 35.85, 1.00, 0.00, 0.00, 31.24, 1.00, 0.00, 0.00, 0.00, 0.00, 2.98, 37.72, 24.82, 89.17, 24.87, 83.84, 23.20, 83.70, 23.09, 68.98, 41.21, 26.58, -999
14/12/16 13, 4.28, 4.10, 3.76, 3.17, 3.65, 5.50, 3.23, 92.03, 1.00, 92.05, 1.00, 0.00, 0.00, 33.57, 1.00, 0.00, 0.00, 0.00, 0.00, 48.67, 1.00, 35.86, 1.00, 0.00, 0.00, 30.43, 1.00, 0.00, 0.00, 0.00, 0.00, 2.98, 37.23, 24.00, 88.50, 24.06, 83.94, 23.05, 83.51, 22.94, 71.53, 40.76, 25.76, -999
14/12/16 14, 4.45, 3.23, 4.23, 3.90, 4.04, 5.50, 3.78, 88.54, 1.00, 88.55, 1.00, 0.00, 0.00, 33.70, 1.00, 0.00, 0.00, 0.00, 0.00, 0.00, 0.00, 0.00, 0.00, 0.00, 0.00, 33.19, 1.00, 0.00, 0.00, 0.00, 0.00, 2.98, 39.06, 23.15, 87.43, 23.21, 83.60, 31.65, 62.50, 31.52, 70.52, 43.16, 24.90, -999
14/12/16 15, 4.63, 2.36, 4.65, 2.65, 3.21, 5.50, 3.79, 111.75, 1.00, 0.00, 0.00, 0.00, 0.00, 32.26, 1.00, 0.00, 0.00, 0.00, 0.00, 47.83, 1.00, 0.00, 0.00, 0.00, 0.00, 32.16, 1.00, 0.00, 0.00, 0.00, 0.00, 2.99, 26.47, 22.53, 89.11, 22.58, 84.24, 29.56, 62.67, 29.44, 72.13, 39.02, 24.25, -999
14/12/16 16, 4.70, 1.51, 5.11, 2.56, 2.53, 5.50, 4.20, 111.56, 1.00, 0.00, 0.00, 0.00, 0.00, 32.38, 1.00, 0.00, 0.00, 0.00, 0.00, 48.74, 1.00, 0.00, 0.00, 0.00, 0.00, 32.11, 1.00, 0.00, 0.00, 0.00, 0.00, 2.99, 26.58, 21.72, 88.12, 21.77, 84.26, 29.67, 61.14, 29.54, 72.43, 39.12, 23.44, -999
14/12/16 17, 4.76, 0.86, 5.10, 2.89, 1.73, 5.50, 4.60, 111.54, 1.00, 0.00, 0.00, 0.00, 0.00, 0.00, 0.00, 0.00, 0.00, 0.00, 0.00, 49.92, 1.00, 0.00, 0.00, 0.00, 0.00, 31.71, 1.00, 0.00, 0.00, 0.00, 0.00, 2.99, 26.59, 24.05, 73.56, 24.01, 85.95, 29.76, 61.74, 29.65, 73.94, 39.15, 25.41, -999
14/12/16 18, 4.71, 0.64, 4.75, 2.88, 1.75, 5.28, 3.78, 115.69, 1.00, 0.00, 0.00, 0.00, 0.00, 0.00, 0.00, 0.00, 0.00, 0.00, 0.00, 49.47, 1.00, 37.64, 1.00, 0.00, 0.00, 0.00, 0.00, 0.00, 0.00, 94.54, 1.00, 2.99, 24.23, 26.97, 73.53, 26.94, 86.03, 26.98, 84.14, 26.98, 56.96, 29.59, 28.69, -999
14/12/16 19, 4.31, 1.10, 4.42, 3.11, 2.23, 5.05, 2.55, 118.54, 1.00, 0.00, 0.00, 0.00, 0.00, 0.00, 0.00, 0.00, 0.00, 0.00, 0.00, 49.70, 1.00, 35.25, 1.00, 0.00, 0.00, 30.55, 1.00, 0.00, 0.00, 82.00, 1.00, 2.99, 22.59, 26.78, 71.92, 26.74, 86.83, 19.37, 80.91, 19.26, 67.48, 29.31, 28.41, -999
14/12/16 20, 3.82, 1.53, 4.03, 3.19, 2.53, 5.24, 2.73, 117.69, 1.00, 0.00, 0.00, 0.00, 0.00, 0.00, 0.00, 0.00, 0.00, 0.00, 0.00, 49.73, 1.00, 35.23, 1.00, 0.00, 0.00, 30.69, 1.00, 0.00, 0.00, 64.66, 1.00, 2.99, 23.08, 29.43, 71.33, 29.43, 59.52, 19.80, 81.37, 19.69, 67.43, 31.69, 30.79, -999
14/12/16 21, 3.39, 2.10, 3.64, 3.31, 2.86, 5.42, 2.82, 119.72, 1.00, 0.00, 0.00, 0.00, 0.00, 0.00, 0.00, 0.00, 0.00, 0.00, 0.00, 50.30, 1.00, 34.76, 1.00, 0.00, 0.00, 30.60, 1.00, 0.00, 0.00, 71.29, 1.00, 2.99, 21.91, 27.27, 69.46, 27.23, 83.80, 18.65, 81.04, 18.54, 66.58, 29.75, 28.85, -999
14/12/16 22, 2.91, 2.31, 3.19, 3.04, 3.15, 5.49, 2.56, 119.47, 1.00, 0.00, 0.00, 0.00, 0.00, 0.00, 0.00, 0.00, 0.00, 0.00, 0.00, 50.08, 1.00, 34.91, 1.00, 0.00, 0.00, 30.58, 1.00, 0.00, 0.00, 70.49, 1.00, 2.99, 22.06, 27.44, 68.24, 27.40, 83.49, 18.73, 80.85, 18.62, 66.73, 29.92, 29.02, -999
14/12/16 23, 2.46, 2.30, 3.25, 2.80, 3.36, 5.50, 2.53, 119.72, 1.00, 0.00, 0.00, 0.00, 0.00, 35.80, 1.00, 0.00, 0.00, 0.00, 0.00, 49.58, 1.00, 34.53, 1.00, 0.00, 0.00, 30.46, 1.00, 0.00, 0.00, 72.88, 1.00, 2.99, 21.91, 26.53, 87.24, 26.60, 83.83, 18.66, 81.45, 18.55, 67.07, 29.45, 28.55, -999
15/12/16 00, 2.03, 2.15, 3.68, 2.93, 3.66, 5.50, 2.36, 119.98, 1.00, 0.00, 0.00, 0.00, 0.00, 35.44, 1.00, 0.00, 0.00, 0.00, 0.00, 49.41, 1.00, 34.32, 1.00, 0.00, 0.00, 29.47, 1.00, 0.00, 0.00, 72.32, 1.00, 2.99, 21.76, 26.41, 87.74, 26.48, 84.62, 18.76, 81.88, 18.65, 70.34, 29.31, 28.41, -999
15/12/16 01, 1.64, 2.15, 4.13, 3.13, 4.00, 5.50, 2.93, 119.02, 1.00, 0.00, 0.00, 0.00, 0.00, 35.05, 1.00, 0.00, 0.00, 0.00, 0.00, 48.93, 1.00, 0.00, 0.00, 0.00, 0.00, 31.07, 1.00, 0.00, 0.00, 77.34, 1.00, 2.99, 22.32, 26.50, 88.52, 26.57, 85.17, 25.54, 64.03, 25.42, 71.91, 29.43, 28.53, -999
15/12/16 02, 1.36, 2.07, 4.58, 3.49, 3.42, 5.50, 3.53, 118.25, 1.00, 0.00, 0.00, 0.00, 0.00, 33.11, 1.00, 0.00, 0.00, 0.00, 0.00, 48.21, 1.00, 0.00, 0.00, 0.00, 0.00, 30.45, 1.00, 0.00, 0.00, 80.53, 1.00, 2.99, 22.76, 26.51, 91.74, 26.57, 86.18, 25.96, 63.46, 25.85, 74.39, 29.41, 28.51, -999
15/12/16 03, 1.16, 2.05, 5.12, 4.07, 2.84, 5.50, 4.45, 118.09, 1.00, 0.00, 0.00, 0.00, 0.00, 32.37, 1.00, 0.00, 0.00, 0.00, 0.00, 48.03, 1.00, 0.00, 0.00, 0.00, 0.00, 29.52, 1.00, 0.00, 0.00, 81.00, 1.00, 2.99, 22.85, 26.52, 92.94, 26.58, 88.63, 26.11, 63.57, 26.01, 77.53, 29.40, 28.50, -999
15/12/16 04, 1.13, 2.30, 5.29, 4.38, 2.39, 5.33, 4.03, 116.99, 1.00, 0.00, 0.00, 0.00, 0.00, 0.00, 0.00, 0.00, 0.00, 0.00, 0.00, 0.00, 0.00, 0.00, 0.00, 0.00, 0.00, 0.00, 0.00, 0.00, 0.00, 60.64, 1.00, 2.99, 23.48, 29.88, 76.30, 29.88, 68.31, 28.77, 63.44, 28.77, 60.87, 32.12, 31.22, -999
15/12/16 05, 1.23, 2.94, 5.07, 3.55, 2.02, 5.11, 3.19, 117.68, 1.00, 0.00, 0.00, 0.00, 0.00, 0.00, 0.00, 0.00, 0.00, 0.00, 0.00, 0.00, 0.00, 0.00, 0.00, 0.00, 0.00, 0.00, 0.00, 0.00, 0.00, 55.45, 1.00, 2.99, 23.09, 30.12, 75.96, 30.12, 67.09, 28.70, 62.54, 28.70, 60.60, 32.34, 31.44, -999
15/12/16 06, 1.23, 3.42, 4.85, 3.12, 1.53, 4.89, 2.58, 117.29, 1.00, 0.00, 0.00, 0.00, 0.00, 0.00, 0.00, 0.00, 0.00, 0.00, 0.00, 49.17, 1.00, 0.00, 0.00, 0.00, 0.00, 0.00, 0.00, 0.00, 0.00, 70.18, 1.00, 2.99, 23.31, 28.60, 73.22, 28.56, 87.29, 28.74, 61.11, 28.74, 57.52, 31.07, 30.17, -999
15/12/16 07, 1.01, 3.58, 4.49, 3.81, 1.95, 5.11, 2.93, 119.60, 1.00, 0.00, 0.00, 0.00, 0.00, 0.00, 0.00, 0.00, 0.00, 0.00, 0.00, 49.74, 1.00, 34.87, 1.00, 0.00, 0.00, 29.98, 1.00, 0.00, 0.00, 57.37, 1.00, 2.99, 21.98, 28.45, 71.97, 28.41, 86.46, 18.61, 80.80, 18.50, 68.58, 30.86, 29.96, -999
15/12/16 08, 0.99, 3.81, 4.11, 4.25, 2.32, 5.38, 3.39, 99.35, 1.00, 99.37, 1.00, 0.00, 0.00, 0.00, 0.00, 0.00, 0.00, 0.00, 0.00, 50.00, 1.00, 34.42, 1.00, 0.00, 0.00, 30.38, 1.00, 0.00, 0.00, 65.44, 1.00, 2.97, 33.32, 28.83, 72.79, 28.79, 85.86, 18.91, 81.87, 18.80, 67.56, 31.28, 30.38, -999
15/12/16 09, 0.86, 4.01, 3.77, 4.54, 2.81, 5.50, 3.44, 98.36, 1.00, 98.38, 1.00, 0.00, 0.00, 0.00, 0.00, 0.00, 0.00, 0.00, 0.00, 0.00, 0.00, 34.83, 1.00, 0.00, 0.00, 29.66, 1.00, 0.00, 0.00, 53.81, 1.00, 2.97, 33.85, 30.71, 69.90, 30.71, 64.37, 19.34, 81.60, 19.23, 70.31, 32.92, 32.02, -999
15/12/16 10, 0.82, 4.50, 3.33, 3.00, 3.17, 5.50, 3.81, 98.40, 1.00, 98.42, 1.00, 0.00, 0.00, 0.00, 0.00, 0.00, 0.00, 0.00, 0.00, 50.75, 1.00, 34.68, 1.00, 0.00, 0.00, 30.14, 1.00, 0.00, 0.00, 63.72, 1.00, 2.97, 33.83, 29.45, 70.99, 29.40, 84.24, 19.27, 81.78, 19.17, 68.73, 31.90, 31.00, -999
15/12/16 11, 0.78, 4.63, 2.95, 3.26, 3.53, 5.50, 3.76, 98.78, 1.00, 98.80, 1.00, 0.00, 0.00, 36.57, 1.00, 0.00, 0.00, 0.00, 0.00, 50.74, 1.00, 34.78, 1.00, 0.00, 0.00, 29.78, 1.00, 0.00, 0.00, 65.31, 1.00, 2.97, 33.62, 28.62, 88.01, 28.69, 85.16, 19.15, 81.51, 19.05, 69.76, 31.52, 30.62, -999
15/12/16 12, 0.69, 4.41, 3.42, 3.30, 3.79, 5.50, 3.97, 97.72, 1.00, 97.74, 1.00, 0.00, 0.00, 35.42, 1.00, 0.00, 0.00, 0.00, 0.00, 50.71, 1.00, 34.46, 1.00, 0.00, 0.00, 30.13, 1.00, 0.00, 0.00, 69.79, 1.00, 2.97, 34.20, 28.60, 89.98, 28.67, 86.77, 19.53, 82.42, 19.43, 69.02, 31.49, 30.59, -999
15/12/16 13, 0.74, 4.26, 3.93, 3.34, 3.89, 5.50, 3.98, 97.71, 1.00, 97.73, 1.00, 0.00, 0.00, 35.28, 1.00, 0.00, 0.00, 0.00, 0.00, 50.55, 1.00, 0.00, 0.00, 0.00, 0.00, 31.55, 1.00, 0.00, 0.00, 72.17, 1.00, 2.97, 34.20, 28.51, 90.14, 28.58, 86.63, 25.97, 63.79, 25.86, 70.69, 31.41, 30.51, -999
15/12/16 14, 0.86, 4.13, 4.44, 3.43, 3.28, 5.50, 4.16, 97.63, 1.00, 97.65, 1.00, 0.00, 0.00, 35.61, 1.00, 0.00, 0.00, 0.00, 0.00, 50.51, 1.00, 0.00, 0.00, 0.00, 0.00, 31.27, 1.00, 0.00, 0.00, 73.76, 1.00, 2.97, 34.24, 28.39, 89.44, 28.46, 85.49, 26.11, 62.86, 25.99, 71.80, 31.31, 30.41, -999
15/12/16 15, 0.98, 4.01, 4.90, 3.50, 2.62, 5.50, 4.54, 97.48, 1.00, 97.50, 1.00, 0.00, 0.00, 35.47, 1.00, 0.00, 0.00, 0.00, 0.00, 50.56, 1.00, 0.00, 0.00, 0.00, 0.00, 31.51, 1.00, 0.00, 0.00, 67.99, 1.00, 2.97, 34.32, 29.61, 90.89, 29.72, 63.52, 26.20, 61.66, 26.08, 71.06, 32.09, 31.19, -999
15/12/16 16, 1.10, 4.34, 5.40, 3.67, 1.88, 5.50, 4.69, 96.41, 1.00, 96.43, 1.00, 0.00, 0.00, 0.00, 0.00, 0.00, 0.00, 0.00, 0.00, 50.79, 1.00, 0.00, 0.00, 0.00, 0.00, 30.98, 1.00, 0.00, 0.00, 60.23, 1.00, 2.98, 34.90, 31.34, 72.87, 31.34, 64.84, 26.80, 60.65, 26.68, 73.46, 33.59, 32.69, -999
15/12/16 17, 1.28, 4.60, 5.02, 3.73, 1.71, 5.21, 3.42, 97.44, 1.00, 97.46, 1.00, 0.00, 0.00, 0.00, 0.00, 0.00, 0.00, 0.00, 0.00, 50.09, 1.00, 37.26, 1.00, 0.00, 0.00, 0.00, 0.00, 0.00, 0.00, 68.35, 1.00, 2.97, 34.35, 29.67, 74.51, 29.63, 85.60, 25.56, 83.44, 25.56, 57.78, 32.14, 31.24, -999
15/12/16 18, 1.33, 4.78, 4.71, 4.15, 2.15, 4.99, 2.36, 97.16, 1.00, 97.18, 1.00, 0.00, 0.00, 0.00, 0.00, 0.00, 0.00, 0.00, 0.00, 50.28, 1.00, 34.93, 1.00, 0.00, 0.00, 30.76, 1.00, 0.00, 0.00, 67.43, 1.00, 2.97, 34.50, 29.82, 72.36, 29.78, 85.49, 19.83, 81.93, 19.72, 67.22, 32.29, 31.39, -999
15/12/16 19, 1.33, 4.95, 4.33, 4.43, 2.62, 5.17, 2.48, 97.87, 1.00, 97.89, 1.00, 0.00, 0.00, 0.00, 0.00, 0.00, 0.00, 0.00, 0.00, 50.50, 1.00, 35.21, 1.00, 0.00, 0.00, 30.87, 1.00, 0.00, 0.00, 63.62, 1.00, 2.97, 34.12, 29.92, 71.61, 29.88, 86.81, 19.44, 81.06, 19.33, 66.48, 32.37, 31.47, -999
15/12/16 20, 1.27, 5.09, 3.94, 3.73, 2.90, 5.26, 2.28, 97.89, 1.00, 97.91, 1.00, 0.00, 0.00, 0.00, 0.00, 0.00, 0.00, 0.00, 0.00, 0.00, 0.00, 34.98, 1.00, 0.00, 0.00, 30.84, 1.00, 0.00, 0.00, 62.49, 1.00, 2.97, 34.10, 30.00, 70.03, 29.96, 84.48, 19.46, 81.48, 19.35, 66.61, 32.45, 31.55, -999
15/12/16 21, 1.22, 5.20, 3.50, 2.98, 3.22, 5.37, 2.18, 98.20, 1.00, 98.22, 1.00, 0.00, 0.00, 0.00, 0.00, 0.00, 0.00, 0.00, 0.00, 49.05, 1.00, 35.10, 1.00, 0.00, 0.00, 30.81, 1.00, 0.00, 0.00, 60.22, 1.00, 2.97, 33.94, 30.08, 69.68, 30.04, 84.49, 19.27, 81.08, 19.16, 66.50, 32.51, 31.61, -999
15/12/16 22, 1.15, 5.29, 3.07, 3.00, 3.43, 5.45, 2.06, 98.49, 1.00, 98.51, 1.00, 0.00, 0.00, 0.00, 0.00, 0.00, 0.00, 0.00, 0.00, 48.82, 1.00, 34.79, 1.00, 0.00, 0.00, 30.87, 1.00, 0.00, 0.00, 58.03, 1.00, 2.97, 33.78, 30.14, 68.13, 30.09, 84.60, 19.16, 81.49, 19.04, 66.19, 32.56, 31.66, -999
15/12/16 23, 1.04, 5.07, 3.37, 2.97, 3.70, 5.48, 1.80, 98.55, 1.00, 98.57, 1.00, 0.00, 0.00, 36.75, 1.00, 0.00, 0.00, 0.00, 0.00, 48.46, 1.00, 34.52, 1.00, 0.00, 0.00, 30.86, 1.00, 0.00, 0.00, 64.03, 1.00, 2.97, 33.75, 28.97, 87.98, 29.04, 84.33, 19.17, 81.97, 19.06, 66.24, 31.87, 30.97, -999
16/12/16 00, 0.95, 4.82, 3.82, 2.96, 4.03, 5.50, 1.68, 98.33, 1.00, 98.35, 1.00, 0.00, 0.00, 36.14, 1.00, 0.00, 0.00, 0.00, 0.00, 47.46, 1.00, 0.00, 0.00, 0.00, 0.00, 31.53, 1.00, 0.00, 0.00, 66.84, 1.00, 2.97, 33.87, 28.86, 88.97, 28.93, 84.68, 25.86, 63.03, 25.74, 70.65, 31.76, 30.86, -999
16/12/16 01, 1.01, 4.61, 4.29, 3.30, 3.28, 5.50, 2.24, 96.78, 1.00, 96.80, 1.00, 0.00, 0.00, 33.36, 1.00, 0.00, 0.00, 0.00, 0.00, 46.18, 1.00, 0.00, 0.00, 0.00, 0.00, 31.86, 1.00, 0.00, 0.00, 73.76, 1.00, 2.98, 34.70, 28.95, 93.79, 29.01, 86.28, 26.45, 63.38, 26.33, 70.10, 31.84, 30.94, -999
16/12/16 02, 1.17, 4.52, 4.89, 3.92, 2.71, 5.50, 2.60, 96.78, 1.00, 96.80, 1.00, 0.00, 0.00, 34.13, 1.00, 0.00, 0.00, 0.00, 0.00, 46.33, 1.00, 0.00, 0.00, 0.00, 0.00, 31.09, 1.00, 0.00, 0.00, 74.84, 1.00, 2.98, 34.70, 28.87, 92.44, 28.93, 87.57, 26.64, 62.96, 26.53, 72.93, 31.76, 30.86, -999
16/12/16 03, 1.34, 4.63, 5.23, 4.35, 2.17, 5.50, 3.40, 95.14, 1.00, 95.16, 1.00, 0.00, 0.00, 0.00, 0.00, 0.00, 0.00, 0.00, 0.00, 47.84, 1.00, 0.00, 0.00, 0.00, 0.00, 30.20, 1.00, 0.00, 0.00, 60.22, 1.00, 2.98, 35.58, 32.18, 76.37, 32.18, 67.48, 27.59, 62.89, 27.48, 76.85, 34.42, 33.52, -999
16/12/16 04, 1.59, 5.27, 5.02, 3.79, 1.72, 5.50, 4.66, 94.57, 1.00, 94.59, 1.00, 0.00, 0.00, 0.00, 0.00, 0.00, 0.00, 0.00, 0.00, 0.00, 0.00, 0.00, 0.00, 0.00, 0.00, 29.57, 1.00, 0.00, 0.00, 59.06, 1.00, 2.98, 35.88, 32.72, 77.22, 32.72, 68.22, 28.06, 62.99, 27.95, 79.32, 34.95, 34.05, -999
16/12/16 05, 2.04, 5.30, 4.89, 3.13, 1.75, 5.35, 4.28, 89.28, 1.00, 89.30, 1.00, 0.00, 0.00, 0.00, 0.00, 0.00, 0.00, 0.00, 0.00, 0.00, 0.00, 38.21, 1.00, 0.00, 0.00, 0.00, 0.00, 0.00, 0.00, 0.00, 0.00, 2.98, 38.67, 28.37, 76.01, 28.33, 87.13, 29.56, 85.65, 29.56, 59.93, 42.11, 29.74, -999
16/12/16 06, 2.52, 4.78, 4.68, 3.47, 2.35, 5.07, 3.07, 90.39, 1.00, 90.41, 1.00, 0.00, 0.00, 0.00, 0.00, 0.00, 0.00, 0.00, 0.00, 49.63, 1.00, 37.82, 1.00, 0.00, 0.00, 0.00, 0.00, 0.00, 0.00, 0.00, 0.00, 2.98, 38.09, 27.86, 75.32, 27.82, 87.01, 29.27, 86.09, 29.27, 58.19, 41.55, 29.23, -999
16/12/16 07, 2.87, 4.26, 4.44, 3.99, 2.92, 5.10, 2.83, 90.89, 1.00, 90.91, 1.00, 0.00, 0.00, 0.00, 0.00, 0.00, 0.00, 0.00, 0.00, 49.45, 1.00, 35.88, 1.00, 0.00, 0.00, 30.95, 1.00, 0.00, 0.00, 0.00, 0.00, 2.98, 37.83, 29.26, 74.14, 29.26, 63.93, 22.89, 83.33, 22.78, 69.66, 41.01, 30.45, -999
16/12/16 08, 3.18, 4.26, 4.15, 4.51, 3.37, 5.41, 3.45, 92.00, 1.00, 92.01, 1.00, 0.00, 0.00, 0.00, 0.00, 0.00, 0.00, 0.00, 0.00, 0.00, 0.00, 35.36, 1.00, 0.00, 0.00, 31.11, 1.00, 0.00, 0.00, 0.00, 0.00, 2.98, 37.25, 29.26, 73.33, 29.26, 63.94, 22.55, 83.89, 22.43, 68.77, 40.46, 30.45, -999
16/12/16 09, 3.43, 3.83, 3.83, 3.42, 3.88, 5.50, 3.87, 92.37, 1.00, 92.39, 1.00, 0.00, 0.00, 0.00, 0.00, 0.00, 0.00, 0.00, 0.00, 0.00, 0.00, 35.67, 1.00, 0.00, 0.00, 30.79, 1.00, 0.00, 0.00, 0.00, 0.00, 2.98, 37.05, 26.82, 70.59, 26.78, 83.51, 22.47, 83.27, 22.36, 69.77, 40.32, 28.19, -999
16/12/16 10, 3.73, 3.30, 3.42, 2.93, 3.47, 5.50, 4.07, 89.93, 1.00, 89.94, 1.00, 0.00, 0.00, 0.00, 0.00, 0.00, 0.00, 0.00, 0.00, 51.26, 1.00, 0.00, 0.00, 0.00, 0.00, 32.24, 1.00, 0.00, 0.00, 0.00, 0.00, 2.98, 38.34, 26.28, 70.42, 26.24, 82.87, 30.83, 61.80, 30.71, 73.12, 42.17, 27.66, -999
16/12/16 11, 4.12, 2.76, 3.01, 3.01, 2.63, 5.50, 4.59, 89.76, 1.00, 89.78, 1.00, 0.00, 0.00, 0.00, 0.00, 0.00, 0.00, 0.00, 0.00, 50.86, 1.00, 0.00, 0.00, 0.00, 0.00, 32.20, 1.00, 0.00, 0.00, 0.00, 0.00, 2.98, 38.42, 25.80, 69.43, 25.76, 83.94, 31.08, 62.60, 30.96, 73.52, 42.36, 27.18, -999
16/12/16 12, 4.58, 1.97, 3.21, 3.28, 2.04, 5.27, 3.70, 110.85, 1.00, 0.00, 0.00, 0.00, 0.00, 33.80, 1.00, 0.00, 0.00, 0.00, 0.00, 49.15, 1.00, 0.00, 0.00, 0.00, 0.00, 0.00, 0.00, 0.00, 0.00, 0.00, 0.00, 2.99, 26.98, 21.89, 86.00, 21.95, 82.51, 32.72, 61.55, 32.72, 55.08, 39.60, 23.64, -999
16/12/16 13, 4.72, 1.11, 3.62, 3.17, 1.37, 5.09, 2.50, 112.70, 1.00, 0.00, 0.00, 0.00, 0.00, 32.43, 1.00, 0.00, 0.00, 0.00, 0.00, 48.67, 1.00, 35.96, 1.00, 0.00, 0.00, 31.08, 1.00, 0.00, 0.00, 0.00, 0.00, 2.99, 25.93, 21.18, 87.50, 21.23, 81.66, 22.34, 82.65, 22.22, 68.67, 38.53, 22.91, -999
16/12/16 14, 4.48, 0.48, 4.08, 3.90, 1.89, 5.34, 2.94, 118.66, 1.00, 0.00, 0.00, 0.00, 0.00, 34.82, 1.00, 0.00, 0.00, 0.00, 0.00, 0.00, 0.00, 34.63, 1.00, 0.00, 0.00, 30.52, 1.00, 0.00, 0.00, 92.15, 1.00, 2.99, 22.52, 24.95, 87.35, 25.01, 83.04, 19.50, 82.11, 19.39, 67.69, 27.96, 27.06, -999
16/12/16 15, 3.95, 0.56, 4.50, 2.65, 2.43, 5.50, 3.11, 118.85, 1.00, 0.00, 0.00, 0.00, 0.00, 33.78, 1.00, 0.00, 0.00, 0.00, 0.00, 47.83, 1.00, 34.65, 1.00, 0.00, 0.00, 29.71, 1.00, 0.00, 0.00, 90.44, 1.00, 2.99, 22.41, 25.05, 89.20, 25.11, 84.83, 19.53, 82.09, 19.42, 70.35, 28.02, 27.12, -999
16/12/16 16, 3.46, 0.63, 4.96, 2.56, 2.91, 5.50, 3.54, 119.37, 1.00, 0.00, 0.00, 0.00, 0.00, 33.58, 1.00, 0.00, 0.00, 0.00, 0.00, 48.74, 1.00, 34.43, 1.00, 0.00, 0.00, 29.56, 1.00, 0.00, 0.00, 87.47, 1.00, 2.99, 22.11, 25.08, 89.56, 25.14, 84.05, 19.24, 82.18, 19.13, 70.53, 28.04, 27.14, -999
16/12/16 17, 2.97, 0.75, 5.23, 2.89, 3.36, 5.50, 3.94, 119.09, 1.00, 0.00, 0.00, 0.00, 0.00, 0.00, 0.00, 0.00, 0.00, 0.00, 0.00, 49.92, 1.00, 34.04, 1.00, 0.00, 0.00, 29.29, 1.00, 0.00, 0.00, 81.63, 1.00, 2.99, 22.27, 26.34, 74.59, 26.30, 84.11, 19.51, 83.10, 19.41, 71.66, 28.88, 27.98, -999
16/12/16 18, 2.54, 1.07, 4.92, 2.88, 3.90, 5.50, 4.49, 119.56, 1.00, 0.00, 0.00, 0.00, 0.00, 0.00, 0.00, 0.00, 0.00, 0.00, 0.00, 49.47, 1.00, 34.23, 1.00, 0.00, 0.00, 29.35, 1.00, 0.00, 0.00, 77.65, 1.00, 2.99, 22.00, 26.51, 73.42, 26.47, 84.58, 19.12, 82.40, 19.01, 71.08, 29.02, 28.12, -999
16/12/16 19, 2.24, 1.41, 4.58, 3.11, 3.46, 5.41, 4.38, 117.73, 1.00, 0.00, 0.00, 0.00, 0.00, 0.00, 0.00, 0.00, 0.00, 0.00, 0.00, 49.70, 1.00, 0.00, 0.00, 0.00, 0.00, 0.00, 0.00, 0.00, 0.00, 83.76, 1.00, 2.99, 23.06, 27.09, 69.23, 27.05, 84.18, 29.04, 62.85, 29.04, 55.17, 29.64, 28.74, -999
16/12/16 20, 2.01, 1.75, 4.09, 3.19, 2.77, 5.03, 2.48, 119.09, 1.00, 0.00, 0.00, 0.00, 0.00, 0.00, 0.00, 0.00, 0.00, 0.00, 0.00, 49.73, 1.00, 0.00, 0.00, 0.00, 0.00, 32.33, 1.00, 0.00, 0.00, 75.90, 1.00, 2.99, 22.27, 27.11, 70.75, 27.07, 84.75, 25.39, 60.57, 25.26, 67.36, 29.61, 28.71, -999
16/12/16 21, 1.70, 2.02, 3.67, 3.31, 1.86, 5.18, 2.43, 119.58, 1.00, 0.00, 0.00, 0.00, 0.00, 0.00, 0.00, 0.00, 0.00, 0.00, 0.00, 50.30, 1.00, 0.00, 0.00, 0.00, 0.00, 32.31, 1.00, 0.00, 0.00, 72.17, 1.00, 2.99, 21.99, 27.22, 69.54, 27.18, 83.94, 25.07, 59.86, 24.95, 67.13, 29.71, 28.81, -999
16/12/16 22, 1.32, 2.19, 3.23, 3.04, 1.65, 5.27, 2.24, 121.07, 1.00, 0.00, 0.00, 0.00, 0.00, 0.00, 0.00, 0.00, 0.00, 0.00, 0.00, 50.08, 1.00, 34.69, 1.00, 0.00, 0.00, 30.37, 1.00, 0.00, 0.00, 62.79, 1.00, 2.99, 21.13, 27.14, 68.21, 27.10, 83.64, 17.69, 80.20, 17.58, 66.37, 29.58, 28.68, -999
16/12/16 23, 0.97, 2.17, 3.19, 2.80, 2.00, 5.36, 2.12, 98.76, 1.00, 98.78, 1.00, 0.00, 0.00, 34.70, 1.00, 0.00, 0.00, 0.00, 0.00, 49.58, 1.00, 35.14, 1.00, 0.00, 0.00, 30.67, 1.00, 0.00, 0.00, 82.74, 1.00, 2.97, 33.63, 26.57, 89.18, 26.64, 83.89, 18.99, 80.72, 18.88, 66.70, 29.53, 28.63, -999
17/12/16 00, 0.85, 2.15, 3.70, 2.93, 2.32, 5.48, 2.11, 98.88, 1.00, 98.90, 1.00, 0.00, 0.00, 34.81, 1.00, 0.00, 0.00, 0.00, 0.00, 49.41, 1.00, 34.47, 1.00, 0.00, 0.00, 30.16, 1.00, 0.00, 0.00, 82.15, 1.00, 2.97, 33.57, 26.55, 88.98, 26.62, 84.87, 19.17, 82.04, 19.06, 68.56, 29.50, 28.60, -999
17/12/16 01, 0.73, 2.13, 4.18, 3.13, 2.82, 5.50, 2.91, 97.52, 1.00, 97.54, 1.00, 0.00, 0.00, 33.46, 1.00, 0.00, 0.00, 0.00, 0.00, 48.93, 1.00, 34.26, 1.00, 0.00, 0.00, 29.27, 1.00, 0.00, 0.00, 86.97, 1.00, 2.97, 34.30, 26.59, 91.26, 26.65, 86.74, 19.96, 83.20, 19.86, 72.17, 29.54, 28.64, -999
17/12/16 02, 0.74, 2.18, 4.71, 3.49, 3.41, 5.50, 3.69, 97.86, 1.00, 97.88, 1.00, 0.00, 0.00, 33.57, 1.00, 0.00, 0.00, 0.00, 0.00, 48.21, 1.00, 34.05, 1.00, 0.00, 0.00, 29.10, 1.00, 0.00, 0.00, 85.46, 1.00, 2.97, 34.12, 26.63, 91.12, 26.69, 86.73, 19.93, 83.52, 19.83, 72.65, 29.57, 28.67, -999
17/12/16 03, 0.75, 2.49, 5.24, 4.07, 3.99, 5.50, 4.45, 97.33, 1.00, 97.35, 1.00, 0.00, 0.00, 33.41, 1.00, 0.00, 0.00, 0.00, 0.00, 48.03, 1.00, 33.88, 1.00, 0.00, 0.00, 28.51, 1.00, 0.00, 0.00, 75.16, 1.00, 2.97, 34.41, 28.60, 93.35, 28.70, 66.81, 20.27, 84.13, 20.17, 74.80, 31.10, 30.20, -999
17/12/16 04, 1.01, 3.16, 5.20, 4.38, 3.59, 5.37, 4.39, 95.41, 1.00, 95.43, 1.00, 0.00, 0.00, 0.00, 0.00, 0.00, 0.00, 0.00, 0.00, 0.00, 0.00, 0.00, 0.00, 0.00, 0.00, 0.00, 0.00, 0.00, 0.00, 85.17, 1.00, 2.98, 35.44, 28.97, 76.24, 28.93, 88.36, 29.84, 64.51, 29.84, 60.85, 31.52, 30.62, -999
17/12/16 05, 1.32, 3.54, 4.99, 3.55, 3.19, 5.14, 3.43, 95.72, 1.00, 95.73, 1.00, 0.00, 0.00, 0.00, 0.00, 0.00, 0.00, 0.00, 0.00, 0.00, 0.00, 0.00, 0.00, 0.00, 0.00, 0.00, 0.00, 0.00, 0.00, 82.55, 1.00, 2.98, 35.27, 29.19, 75.31, 29.15, 87.43, 29.90, 63.93, 29.90, 58.64, 31.73, 30.83, -999
17/12/16 06, 1.56, 3.88, 4.73, 3.12, 2.75, 4.98, 2.59, 96.36, 1.00, 96.38, 1.00, 0.00, 0.00, 0.00, 0.00, 0.00, 0.00, 0.00, 0.00, 49.17, 1.00, 0.00, 0.00, 0.00, 0.00, 31.94, 1.00, 0.00, 0.00, 77.42, 1.00, 2.98, 34.93, 29.30, 74.84, 29.26, 87.33, 26.89, 63.03, 26.77, 70.24, 31.81, 30.91, -999
17/12/16 07, 1.74, 4.36, 4.46, 3.81, 2.21, 5.31, 3.30, 95.71, 1.00, 95.73, 1.00, 0.00, 0.00, 0.00, 0.00, 0.00, 0.00, 0.00, 0.00, 49.74, 1.00, 0.00, 0.00, 0.00, 0.00, 31.96, 1.00, 0.00, 0.00, 62.06, 1.00, 2.98, 35.28, 31.73, 74.63, 31.73, 65.47, 27.27, 62.32, 27.15, 70.57, 33.98, 33.08, -999
17/12/16 08, 1.91, 4.88, 4.19, 4.25, 1.64, 5.50, 4.08, 97.04, 1.00, 97.06, 1.00, 0.00, 0.00, 0.00, 0.00, 0.00, 0.00, 0.00, 0.00, 50.00, 1.00, 0.00, 0.00, 0.00, 0.00, 30.86, 1.00, 0.00, 0.00, 69.70, 1.00, 2.97, 34.56, 29.99, 72.55, 29.95, 85.73, 26.98, 61.37, 26.87, 74.06, 32.47, 31.57, -999
17/12/16 09, 1.88, 5.06, 3.84, 4.54, 1.86, 5.50, 4.74, 96.78, 1.00, 96.80, 1.00, 0.00, 0.00, 0.00, 0.00, 0.00, 0.00, 0.00, 0.00, 0.00, 0.00, 35.37, 1.00, 0.00, 0.00, 29.84, 1.00, 0.00, 0.00, 68.48, 1.00, 2.98, 34.70, 30.12, 70.26, 30.08, 84.91, 20.43, 81.75, 20.32, 70.85, 32.59, 31.69, -999
17/12/16 10, 1.94, 5.25, 3.41, 3.00, 2.35, 5.21, 3.39, 97.17, 1.00, 97.19, 1.00, 0.00, 0.00, 0.00, 0.00, 0.00, 0.00, 0.00, 0.00, 50.75, 1.00, 37.46, 1.00, 0.00, 0.00, 0.00, 0.00, 0.00, 0.00, 66.66, 1.00, 2.97, 34.49, 30.26, 70.43, 30.21, 84.55, 26.01, 83.50, 26.01, 54.86, 32.72, 31.82, -999
17/12/16 11, 1.91, 5.40, 3.01, 3.26, 2.69, 5.08, 2.43, 97.03, 1.00, 97.05, 1.00, 0.00, 0.00, 0.00, 0.00, 0.00, 0.00, 0.00, 0.00, 50.74, 1.00, 34.98, 1.00, 0.00, 0.00, 30.86, 1.00, 0.00, 0.00, 65.21, 1.00, 2.98, 34.57, 30.39, 71.13, 30.35, 86.00, 20.17, 82.19, 20.06, 67.23, 32.84, 31.94, -999
17/12/16 12, 1.85, 5.22, 3.50, 3.30, 3.12, 5.25, 2.52, 97.04, 1.00, 97.06, 1.00, 0.00, 0.00, 36.34, 1.00, 0.00, 0.00, 0.00, 0.00, 50.71, 1.00, 34.87, 1.00, 0.00, 0.00, 30.87, 1.00, 0.00, 0.00, 70.09, 1.00, 2.97, 34.56, 29.36, 89.10, 29.43, 85.81, 20.18, 82.37, 20.06, 67.23, 32.27, 31.37, -999
17/12/16 13, 1.79, 5.05, 3.98, 3.34, 3.53, 5.41, 2.58, 97.69, 1.00, 97.71, 1.00, 0.00, 0.00, 36.05, 1.00, 0.00, 0.00, 0.00, 0.00, 50.55, 1.00, 34.77, 1.00, 0.00, 0.00, 30.70, 1.00, 0.00, 0.00, 68.84, 1.00, 2.97, 34.21, 29.16, 89.43, 29.23, 85.60, 19.92, 82.29, 19.81, 67.52, 32.07, 31.17, -999
17/12/16 14, 1.69, 4.86, 4.46, 3.43, 3.89, 5.50, 2.82, 97.13, 1.00, 97.15, 1.00, 0.00, 0.00, 34.89, 1.00, 0.00, 0.00, 0.00, 0.00, 50.51, 1.00, 34.64, 1.00, 0.00, 0.00, 30.05, 1.00, 0.00, 0.00, 71.63, 1.00, 2.97, 34.52, 29.10, 91.39, 29.16, 85.90, 20.33, 82.92, 20.22, 70.08, 32.00, 31.10, -999
17/12/16 15, 1.73, 4.74, 4.99, 3.50, 3.68, 5.50, 3.30, 96.53, 1.00, 96.55, 1.00, 0.00, 0.00, 35.57, 1.00, 0.00, 0.00, 0.00, 0.00, 50.56, 1.00, 0.00, 0.00, 0.00, 0.00, 31.21, 1.00, 0.00, 0.00, 68.46, 1.00, 2.98, 34.84, 30.33, 91.44, 30.44, 64.24, 27.03, 63.09, 26.91, 72.91, 32.82, 31.92, -999
17/12/16 16, 1.87, 5.16, 5.16, 3.67, 2.99, 5.50, 3.98, 96.07, 1.00, 96.09, 1.00, 0.00, 0.00, 0.00, 0.00, 0.00, 0.00, 0.00, 0.00, 50.79, 1.00, 0.00, 0.00, 0.00, 0.00, 31.63, 1.00, 0.00, 0.00, 58.04, 1.00, 2.98, 35.08, 32.00, 72.68, 31.99, 65.46, 27.23, 61.93, 27.12, 71.67, 34.23, 33.33, -999
17/12/16 17, 2.00, 5.43, 4.78, 3.73, 2.24, 5.50, 4.33, 95.98, 1.00, 96.00, 1.00, 0.00, 0.00, 0.00, 0.00, 0.00, 0.00, 0.00, 0.00, 50.09, 1.00, 0.00, 0.00, 0.00, 0.00, 31.23, 1.00, 0.00, 0.00, 70.20, 1.00, 2.98, 35.13, 30.53, 73.57, 30.49, 85.27, 27.39, 61.83, 27.27, 73.20, 33.02, 32.12, -999
17/12/16 18, 2.28, 5.26, 4.44, 4.15, 1.58, 5.50, 4.92, 89.82, 1.00, 89.84, 1.00, 0.00, 0.00, 0.00, 0.00, 0.00, 0.00, 0.00, 0.00, 50.28, 1.00, 0.00, 0.00, 0.00, 0.00, 0.00, 0.00, 0.00, 0.00, 0.00, 0.00, 2.98, 38.39, 28.26, 72.14, 28.22, 85.32, 33.41, 61.09, 33.41, 58.04, 42.29, 29.64, -999
17/12/16 19, 2.67, 4.73, 4.07, 4.43, 2.00, 5.12, 3.15, 93.22, 1.00, 93.24, 1.00, 0.00, 0.00, 0.00, 0.00, 0.00, 0.00, 0.00, 0.00, 50.50, 1.00, 38.24, 1.00, 0.00, 0.00, 0.00, 0.00, 0.00, 0.00, 0.00, 0.00, 2.98, 36.60, 27.73, 71.42, 27.69, 84.77, 27.88, 83.90, 27.88, 55.18, 39.90, 29.11, -999
17/12/16 20, 2.89, 4.20, 3.67, 3.73, 2.35, 4.97, 2.13, 93.04, 1.00, 93.05, 1.00, 0.00, 0.00, 0.00, 0.00, 0.00, 0.00, 0.00, 0.00, 0.00, 0.00, 35.82, 1.00, 0.00, 0.00, 31.54, 1.00, 0.00, 0.00, 0.00, 0.00, 2.98, 36.70, 27.22, 70.85, 27.18, 84.70, 21.68, 82.22, 21.56, 66.44, 39.78, 28.59, -999
17/12/16 21, 3.10, 3.67, 3.28, 2.98, 2.74, 5.06, 1.94, 93.46, 1.00, 93.48, 1.00, 0.00, 0.00, 0.00, 0.00, 0.00, 0.00, 0.00, 0.00, 49.05, 1.00, 35.99, 1.00, 0.00, 0.00, 31.48, 1.00, 0.00, 0.00, 0.00, 0.00, 2.98, 36.47, 26.66, 66.11, 26.62, 83.46, 21.53, 81.78, 21.41, 66.50, 39.61, 28.04, -999
17/12/16 22, 3.27, 3.05, 2.95, 3.00, 3.02, 5.16, 1.83, 94.46, 1.00, 94.48, 1.00, 0.00, 0.00, 34.77, 1.00, 0.00, 0.00, 0.00, 0.00, 48.82, 1.00, 36.10, 1.00, 0.00, 0.00, 31.48, 1.00, 0.00, 0.00, 0.00, 0.00, 2.98, 35.94, 22.78, 85.27, 22.85, 82.28, 21.11, 81.15, 20.99, 66.06, 39.14, 24.56, -999
17/12/16 23, 3.36, 2.16, 3.34, 2.97, 3.15, 5.19, 1.53, 93.37, 1.00, 93.39, 1.00, 0.00, 0.00, 33.83, 1.00, 0.00, 0.00, 0.00, 0.00, 48.46, 1.00, 35.94, 1.00, 0.00, 0.00, 31.62, 1.00, 0.00, 0.00, 0.00, 0.00, 2.98, 36.52, 22.05, 86.12, 22.12, 82.37, 21.67, 82.00, 21.55, 66.13, 39.74, 23.81, -999
18/12/16 00, 3.52, 1.29, 3.74, 2.96, 3.40, 5.24, 1.34, 91.14, 1.00, 91.16, 1.00, 0.00, 0.00, 32.46, 1.00, 0.00, 0.00, 0.00, 0.00, 47.46, 1.00, 35.39, 1.00, 0.00, 0.00, 31.43, 1.00, 0.00, 0.00, 0.00, 0.00, 2.98, 37.70, 21.47, 87.75, 21.52, 83.81, 23.03, 84.32, 22.91, 68.17, 41.04, 23.19, -999
18/12/16 01, 3.79, 0.45, 4.20, 3.30, 3.95, 5.47, 1.85, 95.36, 1.00, 95.38, 1.00, 0.00, 0.00, 32.93, 1.00, 0.00, 0.00, 0.00, 0.00, 46.18, 1.00, 34.55, 1.00, 0.00, 0.00, 30.78, 1.00, 0.00, 0.00, 109.43, 1.00, 2.98, 35.46, 25.52, 91.04, 25.58, 86.31, 22.04, 84.79, 21.93, 69.40, 28.61, 27.71, -999
18/12/16 02, 3.76, 0.76, 4.73, 3.92, 3.53, 5.50, 2.98, 94.59, 1.00, 94.60, 1.00, 0.00, 0.00, 32.81, 1.00, 0.00, 0.00, 0.00, 0.00, 46.33, 1.00, 0.00, 0.00, 0.00, 0.00, 30.78, 1.00, 0.00, 0.00, 110.49, 1.00, 2.98, 35.88, 25.90, 91.62, 25.96, 87.21, 28.95, 64.13, 28.83, 76.29, 29.00, 28.10, -999
18/12/16 03, 3.80, 1.15, 5.27, 4.35, 3.06, 5.50, 4.18, 93.75, 1.00, 93.77, 1.00, 0.00, 0.00, 32.62, 1.00, 0.00, 0.00, 0.00, 0.00, 47.84, 1.00, 0.00, 0.00, 0.00, 0.00, 30.11, 1.00, 0.00, 0.00, 96.83, 1.00, 2.98, 36.32, 28.84, 94.87, 28.93, 68.23, 29.36, 64.20, 29.26, 78.91, 31.47, 30.57, -999
18/12/16 04, 4.02, 2.01, 5.29, 3.79, 2.72, 5.38, 4.24, 91.94, 1.00, 91.96, 1.00, 0.00, 0.00, 0.00, 0.00, 0.00, 0.00, 0.00, 0.00, 0.00, 0.00, 0.00, 0.00, 0.00, 0.00, 0.00, 0.00, 0.00, 0.00, 85.97, 1.00, 2.98, 37.28, 31.92, 76.82, 31.92, 67.75, 32.78, 63.86, 32.78, 61.04, 34.30, 33.40, -999
18/12/16 05, 4.31, 2.82, 5.10, 3.13, 2.37, 5.16, 3.39, 92.53, 1.00, 92.55, 1.00, 0.00, 0.00, 0.00, 0.00, 0.00, 0.00, 0.00, 0.00, 0.00, 0.00, 0.00, 0.00, 0.00, 0.00, 0.00, 0.00, 0.00, 0.00, 99.61, 1.00, 2.98, 36.97, 29.49, 76.54, 29.45, 88.84, 32.61, 63.35, 32.61, 60.54, 32.14, 31.24, -999
18/12/16 06, 4.49, 3.34, 4.91, 3.47, 1.99, 4.93, 2.67, 112.89, 1.00, 0.00, 0.00, 0.00, 0.00, 0.00, 0.00, 0.00, 0.00, 0.00, 0.00, 49.63, 1.00, 0.00, 0.00, 0.00, 0.00, 0.00, 0.00, 0.00, 0.00, 89.40, 1.00, 2.99, 25.82, 29.37, 75.77, 29.33, 88.60, 31.83, 62.72, 31.83, 59.15, 31.95, 31.05, -999
18/12/16 07, 4.33, 3.85, 4.68, 3.99, 1.54, 5.15, 3.15, 113.45, 1.00, 0.00, 0.00, 0.00, 0.00, 0.00, 0.00, 0.00, 0.00, 0.00, 0.00, 49.45, 1.00, 0.00, 0.00, 0.00, 0.00, 32.27, 1.00, 0.00, 0.00, 65.49, 1.00, 2.99, 25.51, 31.94, 75.01, 31.94, 65.73, 28.90, 61.84, 28.78, 71.09, 34.20, 33.30, -999
18/12/16 08, 4.06, 4.50, 4.43, 4.51, 2.06, 5.47, 3.80, 115.12, 1.00, 0.00, 0.00, 0.00, 0.00, 0.00, 0.00, 0.00, 0.00, 0.00, 0.00, 0.00, 0.00, 35.44, 1.00, 0.00, 0.00, 30.53, 1.00, 0.00, 0.00, 58.31, 1.00, 2.99, 24.55, 31.54, 73.11, 31.54, 65.24, 21.38, 82.59, 21.27, 69.55, 33.78, 32.88, -999
18/12/16 09, 3.72, 4.54, 4.09, 3.42, 2.56, 5.50, 4.50, 117.16, 1.00, 0.00, 0.00, 0.00, 0.00, 0.00, 0.00, 0.00, 0.00, 0.00, 0.00, 0.00, 0.00, 35.19, 1.00, 0.00, 0.00, 29.63, 1.00, 0.00, 0.00, 66.63, 1.00, 2.99, 23.39, 29.15, 71.01, 29.07, 107.95, 20.40, 82.04, 20.30, 71.47, 31.78, 30.88, -999
18/12/16 10, 3.36, 4.62, 3.68, 2.93, 2.98, 5.41, 4.38, 116.79, 1.00, 0.00, 0.00, 0.00, 0.00, 0.00, 0.00, 0.00, 0.00, 0.00, 0.00, 51.26, 1.00, 37.16, 1.00, 0.00, 0.00, 0.00, 0.00, 0.00, 0.00, 66.54, 1.00, 2.99, 23.60, 29.66, 69.81, 29.61, 86.04, 26.26, 84.32, 26.26, 57.03, 32.11, 31.21, -999
18/12/16 11, 3.07, 4.78, 3.24, 3.01, 3.41, 5.00, 2.50, 117.28, 1.00, 0.00, 0.00, 0.00, 0.00, 0.00, 0.00, 0.00, 0.00, 0.00, 0.00, 50.86, 1.00, 37.02, 1.00, 0.00, 0.00, 0.00, 0.00, 0.00, 0.00, 62.88, 1.00, 2.99, 23.32, 29.73, 69.83, 29.69, 85.86, 25.97, 84.28, 25.97, 54.35, 32.17, 31.27, -999
18/12/16 12, 2.69, 4.71, 3.20, 3.95, 3.75, 4.97, 1.92, 119.05, 1.00, 0.00, 0.00, 0.00, 0.00, 35.99, 1.00, 0.00, 0.00, 0.00, 0.00, 49.15, 1.00, 34.21, 1.00, 0.00, 0.00, 30.87, 1.00, 0.00, 0.00, 58.71, 1.00, 2.99, 22.30, 28.49, 88.86, 28.56, 85.22, 19.06, 82.38, 18.95, 66.09, 31.34, 30.44, -999
18/12/16 13, 2.34, 4.44, 3.68, 3.87, 3.74, 5.06, 1.78, 117.66, 1.00, 0.00, 0.00, 0.00, 0.00, 36.26, 1.00, 0.00, 0.00, 0.00, 0.00, 48.67, 1.00, 0.00, 0.00, 0.00, 0.00, 32.57, 1.00, 0.00, 0.00, 67.30, 1.00, 2.99, 23.10, 28.50, 88.40, 28.57, 84.88, 26.23, 62.25, 26.10, 67.36, 31.40, 30.50, -999
18/12/16 14, 2.09, 4.23, 4.14, 3.69, 2.92, 5.23, 1.87, 118.14, 1.00, 0.00, 0.00, 0.00, 0.00, 35.99, 1.00, 0.00, 0.00, 0.00, 0.00, 0.00, 0.00, 0.00, 0.00, 0.00, 0.00, 32.47, 1.00, 0.00, 0.00, 66.40, 1.00, 2.99, 22.82, 28.30, 88.68, 28.37, 85.57, 25.93, 61.73, 25.81, 67.40, 31.18, 30.28, -999
18/12/16 15, 1.84, 4.03, 4.59, 3.80, 2.15, 5.38, 1.95, 118.86, 1.00, 0.00, 0.00, 0.00, 0.00, 35.68, 1.00, 0.00, 0.00, 0.00, 0.00, 47.83, 1.00, 0.00, 0.00, 0.00, 0.00, 32.55, 1.00, 0.00, 0.00, 64.68, 1.00, 2.99, 22.40, 28.05, 88.96, 28.12, 85.24, 25.48, 59.93, 25.36, 66.68, 30.92, 30.02, -999
18/12/16 16, 1.53, 3.78, 5.03, 3.80, 1.57, 5.42, 1.68, 121.03, 1.00, 0.00, 0.00, 0.00, 0.00, 36.15, 1.00, 0.00, 0.00, 0.00, 0.00, 48.74, 1.00, 34.87, 1.00, 0.00, 0.00, 30.44, 1.00, 0.00, 0.00, 56.02, 1.00, 2.99, 21.15, 27.45, 87.54, 27.52, 84.53, 17.67, 79.86, 17.56, 66.13, 30.29, 29.39, -999
18/12/16 17, 1.12, 3.54, 5.20, 3.58, 1.86, 5.48, 1.59, 121.16, 1.00, 0.00, 0.00, 0.00, 0.00, 0.00, 0.00, 0.00, 0.00, 0.00, 0.00, 49.92, 1.00, 34.94, 1.00, 0.00, 0.00, 30.46, 1.00, 0.00, 0.00, 49.44, 1.00, 2.99, 21.07, 28.35, 70.79, 28.31, 84.61, 17.52, 79.60, 17.41, 65.91, 30.73, 29.83, -999
18/12/16 18, 0.92, 3.66, 4.75, 3.41, 2.08, 5.50, 1.40, 98.84, 1.00, 98.86, 1.00, 0.00, 0.00, 0.00, 0.00, 0.00, 0.00, 0.00, 0.00, 49.47, 1.00, 35.18, 1.00, 0.00, 0.00, 30.90, 1.00, 0.00, 0.00, 68.28, 1.00, 2.97, 33.59, 28.73, 69.72, 28.69, 84.54, 18.82, 80.49, 18.71, 65.77, 31.20, 30.30, -999
18/12/16 19, 0.81, 3.84, 4.27, 3.22, 2.36, 5.45, 1.08, 98.88, 1.00, 98.90, 1.00, 0.00, 0.00, 0.00, 0.00, 0.00, 0.00, 0.00, 0.00, 49.70, 1.00, 35.03, 1.00, 0.00, 0.00, 30.85, 1.00, 0.00, 0.00, 66.63, 1.00, 2.97, 33.57, 28.86, 70.21, 28.82, 84.44, 18.80, 80.72, 18.68, 65.91, 31.33, 30.43, -999
18/12/16 20, 0.70, 4.00, 3.83, 3.05, 2.64, 5.50, 1.24, 99.27, 1.00, 99.28, 1.00, 0.00, 0.00, 0.00, 0.00, 0.00, 0.00, 0.00, 0.00, 49.73, 1.00, 33.73, 1.00, 0.00, 0.00, 22.34, 1.00, 22.31, 1.00, 63.13, 1.00, 2.97, 33.36, 28.94, 69.10, 28.90, 84.40, 15.08, 79.26, 14.85, 85.18, 31.39, 30.49, -999
18/12/16 21, 0.56, 4.12, 3.36, 2.91, 2.83, 5.50, 2.56, 98.91, 1.00, 98.93, 1.00, 0.00, 0.00, 0.00, 0.00, 0.00, 0.00, 0.00, 0.00, 50.30, 1.00, 33.28, 1.00, 0.00, 0.00, 22.87, 1.00, 22.83, 1.00, 63.21, 1.00, 2.97, 33.56, 29.07, 69.13, 29.03, 85.09, 15.02, 79.94, 14.79, 83.99, 31.52, 30.62, -999
18/12/16 22, 0.47, 4.19, 3.09, 3.02, 3.16, 5.50, 2.87, 99.10, 1.00, 99.12, 1.00, 0.00, 0.00, 36.17, 1.00, 0.00, 0.00, 0.00, 0.00, 50.08, 1.00, 34.35, 1.00, 0.00, 0.00, 29.75, 1.00, 0.00, 0.00, 66.41, 1.00, 2.97, 33.45, 28.22, 88.27, 28.29, 84.62, 18.98, 82.06, 18.87, 69.67, 31.12, 30.22, -999
18/12/16 23, 0.39, 3.98, 3.55, 3.01, 3.58, 5.50, 3.23, 98.29, 1.00, 98.31, 1.00, 0.00, 0.00, 36.06, 1.00, 0.00, 0.00, 0.00, 0.00, 49.58, 1.00, 34.33, 1.00, 0.00, 0.00, 29.45, 1.00, 0.00, 0.00, 70.17, 1.00, 2.97, 33.89, 28.15, 88.39, 28.22, 85.69, 19.35, 82.45, 19.24, 70.98, 31.05, 30.15, -999
19/12/16 00, 0.39, 3.81, 4.02, 3.28, 4.00, 5.50, 3.77, 98.55, 1.00, 98.57, 1.00, 0.00, 0.00, 35.35, 1.00, 0.00, 0.00, 0.00, 0.00, 49.41, 1.00, 34.16, 1.00, 0.00, 0.00, 29.57, 1.00, 0.00, 0.00, 70.27, 1.00, 2.97, 33.75, 28.03, 89.52, 28.10, 86.71, 19.27, 82.66, 19.16, 70.54, 30.92, 30.02, -999
19/12/16 01, 0.50, 3.69, 4.50, 3.72, 3.31, 5.50, 4.27, 97.42, 1.00, 97.44, 1.00, 0.00, 0.00, 35.29, 1.00, 0.00, 0.00, 0.00, 0.00, 48.93, 1.00, 0.00, 0.00, 0.00, 0.00, 30.73, 1.00, 0.00, 0.00, 76.86, 1.00, 2.97, 34.36, 28.02, 89.62, 28.09, 85.77, 26.08, 62.67, 25.97, 73.59, 30.95, 30.05, -999
19/12/16 02, 0.66, 3.61, 4.97, 3.90, 2.61, 5.50, 4.95, 96.87, 1.00, 96.89, 1.00, 0.00, 0.00, 33.47, 1.00, 0.00, 0.00, 0.00, 0.00, 48.21, 1.00, 0.00, 0.00, 0.00, 0.00, 0.00, 0.00, 0.00, 0.00, 81.68, 1.00, 2.98, 34.66, 28.04, 92.70, 28.10, 87.05, 29.10, 62.90, 29.10, 60.38, 30.96, 30.06, -999
19/12/16 03, 0.92, 3.68, 5.33, 4.31, 2.08, 5.22, 3.65, 95.94, 1.00, 95.96, 1.00, 0.00, 0.00, 0.00, 0.00, 0.00, 0.00, 0.00, 0.00, 48.03, 1.00, 0.00, 0.00, 0.00, 0.00, 0.00, 0.00, 0.00, 0.00, 80.18, 1.00, 2.98, 35.15, 29.28, 76.64, 29.24, 89.16, 29.62, 62.82, 29.62, 59.34, 31.80, 30.90, -999
19/12/16 04, 1.23, 4.20, 5.13, 4.17, 1.63, 4.95, 2.54, 95.12, 1.00, 95.14, 1.00, 0.00, 0.00, 0.00, 0.00, 0.00, 0.00, 0.00, 0.00, 0.00, 0.00, 0.00, 0.00, 0.00, 0.00, 31.72, 1.00, 0.00, 0.00, 62.40, 1.00, 2.98, 35.59, 31.92, 75.68, 31.92, 69.26, 27.32, 62.84, 27.21, 71.45, 34.17, 33.27, -999
19/12/16 05, 1.42, 4.83, 4.88, 3.40, 1.89, 5.32, 3.45, 96.05, 1.00, 96.06, 1.00, 0.00, 0.00, 0.00, 0.00, 0.00, 0.00, 0.00, 0.00, 0.00, 0.00, 34.76, 1.00, 0.00, 0.00, 30.01, 1.00, 0.00, 0.00, 54.87, 1.00, 2.98, 35.10, 31.97, 75.93, 31.97, 68.00, 20.51, 82.89, 20.40, 70.36, 34.19, 33.29, -999
19/12/16 06, 1.50, 5.22, 4.66, 3.38, 2.50, 5.50, 4.35, 96.29, 1.00, 96.31, 1.00, 0.00, 0.00, 0.00, 0.00, 0.00, 0.00, 0.00, 0.00, 49.21, 1.00, 34.35, 1.00, 0.00, 0.00, 29.34, 1.00, 0.00, 0.00, 67.59, 1.00, 2.98, 34.96, 30.32, 75.30, 30.28, 89.15, 20.76, 83.84, 20.65, 72.74, 32.78, 31.88, -999
19/12/16 07, 1.59, 5.42, 4.42, 4.13, 3.19, 5.42, 4.45, 97.18, 1.00, 97.20, 1.00, 0.00, 0.00, 0.00, 0.00, 0.00, 0.00, 0.00, 0.00, 50.01, 1.00, 36.97, 1.00, 0.00, 0.00, 0.00, 0.00, 0.00, 0.00, 64.18, 1.00, 2.97, 34.49, 30.41, 75.36, 30.37, 87.69, 25.88, 84.28, 25.88, 57.55, 32.85, 31.95, -999
19/12/16 08, 1.74, 5.45, 4.20, 4.38, 3.62, 5.03, 2.66, 92.82, 1.00, 92.84, 1.00, 0.00, 0.00, 0.00, 0.00, 0.00, 0.00, 0.00, 0.00, 0.00, 0.00, 37.44, 1.00, 0.00, 0.00, 0.00, 0.00, 0.00, 0.00, 0.00, 0.00, 2.98, 36.81, 30.45, 70.46, 30.45, 62.24, 27.81, 85.34, 27.81, 55.21, 39.90, 31.64, -999
19/12/16 09, 2.00, 5.37, 3.77, 3.01, 4.00, 5.04, 2.22, 93.00, 1.00, 93.02, 1.00, 0.00, 0.00, 0.00, 0.00, 0.00, 0.00, 0.00, 0.00, 50.46, 1.00, 0.00, 0.00, 0.00, 0.00, 33.25, 1.00, 0.00, 0.00, 0.00, 0.00, 2.98, 36.72, 28.34, 68.33, 28.30, 84.73, 28.44, 62.93, 28.31, 67.08, 39.90, 29.72, -999
19/12/16 10, 2.34, 4.83, 3.28, 3.03, 3.24, 5.15, 2.01, 92.65, 1.00, 92.67, 1.00, 0.00, 0.00, 0.00, 0.00, 0.00, 0.00, 0.00, 0.00, 50.06, 1.00, 0.00, 0.00, 0.00, 0.00, 32.90, 1.00, 0.00, 0.00, 0.00, 0.00, 2.98, 36.91, 27.84, 71.08, 27.80, 85.01, 28.82, 62.85, 28.69, 68.74, 40.21, 29.21, -999
19/12/16 11, 2.69, 4.21, 3.11, 3.15, 2.59, 5.39, 2.39, 92.90, 1.00, 92.92, 1.00, 0.00, 0.00, 34.47, 1.00, 0.00, 0.00, 0.00, 0.00, 48.89, 1.00, 0.00, 0.00, 0.00, 0.00, 32.90, 1.00, 0.00, 0.00, 0.00, 0.00, 2.98, 36.77, 23.99, 86.99, 24.05, 83.51, 28.85, 61.61, 28.72, 68.76, 40.14, 25.76, -999
19/12/16 12, 3.00, 3.33, 3.55, 3.02, 1.84, 5.50, 2.82, 91.45, 1.00, 91.46, 1.00, 0.00, 0.00, 33.69, 1.00, 0.00, 0.00, 0.00, 0.00, 48.17, 1.00, 0.00, 0.00, 0.00, 0.00, 32.13, 1.00, 0.00, 0.00, 0.00, 0.00, 2.98, 37.54, 23.28, 87.57, 23.34, 84.15, 29.80, 61.46, 29.68, 72.49, 41.09, 25.03, -999
19/12/16 13, 3.33, 2.46, 4.00, 3.17, 1.48, 5.50, 3.40, 92.22, 1.00, 92.24, 1.00, 0.00, 0.00, 30.82, 1.00, 0.00, 0.00, 0.00, 0.00, 48.53, 1.00, 36.76, 1.00, 0.00, 0.00, 29.66, 1.00, 0.00, 0.00, 0.00, 0.00, 2.98, 37.13, 22.71, 91.48, 22.75, 82.90, 22.51, 81.36, 22.41, 73.49, 40.37, 24.42, -999
19/12/16 14, 3.55, 1.63, 4.56, 2.88, 1.78, 5.50, 4.27, 92.29, 1.00, 92.31, 1.00, 0.00, 0.00, 33.21, 1.00, 0.00, 0.00, 0.00, 0.00, 47.32, 1.00, 35.89, 1.00, 0.00, 0.00, 29.70, 1.00, 0.00, 0.00, 0.00, 0.00, 2.98, 37.09, 21.72, 86.80, 21.78, 84.14, 22.78, 83.20, 22.68, 73.62, 40.41, 23.46, -999
19/12/16 15, 3.80, 0.77, 4.95, 3.15, 2.36, 5.40, 4.34, 90.46, 1.00, 90.47, 1.00, 0.00, 0.00, 32.07, 1.00, 0.00, 0.00, 0.00, 0.00, 47.50, 1.00, 38.41, 1.00, 0.00, 0.00, 0.00, 0.00, 0.00, 0.00, 0.00, 0.00, 2.98, 38.06, 20.98, 87.87, 21.04, 83.06, 29.67, 85.38, 29.67, 57.12, 41.81, 22.70, -999
19/12/16 16, 3.91, 0.50, 5.38, 3.12, 2.84, 5.00, 2.50, 96.34, 1.00, 96.36, 1.00, 0.00, 0.00, 0.00, 0.00, 0.00, 0.00, 0.00, 0.00, 49.32, 1.00, 35.12, 1.00, 0.00, 0.00, 31.07, 1.00, 0.00, 0.00, 98.39, 1.00, 2.98, 34.94, 27.06, 73.04, 27.02, 85.68, 21.31, 83.08, 21.20, 67.66, 29.70, 28.80, -999
19/12/16 17, 3.69, 1.01, 5.00, 3.44, 3.34, 5.21, 2.69, 95.95, 1.00, 95.97, 1.00, 0.00, 0.00, 0.00, 0.00, 0.00, 0.00, 0.00, 0.00, 49.57, 1.00, 35.04, 1.00, 0.00, 0.00, 31.04, 1.00, 0.00, 0.00, 96.87, 1.00, 2.98, 35.15, 27.45, 74.29, 27.41, 85.58, 21.49, 83.40, 21.38, 67.94, 30.09, 29.19, -999
19/12/16 18, 3.51, 1.50, 4.69, 3.65, 3.82, 5.41, 2.91, 96.13, 1.00, 96.15, 1.00, 0.00, 0.00, 0.00, 0.00, 0.00, 0.00, 0.00, 0.00, 49.68, 1.00, 35.12, 1.00, 0.00, 0.00, 30.92, 1.00, 0.00, 0.00, 93.80, 1.00, 2.98, 35.05, 27.75, 73.17, 27.71, 85.68, 21.34, 83.10, 21.22, 68.20, 30.36, 29.46, -999
19/12/16 19, 3.42, 1.97, 4.35, 3.82, 3.59, 5.50, 3.37, 96.29, 1.00, 96.31, 1.00, 0.00, 0.00, 0.00, 0.00, 0.00, 0.00, 0.00, 0.00, 50.41, 1.00, 0.00, 0.00, 0.00, 0.00, 31.88, 1.00, 0.00, 0.00, 92.09, 1.00, 2.98, 34.96, 28.07, 72.43, 28.03, 84.57, 28.05, 62.86, 27.93, 71.60, 30.68, 29.78, -999
19/12/16 20, 3.35, 2.40, 3.98, 3.58, 2.88, 5.50, 3.78, 96.06, 1.00, 96.08, 1.00, 0.00, 0.00, 0.00, 0.00, 0.00, 0.00, 0.00, 0.00, 50.17, 1.00, 0.00, 0.00, 0.00, 0.00, 32.52, 1.00, 0.00, 0.00, 90.26, 1.00, 2.98, 35.09, 28.41, 70.19, 28.37, 85.38, 27.99, 61.23, 27.87, 69.31, 31.01, 30.11, -999
19/12/16 21, 3.31, 2.82, 3.55, 3.66, 2.04, 5.50, 3.63, 96.33, 1.00, 96.34, 1.00, 0.00, 0.00, 0.00, 0.00, 0.00, 0.00, 0.00, 0.00, 50.47, 1.00, 0.00, 0.00, 0.00, 0.00, 32.57, 1.00, 0.00, 0.00, 87.42, 1.00, 2.98, 34.95, 28.66, 69.83, 28.62, 85.04, 27.87, 60.40, 27.74, 68.97, 31.24, 30.34, -999
19/12/16 22, 3.22, 3.19, 3.12, 3.60, 1.50, 5.50, 3.40, 97.41, 1.00, 97.43, 1.00, 0.00, 0.00, 0.00, 0.00, 0.00, 0.00, 0.00, 0.00, 50.42, 1.00, 35.76, 1.00, 0.00, 0.00, 30.85, 1.00, 0.00, 0.00, 80.80, 1.00, 2.97, 34.37, 28.72, 69.22, 28.68, 85.19, 20.35, 81.00, 20.24, 67.45, 31.26, 30.36, -999
19/12/16 23, 2.98, 3.26, 3.33, 3.59, 1.85, 5.50, 3.07, 97.05, 1.00, 97.07, 1.00, 0.00, 0.00, 36.51, 1.00, 0.00, 0.00, 0.00, 0.00, 50.02, 1.00, 35.58, 1.00, 0.00, 0.00, 30.93, 1.00, 0.00, 0.00, 86.59, 1.00, 2.97, 34.56, 27.64, 87.08, 27.71, 85.01, 20.51, 81.48, 20.40, 67.36, 30.65, 29.75, -999
20/12/16 00, 2.80, 3.26, 3.75, 3.60, 2.24, 5.50, 2.80, 96.54, 1.00, 96.56, 1.00, 0.00, 0.00, 35.55, 1.00, 0.00, 0.00, 0.00, 0.00, 50.16, 1.00, 35.50, 1.00, 0.00, 0.00, 30.27, 1.00, 0.00, 0.00, 88.24, 1.00, 2.98, 34.83, 27.65, 88.80, 27.72, 84.74, 20.91, 82.02, 20.80, 69.94, 30.66, 29.76, -999
20/12/16 01, 2.67, 3.28, 4.22, 3.51, 2.65, 5.50, 3.17, 97.31, 1.00, 97.32, 1.00, 0.00, 0.00, 33.35, 1.00, 0.00, 0.00, 0.00, 0.00, 49.79, 1.00, 34.48, 1.00, 0.00, 0.00, 30.10, 1.00, 0.00, 0.00, 84.73, 1.00, 2.97, 34.42, 27.71, 92.57, 27.77, 85.51, 20.75, 83.62, 20.64, 70.32, 30.66, 29.76, -999
20/12/16 02, 2.50, 3.30, 4.79, 3.68, 3.28, 5.50, 3.56, 96.23, 1.00, 96.25, 1.00, 0.00, 0.00, 33.83, 1.00, 0.00, 0.00, 0.00, 0.00, 48.61, 1.00, 34.60, 1.00, 0.00, 0.00, 29.48, 1.00, 0.00, 0.00, 88.27, 1.00, 2.98, 35.00, 27.76, 91.83, 27.82, 87.82, 21.34, 84.00, 21.24, 72.89, 30.72, 29.82, -999
20/12/16 03, 2.43, 3.36, 5.33, 4.27, 3.87, 5.50, 4.33, 95.49, 1.00, 95.51, 1.00, 0.00, 0.00, 0.00, 0.00, 0.00, 0.00, 0.00, 0.00, 48.35, 1.00, 34.11, 1.00, 0.00, 0.00, 28.60, 1.00, 0.00, 0.00, 83.60, 1.00, 2.98, 35.39, 29.13, 76.11, 29.09, 89.57, 21.89, 85.37, 21.79, 76.15, 31.67, 30.77, -999
20/12/16 04, 2.66, 3.99, 5.10, 4.01, 3.67, 5.39, 4.42, 92.65, 1.00, 92.67, 1.00, 0.00, 0.00, 0.00, 0.00, 0.00, 0.00, 0.00, 0.00, 0.00, 0.00, 0.00, 0.00, 0.00, 0.00, 0.00, 0.00, 0.00, 0.00, 74.07, 1.00, 2.98, 36.90, 32.72, 76.24, 32.72, 68.54, 31.90, 64.61, 31.90, 60.94, 35.03, 34.13, -999
20/12/16 05, 3.02, 4.76, 4.89, 3.14, 3.28, 5.16, 3.48, 93.09, 1.00, 93.11, 1.00, 0.00, 0.00, 0.00, 0.00, 0.00, 0.00, 0.00, 0.00, 0.00, 0.00, 0.00, 0.00, 0.00, 0.00, 0.00, 0.00, 0.00, 0.00, 69.43, 1.00, 2.98, 36.67, 33.07, 73.85, 33.07, 66.64, 31.92, 63.82, 31.92, 59.26, 35.36, 34.46, -999
20/12/16 06, 3.30, 5.22, 4.56, 3.39, 2.79, 4.86, 2.30, 95.57, 1.00, 95.59, 1.00, 0.00, 0.00, 0.00, 0.00, 0.00, 0.00, 0.00, 0.00, 50.28, 1.00, 0.00, 0.00, 0.00, 0.00, 31.93, 1.00, 0.00, 0.00, 75.64, 1.00, 2.98, 35.35, 30.54, 75.23, 30.50, 87.28, 28.18, 63.24, 28.06, 71.97, 33.05, 32.15, -999
20/12/16 07, 3.34, 5.48, 4.32, 3.83, 2.29, 5.27, 3.38, 94.89, 1.00, 94.91, 1.00, 0.00, 0.00, 0.00, 0.00, 0.00, 0.00, 0.00, 0.00, 50.44, 1.00, 0.00, 0.00, 0.00, 0.00, 32.17, 1.00, 0.00, 0.00, 76.33, 1.00, 2.98, 35.72, 30.82, 73.36, 30.78, 87.26, 28.40, 61.93, 28.28, 70.94, 33.34, 32.44, -999
20/12/16 08, 3.73, 5.01, 4.00, 4.15, 1.64, 5.50, 4.22, 91.59, 1.00, 91.61, 1.00, 0.00, 0.00, 0.00, 0.00, 0.00, 0.00, 0.00, 0.00, 48.97, 1.00, 0.00, 0.00, 0.00, 0.00, 30.94, 1.00, 0.00, 0.00, 0.00, 0.00, 2.98, 37.46, 28.10, 71.20, 28.06, 87.39, 30.23, 60.38, 30.11, 77.04, 41.19, 29.47, -999
20/12/16 09, 3.97, 4.49, 3.60, 4.59, 1.86, 5.38, 4.25, 90.93, 1.00, 90.95, 1.00, 0.00, 0.00, 0.00, 0.00, 0.00, 0.00, 0.00, 0.00, 0.00, 0.00, 38.69, 1.00, 0.00, 0.00, 0.00, 0.00, 0.00, 0.00, 0.00, 0.00, 2.98, 37.81, 29.49, 70.90, 29.49, 63.00, 29.46, 84.62, 29.46, 56.38, 41.57, 30.68, -999
20/12/16 10, 4.29, 4.49, 3.21, 3.01, 2.29, 4.95, 2.27, 91.35, 1.00, 91.37, 1.00, 0.00, 0.00, 0.00, 0.00, 0.00, 0.00, 0.00, 0.00, 0.00, 0.00, 36.15, 1.00, 0.00, 0.00, 31.56, 1.00, 0.00, 0.00, 0.00, 0.00, 2.98, 37.59, 29.49, 70.90, 29.49, 60.41, 23.01, 82.97, 22.90, 67.74, 41.13, 30.68, -999
20/12/16 11, 4.49, 3.88, 3.04, 3.01, 2.75, 5.16, 2.49, 90.91, 1.00, 90.92, 1.00, 0.00, 0.00, 33.78, 1.00, 0.00, 0.00, 0.00, 0.00, 48.12, 1.00, 36.13, 1.00, 0.00, 0.00, 31.48, 1.00, 0.00, 0.00, 0.00, 0.00, 2.98, 37.82, 23.82, 87.98, 23.88, 84.78, 23.35, 83.33, 23.23, 68.32, 41.44, 25.57, -999
20/12/16 12, 4.47, 3.01, 3.51, 3.29, 3.18, 5.39, 2.80, 112.12, 1.00, 0.00, 0.00, 0.00, 0.00, 34.37, 1.00, 0.00, 0.00, 0.00, 0.00, 47.86, 1.00, 35.56, 1.00, 0.00, 0.00, 30.87, 1.00, 0.00, 0.00, 0.00, 0.00, 2.99, 26.26, 22.92, 86.08, 22.98, 84.37, 22.69, 83.69, 22.57, 69.73, 38.70, 24.67, -999
20/12/16 13, 4.40, 2.14, 3.91, 3.46, 3.67, 5.50, 3.64, 111.74, 1.00, 0.00, 0.00, 0.00, 0.00, 33.06, 1.00, 0.00, 0.00, 0.00, 0.00, 46.75, 1.00, 35.12, 1.00, 0.00, 0.00, 30.73, 1.00, 0.00, 0.00, 0.00, 0.00, 2.99, 26.47, 22.32, 87.64, 22.38, 85.75, 22.95, 84.72, 22.84, 70.44, 38.82, 24.05, -999
20/12/16 14, 4.44, 1.30, 4.35, 3.94, 3.76, 5.50, 3.97, 112.21, 1.00, 0.00, 0.00, 0.00, 0.00, 31.92, 1.00, 0.00, 0.00, 0.00, 0.00, 47.66, 1.00, 0.00, 0.00, 0.00, 0.00, 31.74, 1.00, 0.00, 0.00, 0.00, 0.00, 2.99, 26.21, 21.51, 88.63, 21.56, 83.31, 29.37, 62.82, 29.25, 73.44, 38.76, 23.23, -999
20/12/16 15, 4.49, 0.46, 4.81, 3.66, 3.02, 5.50, 4.59, 116.06, 1.00, 0.00, 0.00, 0.00, 0.00, 34.34, 1.00, 0.00, 0.00, 0.00, 0.00, 48.20, 1.00, 0.00, 0.00, 0.00, 0.00, 31.16, 1.00, 0.00, 0.00, 102.49, 1.00, 2.99, 24.02, 25.21, 88.44, 25.28, 86.03, 27.64, 63.04, 27.53, 73.72, 28.28, 27.38, -999
20/12/16 16, 4.18, 0.69, 5.25, 4.03, 2.43, 5.32, 4.05, 115.72, 1.00, 0.00, 0.00, 0.00, 0.00, 33.97, 1.00, 0.00, 0.00, 0.00, 0.00, 48.40, 1.00, 0.00, 0.00, 0.00, 0.00, 0.00, 0.00, 0.00, 0.00, 102.87, 1.00, 2.99, 24.21, 25.46, 89.29, 25.53, 85.91, 30.50, 62.16, 30.50, 55.96, 28.53, 27.63, -999
20/12/16 17, 3.93, 1.14, 4.97, 4.33, 1.80, 4.88, 2.03, 115.96, 1.00, 0.00, 0.00, 0.00, 0.00, 0.00, 0.00, 0.00, 0.00, 0.00, 0.00, 48.80, 1.00, 0.00, 0.00, 0.00, 0.00, 32.55, 1.00, 0.00, 0.00, 90.79, 1.00, 2.99, 24.07, 27.27, 74.78, 27.23, 86.86, 27.39, 61.20, 27.27, 68.71, 29.85, 28.95, -999
20/12/16 18, 3.58, 1.72, 4.68, 3.85, 1.69, 5.12, 2.40, 117.13, 1.00, 0.00, 0.00, 0.00, 0.00, 0.00, 0.00, 0.00, 0.00, 0.00, 0.00, 0.00, 0.00, 35.45, 1.00, 0.00, 0.00, 30.76, 1.00, 0.00, 0.00, 65.14, 1.00, 2.99, 23.41, 29.66, 71.90, 29.66, 62.47, 20.07, 81.26, 19.96, 67.48, 31.92, 31.02, -999
20/12/16 19, 3.20, 2.30, 4.29, 2.71, 2.08, 5.31, 2.59, 119.61, 1.00, 0.00, 0.00, 0.00, 0.00, 0.00, 0.00, 0.00, 0.00, 0.00, 0.00, 50.05, 1.00, 35.16, 1.00, 0.00, 0.00, 30.50, 1.00, 0.00, 0.00, 70.12, 1.00, 2.99, 21.97, 27.44, 72.54, 27.40, 84.64, 18.62, 80.32, 18.51, 66.90, 29.92, 29.02, -999
20/12/16 20, 2.73, 2.50, 3.93, 2.83, 2.34, 5.44, 2.55, 120.41, 1.00, 0.00, 0.00, 0.00, 0.00, 0.00, 0.00, 0.00, 0.00, 0.00, 0.00, 49.64, 1.00, 34.52, 1.00, 0.00, 0.00, 30.28, 1.00, 0.00, 0.00, 64.84, 1.00, 2.99, 21.51, 27.51, 71.56, 27.47, 85.50, 18.29, 81.09, 18.18, 67.28, 29.96, 29.06, -999
20/12/16 21, 2.27, 2.65, 3.55, 3.13, 2.73, 5.50, 2.78, 119.30, 1.00, 0.00, 0.00, 0.00, 0.00, 0.00, 0.00, 0.00, 0.00, 0.00, 0.00, 49.96, 1.00, 34.91, 1.00, 0.00, 0.00, 30.32, 1.00, 0.00, 0.00, 67.99, 1.00, 2.99, 22.15, 27.73, 69.17, 27.69, 85.12, 18.84, 80.98, 18.74, 67.68, 30.20, 29.30, -999
20/12/16 22, 1.88, 2.82, 3.10, 3.28, 3.01, 5.50, 2.71, 120.71, 1.00, 0.00, 0.00, 0.00, 0.00, 0.00, 0.00, 0.00, 0.00, 0.00, 0.00, 50.41, 1.00, 34.86, 1.00, 0.00, 0.00, 30.50, 1.00, 0.00, 0.00, 60.00, 1.00, 2.99, 21.34, 27.72, 69.07, 27.68, 84.22, 17.89, 80.10, 17.78, 66.16, 30.15, 29.25, -999
20/12/16 23, 1.45, 2.66, 3.31, 3.08, 3.14, 5.46, 2.23, 121.09, 1.00, 0.00, 0.00, 0.00, 0.00, 36.06, 1.00, 0.00, 0.00, 0.00, 0.00, 50.00, 1.00, 34.36, 1.00, 0.00, 0.00, 30.26, 1.00, 0.00, 0.00, 63.58, 1.00, 2.99, 21.11, 26.63, 86.88, 26.71, 84.04, 17.80, 80.86, 17.69, 66.85, 29.51, 28.61, -999
21/12/16 00, 1.04, 2.42, 3.73, 2.96, 3.41, 5.50, 2.39, 120.46, 1.00, 0.00, 0.00, 0.00, 0.00, 34.19, 1.00, 0.00, 0.00, 0.00, 0.00, 49.44, 1.00, 33.98, 1.00, 0.00, 0.00, 29.50, 1.00, 0.00, 0.00, 66.95, 1.00, 2.99, 21.48, 26.60, 90.08, 26.67, 85.09, 18.44, 82.14, 18.33, 69.93, 29.46, 28.56, -999
21/12/16 01, 0.90, 2.38, 4.25, 3.19, 3.86, 5.50, 2.91, 98.76, 1.00, 98.78, 1.00, 0.00, 0.00, 32.99, 1.00, 0.00, 0.00, 0.00, 0.00, 48.75, 1.00, 33.98, 1.00, 0.00, 0.00, 29.78, 1.00, 0.00, 0.00, 81.10, 1.00, 2.97, 33.64, 26.82, 92.26, 26.88, 86.62, 19.47, 83.17, 19.36, 70.05, 29.73, 28.83, -999
21/12/16 02, 0.86, 2.38, 4.81, 3.68, 3.81, 5.50, 3.39, 97.44, 1.00, 97.46, 1.00, 0.00, 0.00, 33.53, 1.00, 0.00, 0.00, 0.00, 0.00, 48.42, 1.00, 0.00, 0.00, 0.00, 0.00, 30.40, 1.00, 0.00, 0.00, 86.87, 1.00, 2.97, 34.35, 26.84, 91.40, 26.90, 87.24, 26.30, 63.99, 26.19, 74.89, 29.79, 28.89, -999
21/12/16 03, 0.98, 2.45, 5.28, 4.21, 3.25, 5.50, 4.39, 96.65, 1.00, 96.67, 1.00, 0.00, 0.00, 0.00, 0.00, 0.00, 0.00, 0.00, 0.00, 47.76, 1.00, 0.00, 0.00, 0.00, 0.00, 29.87, 1.00, 0.00, 0.00, 83.16, 1.00, 2.98, 34.77, 28.23, 75.86, 28.20, 89.76, 26.76, 63.93, 26.65, 77.06, 30.77, 29.87, -999
21/12/16 04, 1.25, 3.03, 5.04, 4.22, 2.80, 5.34, 4.04, 94.95, 1.00, 94.97, 1.00, 0.00, 0.00, 0.00, 0.00, 0.00, 0.00, 0.00, 0.00, 0.00, 0.00, 0.00, 0.00, 0.00, 0.00, 0.00, 0.00, 0.00, 0.00, 70.18, 1.00, 2.98, 35.68, 31.41, 76.07, 31.41, 68.81, 30.26, 63.91, 30.26, 60.37, 33.69, 32.79, -999
21/12/16 05, 1.59, 3.77, 4.82, 3.37, 2.45, 5.08, 3.03, 94.60, 1.00, 94.61, 1.00, 0.00, 0.00, 0.00, 0.00, 0.00, 0.00, 0.00, 0.00, 0.00, 0.00, 0.00, 0.00, 0.00, 0.00, 0.00, 0.00, 0.00, 0.00, 68.07, 1.00, 2.98, 35.87, 31.96, 76.57, 31.96, 66.64, 30.59, 63.07, 30.59, 58.59, 34.24, 33.34, -999
21/12/16 06, 1.81, 4.24, 4.65, 3.30, 1.98, 5.14, 2.92, 95.95, 1.00, 95.97, 1.00, 0.00, 0.00, 0.00, 0.00, 0.00, 0.00, 0.00, 0.00, 50.01, 1.00, 0.00, 0.00, 0.00, 0.00, 31.88, 1.00, 0.00, 0.00, 77.20, 1.00, 2.98, 35.15, 29.64, 74.83, 29.60, 86.91, 27.20, 62.98, 27.08, 70.78, 32.15, 31.25, -999
21/12/16 07, 1.96, 4.53, 4.38, 3.72, 1.60, 5.49, 3.68, 96.78, 1.00, 96.80, 1.00, 0.00, 0.00, 0.00, 0.00, 0.00, 0.00, 0.00, 0.00, 50.25, 1.00, 0.00, 0.00, 0.00, 0.00, 32.13, 1.00, 0.00, 0.00, 72.90, 1.00, 2.98, 34.70, 29.75, 73.34, 29.71, 86.57, 26.92, 61.34, 26.80, 69.59, 32.24, 31.34, -999
21/12/16 08, 1.94, 4.75, 4.06, 3.99, 1.82, 5.50, 4.17, 96.74, 1.00, 96.76, 1.00, 0.00, 0.00, 0.00, 0.00, 0.00, 0.00, 0.00, 0.00, 50.09, 1.00, 35.65, 1.00, 0.00, 0.00, 30.03, 1.00, 0.00, 0.00, 70.68, 1.00, 2.98, 34.72, 29.91, 70.79, 29.87, 87.03, 20.37, 81.20, 20.26, 70.18, 32.39, 31.49, -999
21/12/16 09, 1.90, 4.96, 3.64, 4.31, 2.17, 5.50, 4.36, 97.79, 1.00, 97.81, 1.00, 0.00, 0.00, 0.00, 0.00, 0.00, 0.00, 0.00, 0.00, 50.49, 1.00, 35.48, 1.00, 0.00, 0.00, 29.71, 1.00, 0.00, 0.00, 65.57, 1.00, 2.97, 34.16, 29.97, 72.04, 29.93, 86.31, 19.99, 81.14, 19.89, 70.81, 32.42, 31.52, -999
21/12/16 10, 1.80, 5.11, 3.29, 4.40, 2.49, 5.50, 4.65, 97.23, 1.00, 97.25, 1.00, 0.00, 0.00, 0.00, 0.00, 0.00, 0.00, 0.00, 0.00, 50.47, 1.00, 35.34, 1.00, 0.00, 0.00, 29.74, 1.00, 0.00, 0.00, 66.20, 1.00, 2.97, 34.46, 30.14, 69.96, 30.10, 86.52, 20.22, 81.60, 20.12, 70.95, 32.59, 31.69, -999
21/12/16 11, 1.77, 5.18, 3.14, 4.51, 2.86, 5.39, 4.28, 96.75, 1.00, 96.77, 1.00, 0.00, 0.00, 35.55, 1.00, 0.00, 0.00, 0.00, 0.00, 0.00, 0.00, 36.58, 1.00, 0.00, 0.00, 0.00, 0.00, 0.00, 0.00, 64.66, 1.00, 2.98, 34.72, 30.63, 91.77, 30.74, 66.63, 26.22, 85.34, 26.22, 58.24, 33.10, 32.20, -999
21/12/16 12, 1.87, 5.48, 3.71, 3.32, 3.46, 5.03, 2.67, 96.49, 1.00, 96.51, 1.00, 0.00, 0.00, 35.78, 1.00, 0.00, 0.00, 0.00, 0.00, 0.00, 0.00, 36.57, 1.00, 0.00, 0.00, 0.00, 0.00, 0.00, 0.00, 63.86, 1.00, 2.98, 34.86, 30.89, 91.64, 31.00, 64.60, 26.37, 85.50, 26.37, 56.68, 33.36, 32.46, -999
21/12/16 13, 2.13, 4.78, 4.22, 3.26, 3.98, 5.10, 2.49, 93.24, 1.00, 93.26, 1.00, 0.00, 0.00, 34.02, 1.00, 0.00, 0.00, 0.00, 0.00, 48.69, 1.00, 35.30, 1.00, 0.00, 0.00, 30.47, 1.00, 0.00, 0.00, 0.00, 0.00, 2.98, 36.59, 24.63, 88.38, 24.69, 84.54, 21.66, 83.11, 21.55, 70.02, 39.46, 26.39, -999
21/12/16 14, 2.51, 3.90, 4.67, 3.39, 3.26, 5.47, 3.39, 91.88, 1.00, 91.90, 1.00, 0.00, 0.00, 33.83, 1.00, 0.00, 0.00, 0.00, 0.00, 48.55, 1.00, 0.00, 0.00, 0.00, 0.00, 32.93, 1.00, 0.00, 0.00, 0.00, 0.00, 2.98, 37.31, 23.79, 87.86, 23.85, 83.96, 29.26, 62.17, 29.13, 69.06, 40.71, 25.55, -999
21/12/16 15, 2.88, 3.03, 5.09, 3.37, 2.50, 5.50, 3.76, 90.90, 1.00, 90.92, 1.00, 0.00, 0.00, 33.63, 1.00, 0.00, 0.00, 0.00, 0.00, 47.83, 1.00, 0.00, 0.00, 0.00, 0.00, 31.93, 1.00, 0.00, 0.00, 0.00, 0.00, 2.98, 37.82, 23.03, 87.43, 23.09, 84.53, 30.04, 61.63, 29.92, 73.43, 41.39, 24.77, -999
21/12/16 16, 3.27, 2.33, 5.11, 3.58, 1.77, 5.50, 4.40, 90.13, 1.00, 90.14, 1.00, 0.00, 0.00, 0.00, 0.00, 0.00, 0.00, 0.00, 0.00, 48.86, 1.00, 0.00, 0.00, 0.00, 0.00, 31.70, 1.00, 0.00, 0.00, 0.00, 0.00, 2.98, 38.23, 25.42, 72.83, 25.38, 84.91, 30.62, 61.29, 30.50, 74.83, 41.95, 26.79, -999
21/12/16 17, 3.65, 1.81, 4.73, 3.70, 1.83, 5.35, 4.08, 89.88, 1.00, 89.90, 1.00, 0.00, 0.00, 0.00, 0.00, 0.00, 0.00, 0.00, 0.00, 48.58, 1.00, 38.47, 1.00, 0.00, 0.00, 0.00, 0.00, 0.00, 0.00, 0.00, 0.00, 2.98, 38.36, 24.92, 73.42, 24.89, 84.93, 29.87, 85.46, 29.87, 57.02, 42.11, 26.29, -999
21/12/16 18, 4.01, 1.29, 4.39, 3.83, 2.37, 5.03, 2.53, 91.82, 1.00, 91.84, 1.00, 0.00, 0.00, 0.00, 0.00, 0.00, 0.00, 0.00, 0.00, 48.14, 1.00, 36.08, 1.00, 0.00, 0.00, 31.50, 1.00, 0.00, 0.00, 0.00, 0.00, 2.98, 37.34, 24.44, 73.06, 24.40, 85.27, 22.70, 82.79, 22.58, 67.58, 40.79, 25.80, -999
21/12/16 19, 4.21, 0.78, 4.05, 4.05, 2.80, 5.22, 2.64, 92.24, 1.00, 92.26, 1.00, 0.00, 0.00, 0.00, 0.00, 0.00, 0.00, 0.00, 0.00, 48.05, 1.00, 36.28, 1.00, 0.00, 0.00, 31.43, 1.00, 0.00, 0.00, 0.00, 0.00, 2.98, 37.12, 23.94, 72.04, 23.90, 84.94, 22.55, 82.28, 22.43, 67.67, 40.62, 25.30, -999
21/12/16 20, 4.18, 0.73, 3.69, 4.19, 3.09, 5.40, 2.74, 95.75, 1.00, 95.77, 1.00, 0.00, 0.00, 0.00, 0.00, 0.00, 0.00, 0.00, 0.00, 49.94, 1.00, 35.73, 1.00, 0.00, 0.00, 31.28, 1.00, 0.00, 0.00, 99.47, 1.00, 2.98, 35.26, 27.32, 71.12, 27.28, 84.73, 21.54, 82.25, 21.42, 67.19, 29.97, 29.07, -999
21/12/16 21, 3.97, 1.25, 3.30, 3.95, 3.41, 5.50, 2.68, 96.43, 1.00, 96.45, 1.00, 0.00, 0.00, 0.00, 0.00, 0.00, 0.00, 0.00, 0.00, 49.92, 1.00, 35.70, 1.00, 0.00, 0.00, 31.31, 1.00, 0.00, 0.00, 94.88, 1.00, 2.98, 34.89, 27.54, 68.58, 27.50, 85.00, 21.06, 81.82, 20.95, 66.61, 30.16, 29.26, -999
21/12/16 22, 3.73, 1.63, 3.06, 3.87, 3.63, 5.50, 2.28, 97.42, 1.00, 97.44, 1.00, 0.00, 0.00, 35.76, 1.00, 0.00, 0.00, 0.00, 0.00, 49.56, 1.00, 35.22, 1.00, 0.00, 0.00, 31.18, 1.00, 0.00, 0.00, 96.99, 1.00, 2.97, 34.36, 26.15, 86.92, 26.22, 84.42, 20.54, 82.14, 20.43, 66.52, 29.21, 28.31, -999
21/12/16 23, 3.45, 1.75, 3.49, 3.70, 3.91, 5.50, 2.13, 97.27, 1.00, 97.29, 1.00, 0.00, 0.00, 36.00, 1.00, 0.00, 0.00, 0.00, 0.00, 49.64, 1.00, 35.03, 1.00, 0.00, 0.00, 30.81, 1.00, 0.00, 0.00, 96.43, 1.00, 2.97, 34.44, 26.24, 86.61, 26.31, 84.34, 20.70, 82.63, 20.59, 67.92, 29.30, 28.40, -999
22/12/16 00, 3.29, 1.89, 3.90, 3.54, 3.41, 5.50, 2.31, 95.70, 1.00, 95.72, 1.00, 0.00, 0.00, 34.97, 1.00, 0.00, 0.00, 0.00, 0.00, 49.20, 1.00, 0.00, 0.00, 0.00, 0.00, 32.25, 1.00, 0.00, 0.00, 101.31, 1.00, 2.98, 35.28, 26.54, 88.70, 26.61, 85.49, 28.11, 63.33, 27.99, 70.36, 29.62, 28.72, -999
22/12/16 01, 3.28, 2.06, 4.36, 3.75, 2.80, 5.50, 2.67, 95.44, 1.00, 95.46, 1.00, 0.00, 0.00, 34.40, 1.00, 0.00, 0.00, 0.00, 0.00, 48.58, 1.00, 0.00, 0.00, 0.00, 0.00, 31.46, 1.00, 0.00, 0.00, 100.77, 1.00, 2.98, 35.42, 26.75, 89.86, 26.82, 86.86, 28.28, 62.06, 28.16, 73.31, 29.81, 28.91, -999
22/12/16 02, 3.29, 2.25, 4.85, 4.21, 2.09, 5.50, 3.48, 95.14, 1.00, 95.16, 1.00, 0.00, 0.00, 33.40, 1.00, 0.00, 0.00, 0.00, 0.00, 48.49, 1.00, 0.00, 0.00, 0.00, 0.00, 31.30, 1.00, 0.00, 0.00, 100.44, 1.00, 2.98, 35.58, 26.98, 91.75, 27.04, 87.25, 28.40, 61.96, 28.29, 73.99, 30.01, 29.11, -999
22/12/16 03, 3.35, 2.58, 5.25, 4.25, 1.52, 5.50, 4.28, 94.20, 1.00, 94.21, 1.00, 0.00, 0.00, 0.00, 0.00, 0.00, 0.00, 0.00, 0.00, 0.00, 0.00, 35.28, 1.00, 0.00, 0.00, 28.60, 1.00, 0.00, 0.00, 75.00, 1.00, 2.98, 36.08, 31.40, 76.12, 31.40, 68.43, 22.59, 84.07, 22.49, 76.84, 33.71, 32.81, -999
22/12/16 04, 3.46, 3.37, 5.03, 3.33, 2.26, 5.39, 4.41, 93.13, 1.00, 93.15, 1.00, 0.00, 0.00, 0.00, 0.00, 0.00, 0.00, 0.00, 0.00, 0.00, 0.00, 36.66, 1.00, 0.00, 0.00, 0.00, 0.00, 0.00, 0.00, 75.02, 1.00, 2.98, 36.65, 32.19, 76.72, 32.19, 69.76, 28.57, 87.54, 28.57, 60.22, 34.51, 33.61, -999
22/12/16 05, 3.63, 4.04, 4.85, 3.38, 3.10, 5.12, 3.25, 94.14, 1.00, 94.16, 1.00, 0.00, 0.00, 0.00, 0.00, 0.00, 0.00, 0.00, 0.00, 47.96, 1.00, 36.36, 1.00, 0.00, 0.00, 0.00, 0.00, 0.00, 0.00, 86.58, 1.00, 2.98, 36.11, 29.99, 74.47, 29.95, 91.14, 28.29, 87.80, 28.29, 59.25, 32.54, 31.64, -999
22/12/16 06, 3.70, 4.44, 4.56, 4.41, 3.90, 4.98, 2.59, 94.42, 1.00, 94.43, 1.00, 0.00, 0.00, 0.00, 0.00, 0.00, 0.00, 0.00, 0.00, 48.83, 1.00, 34.56, 1.00, 0.00, 0.00, 30.51, 1.00, 0.00, 0.00, 83.47, 1.00, 2.98, 35.97, 30.18, 74.22, 30.14, 89.73, 22.46, 85.18, 22.35, 70.68, 32.72, 31.82, -999
22/12/16 07, 3.83, 5.12, 4.27, 3.69, 3.72, 5.37, 3.58, 94.20, 1.00, 94.22, 1.00, 0.00, 0.00, 0.00, 0.00, 0.00, 0.00, 0.00, 0.00, 0.00, 0.00, 0.00, 0.00, 0.00, 0.00, 32.79, 1.00, 0.00, 0.00, 64.21, 1.00, 2.98, 36.08, 32.99, 72.86, 32.99, 65.64, 28.85, 63.58, 28.72, 69.16, 35.24, 34.34, -999
22/12/16 08, 4.06, 5.37, 3.92, 2.89, 3.10, 5.50, 3.88, 90.27, 1.00, 90.29, 1.00, 0.00, 0.00, 0.00, 0.00, 0.00, 0.00, 0.00, 0.00, 50.67, 1.00, 0.00, 0.00, 0.00, 0.00, 32.35, 1.00, 0.00, 0.00, 0.00, 0.00, 2.98, 38.16, 28.34, 68.50, 28.30, 84.32, 30.78, 62.62, 30.66, 72.69, 42.04, 29.72, -999
22/12/16 09, 4.42, 4.84, 3.44, 2.83, 2.43, 5.50, 4.35, 90.44, 1.00, 90.46, 1.00, 0.00, 0.00, 0.00, 0.00, 0.00, 0.00, 0.00, 0.00, 50.54, 1.00, 0.00, 0.00, 0.00, 0.00, 31.90, 1.00, 0.00, 0.00, 0.00, 0.00, 2.98, 38.07, 27.81, 71.45, 27.77, 84.04, 30.92, 61.69, 30.80, 74.41, 42.03, 29.19, -999
22/12/16 10, 4.56, 4.30, 3.07, 2.70, 1.72, 5.38, 4.23, 111.40, 1.00, 0.00, 0.00, 0.00, 0.00, 0.00, 0.00, 0.00, 0.00, 0.00, 0.00, 49.66, 1.00, 0.00, 0.00, 0.00, 0.00, 0.00, 0.00, 0.00, 0.00, 0.00, 0.00, 2.99, 26.67, 27.34, 69.20, 27.30, 85.29, 32.52, 60.24, 32.52, 57.53, 39.33, 28.71, -999
22/12/16 11, 4.61, 3.48, 3.34, 2.95, 1.81, 4.99, 2.47, 112.30, 1.00, 0.00, 0.00, 0.00, 0.00, 34.84, 1.00, 0.00, 0.00, 0.00, 0.00, 47.83, 1.00, 35.93, 1.00, 0.00, 0.00, 31.43, 1.00, 0.00, 0.00, 0.00, 0.00, 2.99, 26.16, 23.33, 85.70, 23.40, 84.83, 22.42, 82.76, 22.30, 67.62, 38.67, 25.09, -999
22/12/16 12, 4.51, 2.60, 3.73, 3.27, 2.31, 5.19, 2.62, 112.78, 1.00, 0.00, 0.00, 0.00, 0.00, 33.63, 1.00, 0.00, 0.00, 0.00, 0.00, 47.46, 1.00, 35.89, 1.00, 0.00, 0.00, 31.27, 1.00, 0.00, 0.00, 0.00, 0.00, 2.99, 25.89, 22.64, 87.03, 22.70, 84.80, 22.21, 82.64, 22.09, 67.89, 38.43, 24.38, -999
22/12/16 13, 4.38, 1.75, 4.15, 3.57, 2.75, 5.39, 2.82, 113.28, 1.00, 0.00, 0.00, 0.00, 0.00, 33.32, 1.00, 0.00, 0.00, 0.00, 0.00, 47.42, 1.00, 35.55, 1.00, 0.00, 0.00, 31.33, 1.00, 0.00, 0.00, 0.00, 0.00, 2.99, 25.60, 21.82, 86.71, 21.88, 84.06, 21.99, 83.01, 21.88, 67.46, 38.16, 23.56, -999
22/12/16 14, 4.22, 0.89, 4.55, 3.66, 3.21, 5.50, 2.85, 113.18, 1.00, 0.00, 0.00, 0.00, 0.00, 32.96, 1.00, 0.00, 0.00, 0.00, 0.00, 46.44, 1.00, 35.31, 1.00, 0.00, 0.00, 30.90, 1.00, 0.00, 0.00, 0.00, 0.00, 2.99, 25.66, 21.12, 86.59, 21.18, 85.08, 22.17, 83.61, 22.06, 69.09, 38.16, 22.84, -999
22/12/16 15, 3.90, 0.52, 4.96, 4.06, 3.70, 5.50, 2.98, 118.22, 1.00, 0.00, 0.00, 0.00, 0.00, 33.92, 1.00, 0.00, 0.00, 0.00, 0.00, 48.62, 1.00, 34.91, 1.00, 0.00, 0.00, 30.16, 1.00, 0.00, 0.00, 93.06, 1.00, 2.99, 22.78, 25.05, 88.96, 25.11, 85.09, 19.73, 81.85, 19.62, 69.11, 28.04, 27.14, -999
22/12/16 16, 3.44, 0.69, 5.21, 4.15, 3.97, 5.50, 3.17, 119.38, 1.00, 0.00, 0.00, 0.00, 0.00, 0.00, 0.00, 0.00, 0.00, 0.00, 0.00, 48.83, 1.00, 34.23, 1.00, 0.00, 0.00, 30.07, 1.00, 0.00, 0.00, 81.02, 1.00, 2.99, 22.11, 26.31, 73.26, 26.27, 85.86, 19.14, 82.43, 19.04, 68.82, 28.84, 27.94, -999
22/12/16 17, 3.04, 1.07, 4.84, 4.36, 3.52, 5.50, 3.39, 117.84, 1.00, 0.00, 0.00, 0.00, 0.00, 0.00, 0.00, 0.00, 0.00, 0.00, 0.00, 49.37, 1.00, 0.00, 0.00, 0.00, 0.00, 31.25, 1.00, 0.00, 0.00, 84.94, 1.00, 2.99, 22.99, 26.85, 73.42, 26.81, 85.36, 26.41, 63.21, 26.29, 72.16, 29.40, 28.50, -999
22/12/16 18, 2.71, 1.43, 4.50, 4.35, 2.88, 5.50, 3.95, 117.85, 1.00, 0.00, 0.00, 0.00, 0.00, 0.00, 0.00, 0.00, 0.00, 0.00, 0.00, 49.08, 1.00, 0.00, 0.00, 0.00, 0.00, 31.11, 1.00, 0.00, 0.00, 82.50, 1.00, 2.99, 22.99, 27.11, 72.71, 27.07, 86.18, 26.36, 61.82, 26.24, 72.58, 29.65, 28.75, -999
22/12/16 19, 2.42, 1.87, 4.14, 4.13, 2.12, 5.50, 4.49, 117.95, 1.00, 0.00, 0.00, 0.00, 0.00, 0.00, 0.00, 0.00, 0.00, 0.00, 0.00, 0.00, 0.00, 0.00, 0.00, 0.00, 0.00, 30.98, 1.00, 0.00, 0.00, 62.06, 1.00, 2.99, 22.93, 29.55, 70.51, 29.55, 66.04, 26.33, 59.39, 26.22, 73.01, 31.80, 30.90, -999
22/12/16 20, 2.15, 2.50, 3.72, 2.91, 1.59, 5.37, 4.20, 119.67, 1.00, 0.00, 0.00, 0.00, 0.00, 0.00, 0.00, 0.00, 0.00, 0.00, 0.00, 50.16, 1.00, 37.00, 1.00, 0.00, 0.00, 0.00, 0.00, 0.00, 0.00, 68.73, 1.00, 2.99, 21.94, 27.60, 70.37, 27.56, 84.58, 24.45, 82.80, 24.45, 55.31, 30.07, 29.17, -999
22/12/16 21, 1.77, 2.67, 3.30, 2.96, 2.01, 5.03, 2.46, 120.90, 1.00, 0.00, 0.00, 0.00, 0.00, 0.00, 0.00, 0.00, 0.00, 0.00, 0.00, 50.01, 1.00, 35.13, 1.00, 0.00, 0.00, 30.38, 1.00, 0.00, 0.00, 60.14, 1.00, 2.99, 21.22, 27.58, 69.24, 27.54, 84.85, 17.72, 79.47, 17.61, 66.40, 30.00, 29.10, -999
22/12/16 22, 1.35, 2.68, 3.08, 3.08, 2.15, 5.13, 2.31, 121.89, 1.00, 0.00, 0.00, 0.00, 0.00, 36.17, 1.00, 0.00, 0.00, 0.00, 0.00, 49.70, 1.00, 34.50, 1.00, 0.00, 0.00, 30.26, 1.00, 0.00, 0.00, 60.01, 1.00, 2.99, 20.65, 26.53, 86.59, 26.60, 84.52, 17.25, 80.08, 17.14, 66.28, 29.39, 28.49, -999
22/12/16 23, 0.91, 2.40, 3.49, 3.13, 2.44, 5.22, 2.16, 98.85, 1.00, 98.87, 1.00, 0.00, 0.00, 35.72, 1.00, 0.00, 0.00, 0.00, 0.00, 49.60, 1.00, 34.34, 1.00, 0.00, 0.00, 30.69, 1.00, 0.00, 0.00, 80.65, 1.00, 2.97, 33.59, 26.77, 87.62, 26.84, 84.96, 19.11, 82.20, 19.00, 66.75, 29.73, 28.83, -999
23/12/16 00, 0.79, 2.35, 3.94, 3.28, 2.95, 5.35, 2.17, 98.64, 1.00, 98.66, 1.00, 0.00, 0.00, 35.15, 1.00, 0.00, 0.00, 0.00, 0.00, 49.06, 1.00, 34.61, 1.00, 0.00, 0.00, 30.63, 1.00, 0.00, 0.00, 81.44, 1.00, 2.97, 33.70, 26.75, 88.59, 26.82, 85.97, 19.11, 81.74, 19.00, 66.95, 29.70, 28.80, -999
23/12/16 01, 0.69, 2.32, 4.40, 3.63, 3.34, 5.49, 2.24, 98.94, 1.00, 98.96, 1.00, 0.00, 0.00, 34.45, 1.00, 0.00, 0.00, 0.00, 0.00, 47.90, 1.00, 34.02, 1.00, 0.00, 0.00, 30.59, 1.00, 0.00, 0.00, 80.17, 1.00, 2.97, 33.53, 26.75, 89.78, 26.82, 88.13, 19.07, 82.71, 18.96, 67.02, 29.66, 28.76, -999
23/12/16 02, 0.59, 2.30, 4.88, 4.32, 3.84, 5.50, 2.46, 97.82, 1.00, 97.84, 1.00, 0.00, 0.00, 33.34, 1.00, 0.00, 0.00, 0.00, 0.00, 47.95, 1.00, 33.79, 1.00, 0.00, 0.00, 29.08, 1.00, 0.00, 0.00, 84.23, 1.00, 2.97, 34.14, 26.76, 91.63, 26.82, 88.04, 19.91, 83.93, 19.81, 72.71, 29.68, 28.78, -999
23/12/16 03, 0.72, 2.63, 5.42, 3.79, 3.63, 5.50, 3.49, 95.99, 1.00, 96.01, 1.00, 0.00, 0.00, 0.00, 0.00, 0.00, 0.00, 0.00, 0.00, 0.00, 0.00, 0.00, 0.00, 0.00, 0.00, 30.09, 1.00, 0.00, 0.00, 67.07, 1.00, 2.98, 35.13, 30.74, 76.08, 30.74, 67.90, 26.92, 64.29, 26.81, 76.52, 33.01, 32.11, -999
23/12/16 04, 0.96, 3.34, 5.18, 2.86, 3.17, 5.50, 4.71, 96.34, 1.00, 96.36, 1.00, 0.00, 0.00, 0.00, 0.00, 0.00, 0.00, 0.00, 0.00, 48.70, 1.00, 0.00, 0.00, 0.00, 0.00, 29.16, 1.00, 0.00, 0.00, 79.50, 1.00, 2.98, 34.94, 28.90, 76.71, 28.86, 88.69, 26.99, 64.21, 26.88, 79.54, 31.41, 30.51, -999
23/12/16 05, 1.24, 3.69, 5.00, 3.65, 2.80, 5.35, 4.30, 96.41, 1.00, 96.43, 1.00, 0.00, 0.00, 0.00, 0.00, 0.00, 0.00, 0.00, 0.00, 49.12, 1.00, 0.00, 0.00, 0.00, 0.00, 0.00, 0.00, 0.00, 0.00, 79.00, 1.00, 2.98, 34.90, 29.21, 75.66, 29.17, 88.21, 29.60, 63.64, 29.60, 60.83, 31.73, 30.83, -999
23/12/16 06, 1.49, 4.01, 4.76, 4.26, 2.38, 5.12, 3.36, 94.77, 1.00, 94.79, 1.00, 0.00, 0.00, 0.00, 0.00, 0.00, 0.00, 0.00, 0.00, 48.83, 1.00, 0.00, 0.00, 0.00, 0.00, 0.00, 0.00, 0.00, 0.00, 83.34, 1.00, 2.98, 35.78, 29.74, 74.74, 29.70, 89.29, 30.36, 62.89, 30.36, 59.03, 32.28, 31.38, -999
23/12/16 07, 1.80, 4.55, 4.48, 4.13, 1.89, 4.98, 2.64, 96.00, 1.00, 96.02, 1.00, 0.00, 0.00, 0.00, 0.00, 0.00, 0.00, 0.00, 0.00, 0.00, 0.00, 0.00, 0.00, 0.00, 0.00, 32.38, 1.00, 0.00, 0.00, 58.54, 1.00, 2.98, 35.12, 31.96, 74.48, 31.96, 61.08, 27.11, 62.07, 26.99, 68.90, 34.19, 33.29, -999
23/12/16 08, 1.92, 5.04, 4.21, 2.93, 1.62, 5.23, 2.97, 95.88, 1.00, 95.90, 1.00, 0.00, 0.00, 0.00, 0.00, 0.00, 0.00, 0.00, 0.00, 50.93, 1.00, 36.04, 1.00, 0.00, 0.00, 31.04, 1.00, 0.00, 0.00, 71.58, 1.00, 2.98, 35.18, 30.20, 71.96, 30.15, 85.66, 20.33, 80.48, 20.22, 66.81, 32.68, 31.78, -999
23/12/16 09, 1.96, 5.25, 3.83, 3.12, 1.86, 5.32, 2.73, 97.10, 1.00, 97.12, 1.00, 0.00, 0.00, 0.00, 0.00, 0.00, 0.00, 0.00, 0.00, 51.40, 1.00, 35.86, 1.00, 0.00, 0.00, 31.04, 1.00, 0.00, 0.00, 66.25, 1.00, 2.97, 34.53, 30.25, 69.67, 30.20, 84.76, 19.90, 80.38, 19.79, 66.35, 32.71, 31.81, -999
23/12/16 10, 1.89, 5.40, 3.38, 3.00, 2.08, 5.35, 2.34, 96.74, 1.00, 96.75, 1.00, 0.00, 0.00, 0.00, 0.00, 0.00, 0.00, 0.00, 0.00, 50.86, 1.00, 35.48, 1.00, 0.00, 0.00, 31.02, 1.00, 0.00, 0.00, 66.14, 1.00, 2.98, 34.73, 30.41, 69.75, 30.37, 86.01, 20.12, 81.26, 20.00, 66.66, 32.87, 31.97, -999
23/12/16 11, 1.98, 5.29, 2.96, 3.24, 2.43, 5.45, 2.22, 92.38, 1.00, 92.39, 1.00, 0.00, 0.00, 35.20, 1.00, 0.00, 0.00, 0.00, 0.00, 49.21, 1.00, 35.43, 1.00, 0.00, 0.00, 31.24, 1.00, 0.00, 0.00, 0.00, 0.00, 2.98, 37.05, 24.96, 87.47, 25.02, 83.88, 21.80, 83.03, 21.69, 67.60, 39.91, 26.74, -999
23/12/16 12, 2.27, 4.40, 3.42, 3.14, 2.94, 5.50, 2.55, 92.04, 1.00, 92.06, 1.00, 0.00, 0.00, 35.38, 1.00, 0.00, 0.00, 0.00, 0.00, 48.54, 1.00, 35.17, 1.00, 0.00, 0.00, 31.06, 1.00, 0.00, 0.00, 0.00, 0.00, 2.98, 37.23, 24.11, 85.55, 24.18, 84.30, 22.21, 83.88, 22.10, 68.62, 40.19, 25.89, -999
23/12/16 13, 2.57, 3.51, 3.79, 3.26, 3.51, 5.50, 2.65, 93.61, 1.00, 93.63, 1.00, 0.00, 0.00, 32.27, 1.00, 0.00, 0.00, 0.00, 0.00, 48.46, 1.00, 34.83, 1.00, 0.00, 0.00, 29.43, 1.00, 0.00, 0.00, 0.00, 0.00, 2.98, 36.39, 23.60, 90.17, 23.65, 83.93, 22.05, 84.30, 21.95, 73.75, 39.39, 25.33, -999
23/12/16 14, 2.77, 2.66, 4.31, 3.28, 4.09, 5.50, 3.68, 92.45, 1.00, 92.47, 1.00, 0.00, 0.00, 33.75, 1.00, 0.00, 0.00, 0.00, 0.00, 47.79, 1.00, 0.00, 0.00, 0.00, 0.00, 32.08, 1.00, 0.00, 0.00, 0.00, 0.00, 2.98, 37.01, 22.65, 86.85, 22.71, 84.22, 29.23, 62.78, 29.11, 72.13, 40.44, 24.39, -999
23/12/16 15, 3.10, 1.80, 4.71, 3.43, 3.30, 5.50, 4.12, 91.92, 1.00, 91.94, 1.00, 0.00, 0.00, 32.07, 1.00, 0.00, 0.00, 0.00, 0.00, 47.99, 1.00, 0.00, 0.00, 0.00, 0.00, 31.52, 1.00, 0.00, 0.00, 0.00, 0.00, 2.98, 37.29, 21.96, 88.84, 22.01, 83.14, 29.71, 62.47, 29.60, 74.53, 40.84, 23.68, -999
23/12/16 16, 3.46, 0.95, 5.17, 3.23, 2.57, 5.46, 4.61, 89.89, 1.00, 89.91, 1.00, 0.00, 0.00, 32.69, 1.00, 0.00, 0.00, 0.00, 0.00, 46.99, 1.00, 0.00, 0.00, 0.00, 0.00, 0.00, 0.00, 0.00, 0.00, 0.00, 0.00, 2.98, 38.35, 21.15, 87.06, 21.21, 84.16, 33.89, 62.62, 33.89, 56.92, 42.49, 22.87, -999
23/12/16 17, 3.83, 0.59, 5.03, 3.50, 1.99, 5.04, 2.67, 95.36, 1.00, 95.37, 1.00, 0.00, 0.00, 0.00, 0.00, 0.00, 0.00, 0.00, 0.00, 49.16, 1.00, 0.00, 0.00, 0.00, 0.00, 0.00, 0.00, 0.00, 0.00, 101.64, 1.00, 2.98, 35.47, 27.39, 72.83, 27.35, 86.30, 31.37, 60.71, 31.37, 56.53, 30.05, 29.15, -999
23/12/16 18, 3.74, 1.12, 4.66, 3.86, 1.64, 5.12, 2.50, 95.80, 1.00, 95.82, 1.00, 0.00, 0.00, 0.00, 0.00, 0.00, 0.00, 0.00, 0.00, 49.41, 1.00, 35.54, 1.00, 0.00, 0.00, 31.09, 1.00, 0.00, 0.00, 96.74, 1.00, 2.98, 35.23, 27.57, 72.64, 27.53, 86.01, 21.45, 82.48, 21.34, 67.75, 30.20, 29.30, -999
23/12/16 19, 3.56, 1.62, 4.29, 4.09, 2.17, 5.32, 2.71, 96.73, 1.00, 96.75, 1.00, 0.00, 0.00, 0.00, 0.00, 0.00, 0.00, 0.00, 0.00, 49.84, 1.00, 35.65, 1.00, 0.00, 0.00, 31.24, 1.00, 0.00, 0.00, 91.62, 1.00, 2.98, 34.73, 27.72, 70.28, 27.68, 85.33, 20.79, 81.63, 20.68, 66.57, 30.32, 29.42, -999
23/12/16 20, 3.35, 2.05, 3.85, 4.08, 2.53, 5.39, 2.40, 96.23, 1.00, 96.24, 1.00, 0.00, 0.00, 0.00, 0.00, 0.00, 0.00, 0.00, 0.00, 49.68, 1.00, 35.80, 1.00, 0.00, 0.00, 31.14, 1.00, 0.00, 0.00, 90.55, 1.00, 2.98, 35.00, 28.10, 72.55, 28.06, 86.02, 20.99, 81.57, 20.88, 67.11, 30.70, 29.80, -999
23/12/16 21, 3.19, 2.47, 3.51, 4.25, 2.82, 5.50, 2.43, 97.55, 1.00, 97.57, 1.00, 0.00, 0.00, 0.00, 0.00, 0.00, 0.00, 0.00, 0.00, 50.25, 1.00, 35.49, 1.00, 0.00, 0.00, 31.07, 1.00, 0.00, 0.00, 84.27, 1.00, 2.97, 34.29, 28.17, 69.09, 28.13, 84.97, 20.27, 81.40, 20.16, 66.64, 30.72, 29.82, -999
23/12/16 22, 2.96, 2.82, 3.06, 4.02, 3.09, 5.50, 2.12, 97.24, 1.00, 97.26, 1.00, 0.00, 0.00, 0.00, 0.00, 0.00, 0.00, 0.00, 0.00, 50.49, 1.00, 35.57, 1.00, 0.00, 0.00, 30.89, 1.00, 0.00, 0.00, 83.01, 1.00, 2.97, 34.45, 28.44, 70.74, 28.40, 84.77, 20.40, 81.39, 20.29, 67.37, 30.99, 30.09, -999
23/12/16 23, 2.75, 2.92, 3.33, 3.74, 3.31, 5.50, 2.07, 96.95, 1.00, 96.97, 1.00, 0.00, 0.00, 36.08, 1.00, 0.00, 0.00, 0.00, 0.00, 49.91, 1.00, 35.01, 1.00, 0.00, 0.00, 30.55, 1.00, 0.00, 0.00, 88.92, 1.00, 2.98, 34.61, 27.31, 87.51, 27.38, 84.89, 20.72, 82.68, 20.61, 68.82, 30.32, 29.42, -999
24/12/16 00, 2.59, 2.94, 3.77, 3.69, 3.72, 5.50, 2.34, 96.76, 1.00, 96.78, 1.00, 0.00, 0.00, 35.08, 1.00, 0.00, 0.00, 0.00, 0.00, 49.39, 1.00, 34.75, 1.00, 0.00, 0.00, 30.61, 1.00, 0.00, 0.00, 89.03, 1.00, 2.98, 34.71, 27.37, 89.33, 27.44, 85.95, 20.81, 83.22, 20.70, 68.71, 30.36, 29.46, -999
24/12/16 01, 2.52, 3.00, 4.25, 3.94, 3.75, 5.50, 2.60, 95.53, 1.00, 95.55, 1.00, 0.00, 0.00, 33.81, 1.00, 0.00, 0.00, 0.00, 0.00, 48.22, 1.00, 0.00, 0.00, 0.00, 0.00, 30.87, 1.00, 0.00, 0.00, 93.31, 1.00, 2.98, 35.37, 27.55, 91.64, 27.61, 88.33, 27.87, 64.23, 27.76, 74.92, 30.54, 29.64, -999
24/12/16 02, 2.62, 3.12, 4.80, 4.60, 3.25, 5.50, 3.67, 95.37, 1.00, 95.39, 1.00, 0.00, 0.00, 34.22, 1.00, 0.00, 0.00, 0.00, 0.00, 0.00, 0.00, 0.00, 0.00, 0.00, 0.00, 30.35, 1.00, 0.00, 0.00, 82.08, 1.00, 2.98, 35.46, 29.58, 93.01, 29.69, 67.70, 28.08, 63.87, 27.97, 76.83, 32.13, 31.23, -999
24/12/16 03, 2.76, 3.65, 5.27, 3.53, 2.78, 5.48, 4.72, 93.61, 1.00, 93.63, 1.00, 0.00, 0.00, 0.00, 0.00, 0.00, 0.00, 0.00, 0.00, 0.00, 0.00, 0.00, 0.00, 0.00, 0.00, 0.00, 0.00, 0.00, 0.00, 72.90, 1.00, 2.98, 36.40, 32.27, 75.81, 32.27, 67.16, 31.55, 63.23, 31.55, 60.33, 34.57, 33.67, -999
24/12/16 04, 3.05, 4.32, 5.02, 2.95, 2.28, 5.21, 3.51, 93.53, 1.00, 93.55, 1.00, 0.00, 0.00, 0.00, 0.00, 0.00, 0.00, 0.00, 0.00, 48.97, 1.00, 0.00, 0.00, 0.00, 0.00, 0.00, 0.00, 0.00, 0.00, 87.81, 1.00, 2.98, 36.44, 30.27, 76.28, 30.23, 89.55, 31.63, 63.25, 31.63, 60.04, 32.84, 31.94, -999
24/12/16 05, 3.33, 4.73, 4.82, 3.81, 1.89, 4.95, 2.55, 93.75, 1.00, 93.77, 1.00, 0.00, 0.00, 0.00, 0.00, 0.00, 0.00, 0.00, 0.00, 49.52, 1.00, 0.00, 0.00, 0.00, 0.00, 0.00, 0.00, 0.00, 0.00, 85.39, 1.00, 2.98, 36.32, 30.52, 75.41, 30.48, 88.76, 31.71, 62.60, 31.71, 57.70, 33.08, 32.18, -999
24/12/16 06, 3.46, 5.08, 4.58, 4.45, 1.59, 5.09, 2.67, 94.78, 1.00, 94.80, 1.00, 0.00, 0.00, 0.00, 0.00, 0.00, 0.00, 0.00, 0.00, 49.60, 1.00, 35.45, 1.00, 0.00, 0.00, 30.76, 1.00, 0.00, 0.00, 78.41, 1.00, 2.98, 35.77, 30.54, 74.64, 30.50, 88.61, 21.89, 83.07, 21.77, 69.28, 33.06, 32.16, -999
24/12/16 07, 3.53, 5.50, 4.30, 3.72, 2.19, 5.39, 3.26, 91.66, 1.00, 91.68, 1.00, 0.00, 0.00, 0.00, 0.00, 0.00, 0.00, 0.00, 0.00, 0.00, 0.00, 35.61, 1.00, 0.00, 0.00, 31.11, 1.00, 0.00, 0.00, 0.00, 0.00, 2.98, 37.43, 30.50, 74.11, 30.50, 66.46, 22.80, 83.71, 22.68, 69.04, 40.75, 31.69, -999
24/12/16 08, 3.78, 5.37, 4.02, 3.02, 2.78, 5.50, 3.80, 91.34, 1.00, 91.36, 1.00, 0.00, 0.00, 0.00, 0.00, 0.00, 0.00, 0.00, 0.00, 49.99, 1.00, 35.95, 1.00, 0.00, 0.00, 30.24, 1.00, 0.00, 0.00, 0.00, 0.00, 2.98, 37.60, 28.38, 72.03, 28.34, 85.70, 23.20, 83.50, 23.09, 72.32, 41.00, 29.76, -999
24/12/16 09, 4.02, 4.84, 3.65, 3.29, 3.26, 5.50, 4.40, 91.90, 1.00, 91.92, 1.00, 0.00, 0.00, 0.00, 0.00, 0.00, 0.00, 0.00, 0.00, 49.82, 1.00, 35.72, 1.00, 0.00, 0.00, 30.82, 1.00, 0.00, 0.00, 0.00, 0.00, 2.98, 37.30, 27.87, 70.29, 27.82, 85.51, 22.93, 83.65, 22.82, 70.15, 40.75, 29.24, -999
24/12/16 10, 4.21, 4.31, 3.23, 3.49, 3.72, 5.50, 4.46, 92.08, 1.00, 92.09, 1.00, 0.00, 0.00, 0.00, 0.00, 0.00, 0.00, 0.00, 0.00, 49.94, 1.00, 35.98, 1.00, 0.00, 0.00, 30.87, 1.00, 0.00, 0.00, 0.00, 0.00, 2.98, 37.21, 27.33, 69.09, 27.29, 84.74, 22.85, 83.10, 22.74, 69.87, 40.71, 28.70, -999
24/12/16 11, 4.41, 3.69, 3.00, 3.45, 3.90, 5.50, 4.47, 89.29, 1.00, 89.30, 1.00, 0.00, 0.00, 34.07, 1.00, 0.00, 0.00, 0.00, 0.00, 48.27, 1.00, 0.00, 0.00, 0.00, 0.00, 32.06, 1.00, 0.00, 0.00, 0.00, 0.00, 2.98, 38.67, 23.58, 87.26, 23.65, 84.27, 31.45, 63.17, 31.33, 74.40, 42.71, 25.34, -999
24/12/16 12, 4.62, 2.82, 3.45, 3.52, 3.19, 5.33, 3.97, 111.29, 1.00, 0.00, 0.00, 0.00, 0.00, 33.99, 1.00, 0.00, 0.00, 0.00, 0.00, 48.05, 1.00, 0.00, 0.00, 0.00, 0.00, 0.00, 0.00, 0.00, 0.00, 0.00, 0.00, 2.99, 26.73, 22.75, 86.54, 22.81, 83.85, 32.59, 62.16, 32.59, 55.71, 39.40, 24.50, -999
24/12/16 13, 4.77, 1.95, 3.87, 3.50, 2.44, 5.04, 2.45, 111.54, 1.00, 0.00, 0.00, 0.00, 0.00, 33.00, 1.00, 0.00, 0.00, 0.00, 0.00, 47.59, 1.00, 0.00, 0.00, 0.00, 0.00, 33.31, 1.00, 0.00, 0.00, 0.00, 0.00, 2.99, 26.59, 22.05, 87.47, 22.11, 83.98, 29.53, 61.76, 29.40, 67.94, 39.15, 23.78, -999
24/12/16 14, 4.82, 1.10, 4.31, 3.58, 1.74, 5.22, 2.47, 111.08, 1.00, 0.00, 0.00, 0.00, 0.00, 32.51, 1.00, 0.00, 0.00, 0.00, 0.00, 46.98, 1.00, 0.00, 0.00, 0.00, 0.00, 32.87, 1.00, 0.00, 0.00, 0.00, 0.00, 2.99, 26.85, 21.32, 87.52, 21.38, 84.34, 29.78, 61.11, 29.66, 69.79, 39.37, 23.04, -999
24/12/16 15, 4.71, 0.55, 4.74, 3.79, 1.62, 5.49, 2.95, 117.37, 1.00, 0.00, 0.00, 0.00, 0.00, 33.41, 1.00, 0.00, 0.00, 0.00, 0.00, 48.41, 1.00, 35.26, 1.00, 0.00, 0.00, 30.51, 1.00, 0.00, 0.00, 96.46, 1.00, 2.99, 23.27, 25.17, 89.94, 25.23, 85.61, 20.17, 81.70, 20.06, 68.41, 28.18, 27.28, -999
24/12/16 16, 4.23, 0.69, 5.23, 4.06, 2.09, 5.50, 3.51, 118.24, 1.00, 0.00, 0.00, 0.00, 0.00, 34.63, 1.00, 0.00, 0.00, 0.00, 0.00, 48.49, 1.00, 35.14, 1.00, 0.00, 0.00, 29.56, 1.00, 0.00, 0.00, 92.16, 1.00, 2.99, 22.76, 25.19, 87.92, 25.26, 85.48, 19.85, 81.58, 19.74, 71.14, 28.19, 27.29, -999
24/12/16 17, 3.76, 1.01, 5.00, 4.25, 2.51, 5.50, 4.02, 118.08, 1.00, 0.00, 0.00, 0.00, 0.00, 0.00, 0.00, 0.00, 0.00, 0.00, 0.00, 49.18, 1.00, 35.18, 1.00, 0.00, 0.00, 29.45, 1.00, 0.00, 0.00, 83.90, 1.00, 2.99, 22.86, 26.74, 73.70, 26.70, 85.62, 19.90, 81.56, 19.79, 71.53, 29.29, 28.39, -999
24/12/16 18, 3.31, 1.36, 4.66, 4.35, 2.87, 5.50, 4.52, 118.68, 1.00, 0.00, 0.00, 0.00, 0.00, 0.00, 0.00, 0.00, 0.00, 0.00, 0.00, 48.71, 1.00, 34.32, 1.00, 0.00, 0.00, 29.41, 1.00, 0.00, 0.00, 79.41, 1.00, 2.99, 22.51, 26.91, 71.72, 26.88, 86.67, 19.70, 82.83, 19.60, 71.47, 29.43, 28.53, -999
24/12/16 19, 2.94, 1.87, 4.26, 3.85, 3.43, 5.39, 4.25, 116.98, 1.00, 0.00, 0.00, 0.00, 0.00, 0.00, 0.00, 0.00, 0.00, 0.00, 0.00, 0.00, 0.00, 37.06, 1.00, 0.00, 0.00, 0.00, 0.00, 0.00, 0.00, 65.16, 1.00, 2.99, 23.49, 29.81, 71.11, 29.81, 61.98, 26.10, 84.33, 26.10, 55.89, 32.07, 31.17, -999
24/12/16 20, 2.65, 2.37, 3.85, 3.04, 3.82, 4.94, 2.19, 120.08, 1.00, 0.00, 0.00, 0.00, 0.00, 0.00, 0.00, 0.00, 0.00, 0.00, 0.00, 50.30, 1.00, 34.27, 1.00, 0.00, 0.00, 30.71, 1.00, 0.00, 0.00, 67.23, 1.00, 2.99, 21.70, 27.42, 70.03, 27.38, 84.14, 18.45, 81.67, 18.34, 66.04, 29.88, 28.98, -999
24/12/16 21, 2.24, 2.56, 3.42, 2.92, 3.69, 5.02, 1.97, 119.12, 1.00, 0.00, 0.00, 0.00, 0.00, 0.00, 0.00, 0.00, 0.00, 0.00, 0.00, 50.78, 1.00, 0.00, 0.00, 0.00, 0.00, 32.47, 1.00, 0.00, 0.00, 70.89, 1.00, 2.99, 22.25, 27.71, 68.60, 27.66, 83.46, 25.40, 60.85, 25.28, 66.89, 30.19, 29.29, -999
24/12/16 22, 1.91, 2.76, 2.95, 2.49, 2.70, 5.14, 1.87, 120.71, 1.00, 0.00, 0.00, 0.00, 0.00, 36.84, 1.00, 0.00, 0.00, 0.00, 0.00, 50.69, 1.00, 0.00, 0.00, 0.00, 0.00, 32.43, 1.00, 0.00, 0.00, 66.71, 1.00, 2.99, 21.33, 26.77, 85.63, 26.84, 82.82, 24.46, 59.56, 24.34, 66.08, 29.68, 28.78, -999
24/12/16 23, 1.52, 2.52, 3.33, 2.03, 1.69, 5.10, 1.39, 120.02, 1.00, 0.00, 0.00, 0.00, 0.00, 35.98, 1.00, 0.00, 0.00, 36.94, 1.00, 36.92, 1.00, 0.00, 0.00, 0.00, 0.00, 32.42, 1.00, 0.00, 0.00, 76.14, 1.00, 2.99, 21.74, 25.75, 86.15, 25.78, 103.63, 24.77, 59.01, 24.65, 66.42, 28.98, 28.08, -999
25/12/16 00, 1.10, 2.12, 3.73, 2.73, 1.58, 5.13, 1.19, 120.33, 1.00, 0.00, 0.00, 0.00, 0.00, 34.19, 1.00, 0.00, 0.00, 34.84, 1.00, 34.81, 1.00, 34.70, 1.00, 0.00, 0.00, 30.23, 1.00, 0.00, 0.00, 74.17, 1.00, 2.99, 21.55, 25.62, 89.08, 25.64, 105.91, 18.16, 80.65, 18.06, 67.32, 28.75, 27.85, -999
